gyrox1,gyroy1,gyroz1,accelx1,accely1,accelz1,Time
0.8396946564885496,0.8549618320610687,-1.5877862595419847,-0.365234375,0.08740234375,-0.403564453125,0.0
0.7480916030534351,0.8702290076335878,-1.5419847328244274,-0.366455078125,0.09033203125,-0.404541015625,0.0017
0.6259541984732825,0.7633587786259542,-1.5725190839694656,-0.364013671875,0.087646484375,-0.40234375,0.0034
0.7022900763358778,0.8702290076335878,-1.5419847328244274,-0.36767578125,0.08447265625,-0.402587890625,0.0050999999999999995
0.6259541984732825,0.8396946564885496,-1.4198473282442747,-0.37109375,0.088623046875,-0.398193359375,0.0068
0.6259541984732825,0.916030534351145,-1.3740458015267176,-0.3681640625,0.086181640625,-0.408935546875,0.008499999999999999
0.7175572519083969,0.8854961832061069,-1.6793893129770991,-0.3701171875,0.09033203125,-0.401123046875,0.010199999999999999
0.732824427480916,1.0534351145038168,-1.5877862595419847,-0.365234375,0.09228515625,-0.40576171875,0.011899999999999999
0.7938931297709924,1.0076335877862594,-1.6946564885496183,-0.3701171875,0.0849609375,-0.40380859375,0.0136
0.732824427480916,1.1755725190839694,-1.5877862595419847,-0.3671875,0.08642578125,-0.404296875,0.0153
0.9770992366412213,1.2213740458015268,-1.8015267175572518,-0.366943359375,0.086181640625,-0.40771484375,0.016999999999999998
0.8702290076335878,1.2213740458015268,-1.6641221374045803,-0.37158203125,0.08740234375,-0.40576171875,0.018699999999999998
1.0534351145038168,1.3740458015267176,-1.6793893129770991,-0.364501953125,0.093017578125,-0.399169921875,0.020399999999999998
0.8854961832061069,1.3587786259541985,-1.8778625954198473,-0.366943359375,0.09033203125,-0.39794921875,0.022099999999999998
1.0381679389312977,1.282442748091603,-1.984732824427481,-0.36279296875,0.085693359375,-0.392822265625,0.023799999999999998
1.1297709923664123,1.3129770992366412,-2.030534351145038,-0.369140625,0.086181640625,-0.404541015625,0.0255
1.2671755725190839,1.3893129770992367,-2.0763358778625953,-0.3671875,0.083251953125,-0.3974609375,0.0272
1.465648854961832,1.2671755725190839,-1.984732824427481,-0.360107421875,0.090576171875,-0.402587890625,0.0289
1.5419847328244274,1.1908396946564885,-2.1374045801526718,-0.360107421875,0.08447265625,-0.398681640625,0.0306
1.633587786259542,1.3129770992366412,-2.198473282442748,-0.361328125,0.085693359375,-0.40625,0.032299999999999995
1.5267175572519085,1.282442748091603,-2.351145038167939,-0.358642578125,0.083984375,-0.400146484375,0.033999999999999996
1.6946564885496183,1.1908396946564885,-2.2748091603053435,-0.3642578125,0.085205078125,-0.4033203125,0.035699999999999996
1.5572519083969465,1.0076335877862594,-2.198473282442748,-0.35986328125,0.086669921875,-0.396484375,0.037399999999999996
1.5419847328244274,1.1145038167938932,-2.2442748091603053,-0.358642578125,0.086669921875,-0.400634765625,0.039099999999999996
1.6946564885496183,1.0687022900763359,-2.351145038167939,-0.361328125,0.080810546875,-0.40185546875,0.040799999999999996
1.9236641221374047,0.9923664122137404,-2.183206106870229,-0.364013671875,0.07958984375,-0.395263671875,0.042499999999999996
1.8778625954198473,0.8091603053435115,-2.122137404580153,-0.3583984375,0.0830078125,-0.3974609375,0.044199999999999996
1.6030534351145038,0.9465648854961832,-1.9236641221374047,-0.3662109375,0.08447265625,-0.403076171875,0.045899999999999996
1.6488549618320612,0.8549618320610687,-2.0916030534351147,-0.36181640625,0.0927734375,-0.403564453125,0.047599999999999996
1.816793893129771,0.8396946564885496,-1.984732824427481,-0.36181640625,0.080810546875,-0.39404296875,0.0493
1.6793893129770991,0.8702290076335878,-2.015267175572519,-0.364990234375,0.08154296875,-0.399169921875,0.051
1.816793893129771,0.9465648854961832,-1.8473282442748091,-0.366943359375,0.079833984375,-0.39599609375,0.0527
1.5877862595419847,1.0076335877862594,-1.9541984732824427,-0.3662109375,0.080810546875,-0.3974609375,0.0544
1.7709923664122138,0.9312977099236641,-1.6641221374045803,-0.35791015625,0.08251953125,-0.400390625,0.0561
1.5419847328244274,0.8549618320610687,-1.7251908396946565,-0.362060546875,0.08251953125,-0.40380859375,0.0578
1.450381679389313,0.7786259541984732,-1.5267175572519085,-0.365966796875,0.084228515625,-0.4052734375,0.0595
1.6641221374045803,0.8549618320610687,-1.816793893129771,-0.365966796875,0.080810546875,-0.40234375,0.0612
1.633587786259542,0.8396946564885496,-1.633587786259542,-0.361083984375,0.07958984375,-0.40185546875,0.0629
1.3740458015267176,0.9770992366412213,-1.6030534351145038,-0.361572265625,0.081787109375,-0.409423828125,0.06459999999999999
1.3587786259541985,0.8244274809160306,-1.2213740458015268,-0.362548828125,0.078857421875,-0.404296875,0.0663
1.282442748091603,0.6106870229007634,-1.297709923664122,-0.36328125,0.08154296875,-0.405029296875,0.06799999999999999
1.4351145038167938,0.5648854961832062,-1.1908396946564885,-0.3662109375,0.0830078125,-0.398193359375,0.0697
1.1755725190839694,0.5648854961832062,-1.083969465648855,-0.365234375,0.080810546875,-0.40087890625,0.07139999999999999
1.2061068702290076,0.7022900763358778,-1.083969465648855,-0.365234375,0.082763671875,-0.39794921875,0.0731
1.1755725190839694,0.6106870229007634,-1.0687022900763359,-0.3720703125,0.0791015625,-0.40625,0.07479999999999999
1.0687022900763359,0.5648854961832062,-0.9923664122137404,-0.3642578125,0.078125,-0.4033203125,0.0765
1.2213740458015268,0.48854961832061067,-0.9923664122137404,-0.36328125,0.082763671875,-0.402587890625,0.07819999999999999
1.0076335877862594,0.4732824427480916,-0.9312977099236641,-0.36328125,0.079345703125,-0.39892578125,0.0799
1.0381679389312977,0.4580152671755725,-0.9465648854961832,-0.365478515625,0.08544921875,-0.40380859375,0.08159999999999999
1.0229007633587786,0.3969465648854962,-1.0076335877862594,-0.367919921875,0.080810546875,-0.4013671875,0.0833
1.1755725190839694,0.48854961832061067,-0.9312977099236641,-0.363037109375,0.0830078125,-0.399658203125,0.08499999999999999
1.2061068702290076,0.2595419847328244,-0.7480916030534351,-0.36328125,0.081787109375,-0.4052734375,0.0867
1.0076335877862594,0.3053435114503817,-0.7633587786259542,-0.361572265625,0.080810546875,-0.40966796875,0.08839999999999999
1.0076335877862594,0.32061068702290074,-0.6259541984732825,-0.366943359375,0.08154296875,-0.402099609375,0.0901
0.9618320610687023,0.48854961832061067,-0.9618320610687023,-0.365478515625,0.084716796875,-0.404541015625,0.09179999999999999
1.083969465648855,0.5801526717557252,-0.7786259541984732,-0.36376953125,0.079833984375,-0.397216796875,0.0935
1.2671755725190839,0.5343511450381679,-0.8244274809160306,-0.363037109375,0.08251953125,-0.3974609375,0.09519999999999999
1.3129770992366412,0.5954198473282443,-0.8396946564885496,-0.362060546875,0.078857421875,-0.398681640625,0.0969
0.9618320610687023,0.549618320610687,-1.0534351145038168,-0.36181640625,0.078369140625,-0.40478515625,0.0986
1.083969465648855,0.4580152671755725,-0.8854961832061069,-0.364501953125,0.08056640625,-0.408203125,0.1003
0.8702290076335878,0.3511450381679389,-0.8702290076335878,-0.35986328125,0.080078125,-0.4033203125,0.102
0.9312977099236641,0.2748091603053435,-0.8549618320610687,-0.36328125,0.076904296875,-0.3955078125,0.1037
1.1450381679389312,0.183206106870229,-1.1145038167938932,-0.357177734375,0.078857421875,-0.404541015625,0.1054
1.1297709923664123,0.10687022900763359,-0.7938931297709924,-0.362548828125,0.081298828125,-0.400146484375,0.1071
1.2213740458015268,0.0916030534351145,-0.916030534351145,-0.366943359375,0.08349609375,-0.397705078125,0.1088
0.9312977099236641,0.0916030534351145,-0.9465648854961832,-0.36083984375,0.0849609375,-0.412109375,0.11049999999999999
1.0076335877862594,0.0916030534351145,-0.916030534351145,-0.359619140625,0.084228515625,-0.400146484375,0.1122
1.0534351145038168,0.22900763358778625,-1.1145038167938932,-0.361328125,0.083984375,-0.40087890625,0.11389999999999999
1.0381679389312977,0.2595419847328244,-1.2061068702290076,-0.360595703125,0.08056640625,-0.404296875,0.1156
1.1450381679389312,0.2748091603053435,-1.0381679389312977,-0.36181640625,0.07568359375,-0.405517578125,0.11729999999999999
0.916030534351145,0.3511450381679389,-1.1297709923664123,-0.367919921875,0.078369140625,-0.4013671875,0.119
1.0076335877862594,0.183206106870229,-1.1755725190839694,-0.361572265625,0.080810546875,-0.38916015625,0.12069999999999999
0.9312977099236641,0.0916030534351145,-1.297709923664122,-0.3642578125,0.082763671875,-0.3896484375,0.1224
1.2061068702290076,0.0,-1.1450381679389312,-0.3603515625,0.080078125,-0.400146484375,0.12409999999999999
0.9312977099236641,0.0916030534351145,-1.0229007633587786,-0.362548828125,0.08056640625,-0.404541015625,0.1258
0.7938931297709924,0.1984732824427481,-0.916030534351145,-0.36328125,0.084228515625,-0.404541015625,0.1275
0.7633587786259542,0.3969465648854962,-1.0229007633587786,-0.365966796875,0.079345703125,-0.39892578125,0.12919999999999998
0.8702290076335878,0.3816793893129771,-0.9618320610687023,-0.36376953125,0.077392578125,-0.40576171875,0.1309
0.8244274809160306,0.44274809160305345,-1.0229007633587786,-0.365966796875,0.083740234375,-0.401123046875,0.1326
0.6717557251908397,0.48854961832061067,-0.916030534351145,-0.365478515625,0.076904296875,-0.4013671875,0.1343
0.549618320610687,0.5038167938931297,-0.9007633587786259,-0.367919921875,0.082275390625,-0.406982421875,0.13599999999999998
0.5954198473282443,0.6412213740458015,-1.083969465648855,-0.364013671875,0.083984375,-0.3984375,0.1377
0.5648854961832062,0.5648854961832062,-1.1297709923664123,-0.364990234375,0.08349609375,-0.40673828125,0.1394
0.33587786259541985,0.7938931297709924,-1.083969465648855,-0.36865234375,0.083251953125,-0.40283203125,0.1411
0.44274809160305345,0.9007633587786259,-1.0229007633587786,-0.37158203125,0.07861328125,-0.401123046875,0.14279999999999998
0.4580152671755725,0.8702290076335878,-0.7938931297709924,-0.3720703125,0.07861328125,-0.393310546875,0.1445
0.2748091603053435,1.0076335877862594,-0.9618320610687023,-0.368408203125,0.0810546875,-0.396484375,0.1462
0.3969465648854962,1.2213740458015268,-1.1297709923664123,-0.366943359375,0.08154296875,-0.40771484375,0.1479
0.16793893129770993,1.3435114503816794,-0.9618320610687023,-0.366455078125,0.0849609375,-0.406005859375,0.14959999999999998
0.21374045801526717,1.3740458015267176,-1.0076335877862594,-0.363525390625,0.08349609375,-0.405029296875,0.1513
0.32061068702290074,1.3587786259541985,-1.1755725190839694,-0.365966796875,0.079833984375,-0.40576171875,0.153
0.183206106870229,1.4351145038167938,-1.0687022900763359,-0.364501953125,0.083740234375,-0.40478515625,0.1547
0.13740458015267176,1.6030534351145038,-1.0076335877862594,-0.364013671875,0.085693359375,-0.396240234375,0.15639999999999998
-0.015267175572519083,1.6641221374045803,-0.9312977099236641,-0.369873046875,0.080322265625,-0.404052734375,0.1581
0.22900763358778625,1.5877862595419847,-1.1755725190839694,-0.36181640625,0.0849609375,-0.40283203125,0.1598
0.0916030534351145,1.5572519083969465,-1.1603053435114503,-0.36376953125,0.086181640625,-0.4052734375,0.1615
0.13740458015267176,1.3587786259541985,-1.0229007633587786,-0.369140625,0.0830078125,-0.3955078125,0.16319999999999998
0.030534351145038167,1.5267175572519085,-1.1297709923664123,-0.366943359375,0.076904296875,-0.396484375,0.1649
0.030534351145038167,1.6793893129770991,-1.2061068702290076,-0.364990234375,0.073974609375,-0.3974609375,0.1666
0.015267175572519083,1.618320610687023,-1.297709923664122,-0.367919921875,0.079345703125,-0.40087890625,0.16829999999999998
-0.22900763358778625,1.5877862595419847,-1.1145038167938932,-0.36474609375,0.080810546875,-0.411376953125,0.16999999999999998
-0.13740458015267176,1.6641221374045803,-1.3435114503816794,-0.36474609375,0.079345703125,-0.402099609375,0.1717
-0.015267175572519083,1.7251908396946565,-0.9923664122137404,-0.364013671875,0.08642578125,-0.3984375,0.1734
-0.16793893129770993,1.7709923664122138,-1.3435114503816794,-0.365234375,0.084228515625,-0.3984375,0.17509999999999998
-0.32061068702290074,1.6641221374045803,-1.4961832061068703,-0.3662109375,0.08349609375,-0.405029296875,0.17679999999999998
-0.32061068702290074,1.8015267175572518,-1.2671755725190839,-0.365234375,0.0859375,-0.408447265625,0.1785
-0.2900763358778626,1.786259541984733,-1.2061068702290076,-0.36767578125,0.082275390625,-0.405029296875,0.1802
-0.22900763358778625,1.6030534351145038,-1.450381679389313,-0.36083984375,0.088134765625,-0.406494140625,0.18189999999999998
-0.42748091603053434,1.6641221374045803,-1.3282442748091603,-0.36669921875,0.089111328125,-0.403564453125,0.18359999999999999
-0.12213740458015267,1.633587786259542,-1.4045801526717556,-0.3662109375,0.084716796875,-0.3984375,0.1853
-0.1984732824427481,1.6793893129770991,-1.2061068702290076,-0.362548828125,0.082763671875,-0.395751953125,0.187
-0.2900763358778626,1.5725190839694656,-1.4351145038167938,-0.364501953125,0.085205078125,-0.400146484375,0.18869999999999998
-0.04580152671755725,1.8015267175572518,-1.2671755725190839,-0.365478515625,0.086181640625,-0.40771484375,0.19039999999999999
-0.21374045801526717,1.786259541984733,-1.5877862595419847,-0.364501953125,0.085693359375,-0.39013671875,0.1921
-0.10687022900763359,1.786259541984733,-1.5114503816793894,-0.36328125,0.08349609375,-0.405029296875,0.1938
-0.12213740458015267,1.8778625954198473,-1.618320610687023,-0.364013671875,0.080810546875,-0.398193359375,0.19549999999999998
-0.07633587786259542,1.8625954198473282,-1.251908396946565,-0.363037109375,0.0830078125,-0.398193359375,0.1972
-0.32061068702290074,1.8625954198473282,-1.633587786259542,-0.369384765625,0.084228515625,-0.404052734375,0.1989
-0.10687022900763359,1.816793893129771,-1.5267175572519085,-0.36474609375,0.0869140625,-0.4033203125,0.2006
0.030534351145038167,1.6946564885496183,-1.618320610687023,-0.364013671875,0.083740234375,-0.401611328125,0.20229999999999998
-0.0916030534351145,1.6030534351145038,-1.5114503816793894,-0.3671875,0.08349609375,-0.399658203125,0.204
-0.030534351145038167,1.450381679389313,-1.6793893129770991,-0.36279296875,0.08935546875,-0.397216796875,0.2057
-0.015267175572519083,1.3740458015267176,-1.3282442748091603,-0.36474609375,0.089599609375,-0.403076171875,0.2074
0.030534351145038167,1.4198473282442747,-1.3587786259541985,-0.361572265625,0.087158203125,-0.3984375,0.20909999999999998
0.33587786259541985,1.3587786259541985,-1.297709923664122,-0.36669921875,0.08740234375,-0.3974609375,0.2108
-0.015267175572519083,1.4198473282442747,-1.5725190839694656,-0.365478515625,0.08349609375,-0.397705078125,0.2125
0.183206106870229,1.450381679389313,-1.5267175572519085,-0.365966796875,0.08642578125,-0.4091796875,0.2142
0.10687022900763359,1.4961832061068703,-1.4809160305343512,-0.368896484375,0.087158203125,-0.40185546875,0.21589999999999998
0.33587786259541985,1.5725190839694656,-1.450381679389313,-0.366943359375,0.090576171875,-0.40771484375,0.2176
0.3053435114503817,1.7709923664122138,-1.4198473282442747,-0.362060546875,0.08349609375,-0.40087890625,0.2193
0.16793893129770993,1.633587786259542,-1.2061068702290076,-0.3642578125,0.079345703125,-0.3935546875,0.22099999999999997
0.22900763358778625,1.633587786259542,-1.5725190839694656,-0.36328125,0.083251953125,-0.394775390625,0.22269999999999998
0.44274809160305345,1.633587786259542,-1.251908396946565,-0.364013671875,0.078369140625,-0.398681640625,0.2244
0.2748091603053435,1.816793893129771,-1.1908396946564885,-0.3623046875,0.083984375,-0.400390625,0.2261
0.366412213740458,1.786259541984733,-1.0381679389312977,-0.365966796875,0.08203125,-0.399169921875,0.22779999999999997
0.1984732824427481,1.7709923664122138,-1.2213740458015268,-0.372314453125,0.081298828125,-0.4013671875,0.22949999999999998
0.4122137404580153,1.9694656488549618,-1.2061068702290076,-0.366455078125,0.079833984375,-0.39453125,0.2312
0.42748091603053434,1.8473282442748091,-1.2061068702290076,-0.36669921875,0.087890625,-0.39697265625,0.2329
0.5801526717557252,1.6030534351145038,-0.9770992366412213,-0.363525390625,0.0859375,-0.392822265625,0.23459999999999998
0.4580152671755725,1.8015267175572518,-1.2366412213740459,-0.362548828125,0.087890625,-0.39697265625,0.23629999999999998
0.48854961832061067,1.7404580152671756,-1.2671755725190839,-0.363037109375,0.08935546875,-0.410888671875,0.238
0.6564885496183206,1.5419847328244274,-1.297709923664122,-0.356689453125,0.08837890625,-0.39892578125,0.2397
0.7480916030534351,1.6641221374045803,-1.2213740458015268,-0.367431640625,0.08837890625,-0.3994140625,0.24139999999999998
0.549618320610687,1.6946564885496183,-1.3740458015267176,-0.360595703125,0.08447265625,-0.404052734375,0.24309999999999998
0.732824427480916,1.5572519083969465,-1.282442748091603,-0.3623046875,0.084716796875,-0.39404296875,0.2448
0.9465648854961832,1.633587786259542,-1.2061068702290076,-0.36572265625,0.085693359375,-0.3955078125,0.2465
1.0229007633587786,1.465648854961832,-1.1297709923664123,-0.360107421875,0.084228515625,-0.40087890625,0.24819999999999998
0.9312977099236641,1.4045801526717556,-1.4198473282442747,-0.35888671875,0.0869140625,-0.396240234375,0.24989999999999998
1.1603053435114503,1.4045801526717556,-1.2061068702290076,-0.3603515625,0.0859375,-0.399658203125,0.2516
1.2366412213740459,1.5419847328244274,-1.4351145038167938,-0.362060546875,0.084716796875,-0.39697265625,0.25329999999999997
1.1450381679389312,1.5114503816793894,-1.2671755725190839,-0.3583984375,0.08984375,-0.39404296875,0.255
1.099236641221374,1.3129770992366412,-1.465648854961832,-0.35888671875,0.09326171875,-0.40283203125,0.2567
1.3282442748091603,1.3740458015267176,-1.297709923664122,-0.361328125,0.0869140625,-0.39892578125,0.25839999999999996
1.3740458015267176,1.3587786259541985,-1.3129770992366412,-0.365234375,0.086181640625,-0.397705078125,0.2601
1.5572519083969465,1.5572519083969465,-1.1908396946564885,-0.360595703125,0.080078125,-0.395751953125,0.2618
1.6488549618320612,1.4045801526717556,-1.4809160305343512,-0.359130859375,0.089599609375,-0.406494140625,0.2635
1.5114503816793894,1.0687022900763359,-1.083969465648855,-0.36328125,0.086181640625,-0.410888671875,0.2652
1.618320610687023,1.2671755725190839,-1.2213740458015268,-0.361083984375,0.086181640625,-0.40576171875,0.26689999999999997
1.816793893129771,1.1755725190839694,-1.1603053435114503,-0.361572265625,0.0849609375,-0.399169921875,0.2686
1.4198473282442747,1.1755725190839694,-1.251908396946565,-0.362060546875,0.088134765625,-0.403564453125,0.2703
1.6030534351145038,1.083969465648855,-1.0076335877862594,-0.363037109375,0.088134765625,-0.408935546875,0.27199999999999996
1.8015267175572518,1.0229007633587786,-1.083969465648855,-0.36669921875,0.083251953125,-0.407470703125,0.2737
1.7404580152671756,0.9923664122137404,-0.8854961832061069,-0.362548828125,0.081787109375,-0.402587890625,0.2754
1.8015267175572518,0.9770992366412213,-0.9007633587786259,-0.363037109375,0.081787109375,-0.393798828125,0.27709999999999996
1.5419847328244274,0.7786259541984732,-0.9770992366412213,-0.365478515625,0.079833984375,-0.400390625,0.2788
1.6488549618320612,0.7786259541984732,-1.1603053435114503,-0.36083984375,0.080322265625,-0.408935546875,0.28049999999999997
1.9083969465648856,0.7633587786259542,-0.9923664122137404,-0.369140625,0.0849609375,-0.404296875,0.2822
1.6946564885496183,0.7786259541984732,-0.9770992366412213,-0.364501953125,0.08642578125,-0.398681640625,0.2839
1.3587786259541985,0.9923664122137404,-0.9465648854961832,-0.365478515625,0.084228515625,-0.405029296875,0.28559999999999997
1.83206106870229,0.6870229007633588,-0.9618320610687023,-0.361083984375,0.085693359375,-0.398193359375,0.2873
1.9083969465648856,0.6412213740458015,-0.8244274809160306,-0.368408203125,0.084716796875,-0.39990234375,0.289
1.5877862595419847,0.6259541984732825,-0.8854961832061069,-0.3642578125,0.089599609375,-0.398193359375,0.29069999999999996
1.6641221374045803,0.7480916030534351,-0.8702290076335878,-0.363037109375,0.08154296875,-0.406005859375,0.2924
1.633587786259542,0.7175572519083969,-0.9007633587786259,-0.361572265625,0.083984375,-0.40380859375,0.2941
1.6030534351145038,0.4122137404580153,-0.9312977099236641,-0.36279296875,0.079833984375,-0.3984375,0.2958
1.7709923664122138,0.6717557251908397,-0.8702290076335878,-0.3642578125,0.08544921875,-0.394287109375,0.2975
1.4351145038167938,0.6106870229007634,-0.7022900763358778,-0.36083984375,0.08935546875,-0.388671875,0.29919999999999997
1.6946564885496183,0.6412213740458015,-0.916030534351145,-0.3681640625,0.0859375,-0.390625,0.3009
1.5725190839694656,0.6564885496183206,-0.6717557251908397,-0.359619140625,0.08544921875,-0.404541015625,0.3026
1.6793893129770991,0.6870229007633588,-0.8244274809160306,-0.36181640625,0.080322265625,-0.406982421875,0.30429999999999996
1.7709923664122138,0.5648854961832062,-0.7633587786259542,-0.36083984375,0.084228515625,-0.39892578125,0.306
1.7557251908396947,0.5190839694656488,-0.7938931297709924,-0.36328125,0.079345703125,-0.39892578125,0.3077
1.7099236641221374,0.5954198473282443,-0.9007633587786259,-0.3642578125,0.0859375,-0.391845703125,0.3094
1.7099236641221374,0.48854961832061067,-0.7480916030534351,-0.35986328125,0.083740234375,-0.408447265625,0.3111
1.4809160305343512,0.5038167938931297,-0.8396946564885496,-0.364501953125,0.081298828125,-0.40673828125,0.31279999999999997
1.6030534351145038,0.5954198473282443,-0.6717557251908397,-0.3642578125,0.088623046875,-0.400390625,0.3145
1.7404580152671756,0.5038167938931297,-0.7938931297709924,-0.364501953125,0.07763671875,-0.3916015625,0.3162
1.6641221374045803,0.549618320610687,-0.7480916030534351,-0.3671875,0.0810546875,-0.40185546875,0.31789999999999996
1.5877862595419847,0.549618320610687,-0.7480916030534351,-0.36865234375,0.080322265625,-0.40576171875,0.3196
1.4809160305343512,0.48854961832061067,-0.8244274809160306,-0.364501953125,0.083251953125,-0.3974609375,0.3213
1.4809160305343512,0.6717557251908397,-0.6870229007633588,-0.3642578125,0.081298828125,-0.408935546875,0.323
1.5572519083969465,0.6106870229007634,-0.7480916030534351,-0.365966796875,0.082275390625,-0.408935546875,0.3247
1.6641221374045803,0.7022900763358778,-0.7633587786259542,-0.361328125,0.083740234375,-0.3974609375,0.32639999999999997
1.618320610687023,0.4732824427480916,-0.8396946564885496,-0.362060546875,0.080810546875,-0.405517578125,0.3281
1.633587786259542,0.48854961832061067,-0.7633587786259542,-0.36328125,0.080078125,-0.4033203125,0.3298
1.4198473282442747,0.7938931297709924,-0.7480916030534351,-0.361083984375,0.082763671875,-0.39501953125,0.33149999999999996
1.3893129770992367,0.6717557251908397,-0.9618320610687023,-0.363525390625,0.085205078125,-0.394287109375,0.3332
1.5725190839694656,0.5801526717557252,-0.8091603053435115,-0.3642578125,0.0859375,-0.40234375,0.3349
1.4351145038167938,0.5954198473282443,-0.8091603053435115,-0.361083984375,0.083984375,-0.4091796875,0.33659999999999995
1.465648854961832,0.5648854961832062,-0.9007633587786259,-0.36083984375,0.0849609375,-0.407958984375,0.3383
1.282442748091603,0.6106870229007634,-0.9312977099236641,-0.363037109375,0.07958984375,-0.406982421875,0.33999999999999997
1.1450381679389312,0.6412213740458015,-1.0381679389312977,-0.36962890625,0.080078125,-0.399658203125,0.3417
1.282442748091603,0.7175572519083969,-1.0381679389312977,-0.36376953125,0.08251953125,-0.40576171875,0.3434
1.2366412213740459,0.549618320610687,-1.0534351145038168,-0.36669921875,0.0810546875,-0.39697265625,0.34509999999999996
1.2213740458015268,0.8396946564885496,-0.9618320610687023,-0.364501953125,0.081787109375,-0.3994140625,0.3468
1.251908396946565,0.8854961832061069,-1.0229007633587786,-0.361328125,0.08203125,-0.39599609375,0.3485
0.9618320610687023,0.916030534351145,-1.282442748091603,-0.366455078125,0.080810546875,-0.402587890625,0.35019999999999996
1.0687022900763359,0.7938931297709924,-1.083969465648855,-0.363037109375,0.081298828125,-0.399658203125,0.3519
1.1908396946564885,0.8549618320610687,-1.1450381679389312,-0.363525390625,0.078857421875,-0.40185546875,0.35359999999999997
1.099236641221374,0.916030534351145,-1.1603053435114503,-0.36767578125,0.08447265625,-0.399169921875,0.3553
1.0534351145038168,0.9770992366412213,-1.1145038167938932,-0.366943359375,0.083740234375,-0.39892578125,0.357
1.083969465648855,0.8396946564885496,-1.0687022900763359,-0.3662109375,0.08447265625,-0.397216796875,0.35869999999999996
0.9312977099236641,1.0687022900763359,-1.4351145038167938,-0.366943359375,0.079833984375,-0.396240234375,0.3604
1.083969465648855,1.0381679389312977,-1.2366412213740459,-0.3642578125,0.084716796875,-0.3994140625,0.3621
0.8854961832061069,0.9770992366412213,-1.2061068702290076,-0.36328125,0.088134765625,-0.396484375,0.36379999999999996
0.8244274809160306,1.0534351145038168,-1.0687022900763359,-0.368896484375,0.080078125,-0.40869140625,0.3655
0.9618320610687023,1.0229007633587786,-1.3587786259541985,-0.36376953125,0.081298828125,-0.401611328125,0.36719999999999997
0.9007633587786259,0.9770992366412213,-1.1450381679389312,-0.36669921875,0.0830078125,-0.396484375,0.3689
0.9312977099236641,1.083969465648855,-1.3129770992366412,-0.364501953125,0.087890625,-0.402099609375,0.3706
0.8396946564885496,1.0687022900763359,-1.1603053435114503,-0.36376953125,0.084716796875,-0.405517578125,0.37229999999999996
0.6106870229007634,0.9007633587786259,-1.251908396946565,-0.36669921875,0.08642578125,-0.408935546875,0.374
0.7175572519083969,1.083969465648855,-1.2061068702290076,-0.365966796875,0.084228515625,-0.398681640625,0.3757
0.7633587786259542,1.099236641221374,-1.465648854961832,-0.36328125,0.08544921875,-0.409423828125,0.37739999999999996
0.7175572519083969,1.0229007633587786,-1.450381679389313,-0.363525390625,0.082275390625,-0.400634765625,0.3791
0.7786259541984732,1.0076335877862594,-1.5572519083969465,-0.362548828125,0.080810546875,-0.394775390625,0.38079999999999997
0.6412213740458015,0.9618320610687023,-1.3893129770992367,-0.361083984375,0.087158203125,-0.4033203125,0.38249999999999995
0.6717557251908397,0.9465648854961832,-1.4045801526717556,-0.36572265625,0.087646484375,-0.40771484375,0.3842
0.6717557251908397,1.0076335877862594,-1.5877862595419847,-0.363037109375,0.080810546875,-0.403076171875,0.38589999999999997
0.5343511450381679,0.9465648854961832,-1.8473282442748091,-0.367431640625,0.083740234375,-0.40185546875,0.3876
0.6564885496183206,0.8244274809160306,-1.3893129770992367,-0.36474609375,0.08203125,-0.400634765625,0.3893
0.7175572519083969,0.9618320610687023,-1.6793893129770991,-0.365478515625,0.083740234375,-0.397216796875,0.39099999999999996
0.44274809160305345,0.9770992366412213,-1.5877862595419847,-0.364990234375,0.082275390625,-0.39794921875,0.3927
0.6412213740458015,0.7786259541984732,-1.7099236641221374,-0.364990234375,0.08935546875,-0.404052734375,0.3944
0.7175572519083969,0.9618320610687023,-1.786259541984733,-0.359619140625,0.08740234375,-0.39697265625,0.39609999999999995
0.732824427480916,0.8854961832061069,-1.786259541984733,-0.365234375,0.0849609375,-0.40380859375,0.3978
0.5038167938931297,0.8091603053435115,-1.6946564885496183,-0.3671875,0.08642578125,-0.3974609375,0.39949999999999997
0.7480916030534351,0.7938931297709924,-1.8931297709923665,-0.3642578125,0.083251953125,-0.404541015625,0.4012
0.732824427480916,0.5801526717557252,-1.7404580152671756,-0.363525390625,0.0859375,-0.405517578125,0.4029
0.6717557251908397,0.7938931297709924,-1.9083969465648856,-0.362060546875,0.08642578125,-0.39697265625,0.40459999999999996
0.7175572519083969,0.7633587786259542,-1.8015267175572518,-0.362548828125,0.085693359375,-0.405029296875,0.4063
0.6717557251908397,0.7175572519083969,-2.0610687022900764,-0.367919921875,0.086669921875,-0.402099609375,0.408
0.42748091603053434,0.7175572519083969,-1.816793893129771,-0.366455078125,0.085693359375,-0.4013671875,0.40969999999999995
0.5038167938931297,0.8396946564885496,-1.8473282442748091,-0.364990234375,0.087890625,-0.404052734375,0.4114
0.732824427480916,0.7786259541984732,-1.7709923664122138,-0.359130859375,0.085205078125,-0.40234375,0.41309999999999997
0.5801526717557252,0.9618320610687023,-2.015267175572519,-0.36376953125,0.087158203125,-0.40478515625,0.4148
0.7175572519083969,0.8396946564885496,-1.8015267175572518,-0.361572265625,0.083740234375,-0.400146484375,0.4165
0.7633587786259542,0.8702290076335878,-2.0,-0.365478515625,0.08837890625,-0.39697265625,0.41819999999999996
0.8396946564885496,0.9465648854961832,-1.9541984732824427,-0.36279296875,0.085693359375,-0.40576171875,0.4199
0.6717557251908397,0.7786259541984732,-1.9236641221374047,-0.36376953125,0.085693359375,-0.396484375,0.4216
0.5954198473282443,0.7633587786259542,-1.8778625954198473,-0.361083984375,0.08203125,-0.402099609375,0.42329999999999995
0.6870229007633588,0.9465648854961832,-1.9389312977099236,-0.364990234375,0.0849609375,-0.40478515625,0.425
0.7786259541984732,0.8702290076335878,-1.8778625954198473,-0.363525390625,0.085205078125,-0.39697265625,0.42669999999999997
0.7938931297709924,0.7633587786259542,-2.0916030534351147,-0.36962890625,0.08154296875,-0.40087890625,0.4284
0.6717557251908397,0.9923664122137404,-1.8625954198473282,-0.37060546875,0.085693359375,-0.40185546875,0.4301
0.8091603053435115,0.8244274809160306,-1.8625954198473282,-0.36279296875,0.0869140625,-0.40087890625,0.43179999999999996
0.8091603053435115,0.7786259541984732,-1.8473282442748091,-0.3662109375,0.08544921875,-0.40185546875,0.4335
0.916030534351145,0.8244274809160306,-2.045801526717557,-0.367431640625,0.082275390625,-0.3994140625,0.4352
0.9618320610687023,0.8702290076335878,-1.8473282442748091,-0.36376953125,0.08203125,-0.40576171875,0.43689999999999996
0.8091603053435115,0.9007633587786259,-1.83206106870229,-0.36083984375,0.0869140625,-0.39208984375,0.4386
1.1145038167938932,0.8396946564885496,-1.7709923664122138,-0.364013671875,0.07666015625,-0.40380859375,0.44029999999999997
0.8396946564885496,0.7786259541984732,-1.9083969465648856,-0.365966796875,0.080810546875,-0.400390625,0.44199999999999995
0.8396946564885496,0.7175572519083969,-1.7404580152671756,-0.365478515625,0.0869140625,-0.399658203125,0.4437
1.0076335877862594,0.732824427480916,-1.8015267175572518,-0.360107421875,0.090087890625,-0.399658203125,0.44539999999999996
1.0229007633587786,0.8702290076335878,-1.7709923664122138,-0.36572265625,0.086181640625,-0.396484375,0.4471
1.0534351145038168,0.8702290076335878,-1.9236641221374047,-0.36279296875,0.084228515625,-0.396484375,0.4488
1.0534351145038168,0.6412213740458015,-1.6488549618320612,-0.36572265625,0.090576171875,-0.408935546875,0.45049999999999996
1.0687022900763359,0.5801526717557252,-1.786259541984733,-0.36669921875,0.08740234375,-0.40478515625,0.4522
0.9465648854961832,0.7633587786259542,-1.7709923664122138,-0.361083984375,0.08203125,-0.3935546875,0.45389999999999997
1.1450381679389312,0.6259541984732825,-1.8015267175572518,-0.362548828125,0.086181640625,-0.408203125,0.45559999999999995
1.297709923664122,0.7480916030534351,-1.5572519083969465,-0.364990234375,0.086181640625,-0.41015625,0.4573
1.099236641221374,0.5038167938931297,-1.6946564885496183,-0.36572265625,0.08447265625,-0.404296875,0.45899999999999996
1.1908396946564885,0.6106870229007634,-1.6488549618320612,-0.365478515625,0.087890625,-0.401123046875,0.4607
1.2213740458015268,0.5954198473282443,-1.6030534351145038,-0.362060546875,0.088623046875,-0.3984375,0.4624
1.2061068702290076,0.4580152671755725,-1.6641221374045803,-0.36474609375,0.084228515625,-0.399658203125,0.46409999999999996
1.1908396946564885,0.44274809160305345,-1.6641221374045803,-0.365478515625,0.084716796875,-0.399658203125,0.4658
1.2366412213740459,0.5648854961832062,-1.3587786259541985,-0.36376953125,0.08349609375,-0.39794921875,0.46749999999999997
1.282442748091603,0.3969465648854962,-1.3435114503816794,-0.37109375,0.089111328125,-0.39599609375,0.46919999999999995
1.5267175572519085,0.4732824427480916,-1.4045801526717556,-0.3662109375,0.08740234375,-0.4013671875,0.4709
1.465648854961832,0.48854961832061067,-1.3282442748091603,-0.359130859375,0.0859375,-0.399658203125,0.47259999999999996
1.3740458015267176,0.5648854961832062,-1.4045801526717556,-0.35693359375,0.085693359375,-0.401123046875,0.4743
1.3893129770992367,0.4580152671755725,-1.2671755725190839,-0.359130859375,0.08447265625,-0.4013671875,0.476
1.6641221374045803,0.48854961832061067,-1.282442748091603,-0.364013671875,0.083251953125,-0.400390625,0.47769999999999996
1.3893129770992367,0.5954198473282443,-1.3587786259541985,-0.36181640625,0.080322265625,-0.40185546875,0.4794
1.3435114503816794,0.5038167938931297,-1.2671755725190839,-0.36083984375,0.08349609375,-0.39794921875,0.48109999999999997
1.7099236641221374,0.5648854961832062,-1.251908396946565,-0.366943359375,0.082763671875,-0.396728515625,0.48279999999999995
1.5877862595419847,0.4732824427480916,-1.3587786259541985,-0.364990234375,0.08154296875,-0.39794921875,0.4845
1.6030534351145038,0.3511450381679389,-1.4198473282442747,-0.3671875,0.082763671875,-0.40185546875,0.48619999999999997
1.6946564885496183,0.366412213740458,-1.3129770992366412,-0.36279296875,0.08935546875,-0.4033203125,0.4879
1.7557251908396947,0.44274809160305345,-1.4809160305343512,-0.367919921875,0.0888671875,-0.41015625,0.4896
1.6488549618320612,0.44274809160305345,-1.251908396946565,-0.363037109375,0.081298828125,-0.406494140625,0.49129999999999996
1.7099236641221374,0.15267175572519084,-1.2213740458015268,-0.362060546875,0.088623046875,-0.39697265625,0.493
1.9541984732824427,0.4122137404580153,-1.465648854961832,-0.362060546875,0.08349609375,-0.397705078125,0.4947
1.7404580152671756,0.5190839694656488,-1.3282442748091603,-0.36572265625,0.076416015625,-0.397705078125,0.49639999999999995
1.6641221374045803,0.16793893129770993,-1.3435114503816794,-0.367431640625,0.0888671875,-0.4052734375,0.4981
1.8473282442748091,0.32061068702290074,-1.1908396946564885,-0.368896484375,0.088623046875,-0.40185546875,0.49979999999999997
1.7251908396946565,0.42748091603053434,-1.251908396946565,-0.364013671875,0.08154296875,-0.40380859375,0.5015
1.9694656488549618,0.42748091603053434,-1.3129770992366412,-0.363525390625,0.085693359375,-0.40185546875,0.5032
1.8473282442748091,0.42748091603053434,-1.3129770992366412,-0.359619140625,0.085205078125,-0.400146484375,0.5049
1.9083969465648856,0.42748091603053434,-1.282442748091603,-0.3642578125,0.0830078125,-0.40478515625,0.5065999999999999
1.816793893129771,0.6106870229007634,-1.465648854961832,-0.365478515625,0.08203125,-0.395751953125,0.5083
1.9236641221374047,0.3969465648854962,-1.0534351145038168,-0.365234375,0.082763671875,-0.398193359375,0.51
1.816793893129771,0.44274809160305345,-1.2213740458015268,-0.359130859375,0.08251953125,-0.395751953125,0.5116999999999999
1.9236641221374047,0.4580152671755725,-1.251908396946565,-0.360595703125,0.09130859375,-0.39990234375,0.5134
1.6488549618320612,0.4732824427480916,-1.3129770992366412,-0.362548828125,0.087646484375,-0.400634765625,0.5151
1.83206106870229,0.4732824427480916,-1.2366412213740459,-0.360595703125,0.08203125,-0.406005859375,0.5167999999999999
1.9236641221374047,0.2900763358778626,-1.1145038167938932,-0.3701171875,0.083740234375,-0.401611328125,0.5185
1.8015267175572518,0.5648854961832062,-1.0076335877862594,-0.364013671875,0.090576171875,-0.393798828125,0.5202
1.816793893129771,0.549618320610687,-1.251908396946565,-0.361083984375,0.084228515625,-0.40185546875,0.5218999999999999
1.7709923664122138,0.3969465648854962,-1.1755725190839694,-0.367919921875,0.08056640625,-0.39892578125,0.5236
1.7557251908396947,0.3816793893129771,-1.0534351145038168,-0.3662109375,0.08544921875,-0.394287109375,0.5253
1.9694656488549618,0.3969465648854962,-1.2671755725190839,-0.3662109375,0.082763671875,-0.3994140625,0.527
1.816793893129771,0.1984732824427481,-1.2366412213740459,-0.366455078125,0.08203125,-0.398681640625,0.5287
1.9083969465648856,0.2748091603053435,-1.083969465648855,-0.363037109375,0.080810546875,-0.397216796875,0.5304
1.3587786259541985,0.3816793893129771,-1.1908396946564885,-0.36279296875,0.08447265625,-0.3994140625,0.5321
1.5877862595419847,0.5038167938931297,-1.251908396946565,-0.362060546875,0.085693359375,-0.40576171875,0.5337999999999999
1.633587786259542,0.33587786259541985,-1.3282442748091603,-0.367431640625,0.082275390625,-0.408447265625,0.5355
1.4809160305343512,0.3053435114503817,-1.099236641221374,-0.366455078125,0.07958984375,-0.40673828125,0.5372
1.4809160305343512,0.33587786259541985,-1.0381679389312977,-0.366943359375,0.085205078125,-0.4033203125,0.5388999999999999
1.3893129770992367,0.32061068702290074,-1.3129770992366412,-0.36181640625,0.083251953125,-0.407470703125,0.5406
1.3435114503816794,0.22900763358778625,-1.465648854961832,-0.365234375,0.084228515625,-0.40087890625,0.5423
1.6030534351145038,0.366412213740458,-1.1603053435114503,-0.369384765625,0.08544921875,-0.4052734375,0.5439999999999999
1.3129770992366412,0.22900763358778625,-1.1755725190839694,-0.3671875,0.08544921875,-0.406494140625,0.5457
1.2213740458015268,0.44274809160305345,-1.0381679389312977,-0.36669921875,0.082763671875,-0.393798828125,0.5474
1.282442748091603,0.42748091603053434,-1.0381679389312977,-0.3623046875,0.08935546875,-0.402587890625,0.5490999999999999
1.4045801526717556,0.183206106870229,-1.0229007633587786,-0.365234375,0.08349609375,-0.403564453125,0.5508
1.1297709923664123,0.2900763358778626,-1.1450381679389312,-0.362548828125,0.08447265625,-0.4052734375,0.5525
1.1603053435114503,0.366412213740458,-0.9618320610687023,-0.3642578125,0.08251953125,-0.401611328125,0.5541999999999999
1.2671755725190839,0.5343511450381679,-0.9465648854961832,-0.366943359375,0.08154296875,-0.39697265625,0.5559
1.2671755725190839,0.3969465648854962,-0.9770992366412213,-0.366943359375,0.086669921875,-0.3935546875,0.5576
1.4961832061068703,0.5190839694656488,-1.2671755725190839,-0.36669921875,0.083740234375,-0.3916015625,0.5593
0.9618320610687023,0.6412213740458015,-1.3129770992366412,-0.366455078125,0.0869140625,-0.39697265625,0.5609999999999999
1.0381679389312977,0.5343511450381679,-1.1755725190839694,-0.363525390625,0.0830078125,-0.402587890625,0.5627
1.0381679389312977,0.366412213740458,-1.1145038167938932,-0.361572265625,0.083251953125,-0.401611328125,0.5644
0.9923664122137404,0.3969465648854962,-1.4961832061068703,-0.365966796875,0.08251953125,-0.40576171875,0.5660999999999999
1.1297709923664123,0.4580152671755725,-1.5419847328244274,-0.36474609375,0.085205078125,-0.39599609375,0.5678
1.1603053435114503,0.2748091603053435,-1.5114503816793894,-0.36181640625,0.083740234375,-0.3935546875,0.5695
1.0687022900763359,0.10687022900763359,-1.3587786259541985,-0.3642578125,0.0830078125,-0.396240234375,0.5711999999999999
1.099236641221374,0.33587786259541985,-1.6793893129770991,-0.369384765625,0.08642578125,-0.400390625,0.5729
0.9770992366412213,0.366412213740458,-1.5572519083969465,-0.36181640625,0.079345703125,-0.396728515625,0.5746
1.0687022900763359,0.42748091603053434,-1.7557251908396947,-0.36376953125,0.0810546875,-0.405029296875,0.5762999999999999
1.1755725190839694,0.4580152671755725,-1.5267175572519085,-0.36669921875,0.086181640625,-0.393798828125,0.578
0.9770992366412213,0.5038167938931297,-1.786259541984733,-0.364501953125,0.08349609375,-0.40087890625,0.5797
1.1145038167938932,0.5038167938931297,-1.816793893129771,-0.362548828125,0.0712890625,-0.404296875,0.5813999999999999
0.9618320610687023,0.4732824427480916,-1.8778625954198473,-0.363525390625,0.082763671875,-0.396240234375,0.5831
1.0076335877862594,0.6259541984732825,-1.8473282442748091,-0.365966796875,0.085205078125,-0.4033203125,0.5848
0.9923664122137404,0.3816793893129771,-2.0610687022900764,-0.3623046875,0.086181640625,-0.40380859375,0.5865
0.8854961832061069,0.3511450381679389,-1.816793893129771,-0.358154296875,0.083251953125,-0.404052734375,0.5882
0.6717557251908397,0.3053435114503817,-1.8931297709923665,-0.359375,0.0751953125,-0.407958984375,0.5899
0.7938931297709924,0.183206106870229,-1.8778625954198473,-0.361083984375,0.078369140625,-0.4013671875,0.5916
0.7480916030534351,0.22900763358778625,-2.030534351145038,-0.366943359375,0.090087890625,-0.394287109375,0.5932999999999999
0.5190839694656488,0.0916030534351145,-1.9389312977099236,-0.368408203125,0.088623046875,-0.404541015625,0.595
0.6412213740458015,0.04580152671755725,-2.030534351145038,-0.3662109375,0.086181640625,-0.401611328125,0.5967
0.6564885496183206,0.183206106870229,-2.045801526717557,-0.361328125,0.0849609375,-0.402587890625,0.5983999999999999
0.732824427480916,0.3053435114503817,-2.16793893129771,-0.367919921875,0.081787109375,-0.39794921875,0.6001
0.7022900763358778,0.13740458015267176,-2.2442748091603053,-0.36767578125,0.0810546875,-0.397216796875,0.6018
0.4122137404580153,0.21374045801526717,-2.2748091603053435,-0.3671875,0.088623046875,-0.3974609375,0.6034999999999999
0.4580152671755725,0.5038167938931297,-2.16793893129771,-0.3671875,0.08447265625,-0.400146484375,0.6052
0.6870229007633588,0.4580152671755725,-2.4580152671755724,-0.36962890625,0.083984375,-0.404052734375,0.6069
0.6717557251908397,0.6259541984732825,-2.4122137404580153,-0.367919921875,0.084716796875,-0.399658203125,0.6085999999999999
0.5801526717557252,0.3969465648854962,-2.213740458015267,-0.36181640625,0.089599609375,-0.404541015625,0.6103
0.366412213740458,0.6106870229007634,-2.381679389312977,-0.371337890625,0.08837890625,-0.3984375,0.612
0.6412213740458015,0.7633587786259542,-2.564885496183206,-0.369873046875,0.08984375,-0.40185546875,0.6136999999999999
0.7480916030534351,0.7938931297709924,-2.4427480916030535,-0.36767578125,0.083740234375,-0.40380859375,0.6154
0.7175572519083969,0.732824427480916,-2.519083969465649,-0.36572265625,0.08447265625,-0.406005859375,0.6171
0.7175572519083969,0.7938931297709924,-2.6106870229007635,-0.363525390625,0.0888671875,-0.39208984375,0.6188
0.5954198473282443,0.8549618320610687,-2.6412213740458017,-0.364013671875,0.081787109375,-0.40234375,0.6204999999999999
0.8091603053435115,1.099236641221374,-2.564885496183206,-0.369873046875,0.090576171875,-0.393798828125,0.6222
0.8702290076335878,0.9923664122137404,-2.763358778625954,-0.36376953125,0.087890625,-0.39892578125,0.6239
1.0381679389312977,0.7938931297709924,-2.6412213740458017,-0.36669921875,0.087158203125,-0.400390625,0.6255999999999999
0.9770992366412213,0.9465648854961832,-2.732824427480916,-0.360107421875,0.087158203125,-0.401611328125,0.6273
1.0687022900763359,1.0229007633587786,-2.885496183206107,-0.365966796875,0.084716796875,-0.397216796875,0.629
1.0381679389312977,0.9312977099236641,-2.8396946564885495,-0.365478515625,0.080810546875,-0.395263671875,0.6306999999999999
1.2213740458015268,0.9923664122137404,-2.7938931297709924,-0.360595703125,0.08984375,-0.3984375,0.6324
1.4045801526717556,0.7938931297709924,-2.885496183206107,-0.3662109375,0.077880859375,-0.400146484375,0.6341
1.282442748091603,0.7938931297709924,-2.6717557251908395,-0.36083984375,0.08740234375,-0.396484375,0.6357999999999999
1.282442748091603,0.5190839694656488,-2.8396946564885495,-0.362060546875,0.08349609375,-0.39501953125,0.6375
1.4809160305343512,0.5648854961832062,-2.687022900763359,-0.362060546875,0.085205078125,-0.397216796875,0.6392
1.5572519083969465,0.6564885496183206,-2.6259541984732824,-0.364501953125,0.085693359375,-0.406494140625,0.6408999999999999
1.3893129770992367,0.7480916030534351,-2.6717557251908395,-0.359130859375,0.08544921875,-0.401611328125,0.6426
1.3893129770992367,0.5801526717557252,-2.7022900763358777,-0.365966796875,0.080078125,-0.406982421875,0.6443
1.6641221374045803,0.48854961832061067,-2.3969465648854964,-0.361083984375,0.08642578125,-0.40869140625,0.646
1.7404580152671756,0.42748091603053434,-2.5343511450381677,-0.364990234375,0.0859375,-0.39599609375,0.6476999999999999
1.465648854961832,0.4732824427480916,-2.381679389312977,-0.365234375,0.0859375,-0.401123046875,0.6494
1.7709923664122138,0.5038167938931297,-2.366412213740458,-0.36376953125,0.08251953125,-0.39306640625,0.6511
1.83206106870229,0.5954198473282443,-2.1068702290076335,-0.36328125,0.084228515625,-0.402587890625,0.6527999999999999
1.5572519083969465,0.3053435114503817,-2.045801526717557,-0.368408203125,0.08544921875,-0.395751953125,0.6545
1.4961832061068703,0.5038167938931297,-1.9236641221374047,-0.36279296875,0.08447265625,-0.399658203125,0.6562
1.4961832061068703,0.5038167938931297,-1.9389312977099236,-0.36669921875,0.075927734375,-0.39501953125,0.6578999999999999
1.6030534351145038,0.32061068702290074,-1.8778625954198473,-0.36083984375,0.08349609375,-0.399169921875,0.6596
1.6793893129770991,0.3053435114503817,-1.633587786259542,-0.364501953125,0.08056640625,-0.3955078125,0.6613
1.5419847328244274,0.3969465648854962,-1.7099236641221374,-0.36328125,0.07861328125,-0.39599609375,0.6629999999999999
1.6946564885496183,0.2900763358778626,-1.6641221374045803,-0.36376953125,0.078857421875,-0.39208984375,0.6647
1.6030534351145038,0.2900763358778626,-1.5114503816793894,-0.369384765625,0.08203125,-0.397705078125,0.6664
1.4809160305343512,0.48854961832061067,-1.3435114503816794,-0.365966796875,0.080322265625,-0.400146484375,0.6680999999999999
1.4045801526717556,0.48854961832061067,-1.3282442748091603,-0.3642578125,0.075439453125,-0.401611328125,0.6698
1.251908396946565,0.24427480916030533,-1.2061068702290076,-0.36865234375,0.08056640625,-0.40087890625,0.6715
1.4198473282442747,0.183206106870229,-1.1297709923664123,-0.364501953125,0.080322265625,-0.398681640625,0.6731999999999999
1.1755725190839694,0.15267175572519084,-1.0534351145038168,-0.36279296875,0.078857421875,-0.40185546875,0.6748999999999999
1.3740458015267176,0.2748091603053435,-1.083969465648855,-0.36474609375,0.083740234375,-0.397705078125,0.6766
1.251908396946565,0.015267175572519083,-0.8549618320610687,-0.368408203125,0.07958984375,-0.40185546875,0.6783
1.282442748091603,0.04580152671755725,-0.8091603053435115,-0.369384765625,0.0830078125,-0.40283203125,0.6799999999999999
1.297709923664122,0.21374045801526717,-0.8854961832061069,-0.3662109375,0.083251953125,-0.4013671875,0.6817
1.4198473282442747,0.04580152671755725,-0.8549618320610687,-0.365234375,0.081298828125,-0.397216796875,0.6834
1.3435114503816794,0.15267175572519084,-0.7786259541984732,-0.369140625,0.081298828125,-0.39599609375,0.6850999999999999
1.2671755725190839,0.04580152671755725,-0.8091603053435115,-0.36865234375,0.081787109375,-0.3955078125,0.6868
1.251908396946565,-0.04580152671755725,-0.6870229007633588,-0.364501953125,0.086669921875,-0.3994140625,0.6885
1.251908396946565,-0.015267175572519083,-0.44274809160305345,-0.3662109375,0.080810546875,-0.405517578125,0.6901999999999999
1.3893129770992367,-0.030534351145038167,-0.5954198473282443,-0.364501953125,0.077392578125,-0.41015625,0.6919
1.3587786259541985,-0.13740458015267176,-0.6870229007633588,-0.365478515625,0.084716796875,-0.3984375,0.6936
1.6030534351145038,-0.2748091603053435,-0.5801526717557252,-0.361572265625,0.080078125,-0.405029296875,0.6952999999999999
1.3435114503816794,-0.1984732824427481,-0.4580152671755725,-0.36474609375,0.080322265625,-0.40234375,0.697
1.282442748091603,-0.2900763358778626,-0.44274809160305345,-0.3583984375,0.077392578125,-0.400146484375,0.6987
1.3893129770992367,-0.5038167938931297,-0.6717557251908397,-0.364013671875,0.0849609375,-0.40380859375,0.7003999999999999
1.4045801526717556,-0.42748091603053434,-0.5801526717557252,-0.365966796875,0.0830078125,-0.395263671875,0.7021
1.4351145038167938,-0.5801526717557252,-0.8244274809160306,-0.362548828125,0.093505859375,-0.400390625,0.7038
1.4045801526717556,-0.549618320610687,-0.7633587786259542,-0.361328125,0.082763671875,-0.3916015625,0.7055
1.786259541984733,-0.6412213740458015,-0.8549618320610687,-0.366455078125,0.0791015625,-0.395263671875,0.7071999999999999
1.9389312977099236,-0.6106870229007634,-0.6870229007633588,-0.3623046875,0.08544921875,-0.399169921875,0.7089
1.5267175572519085,-0.5954198473282443,-0.6106870229007634,-0.368896484375,0.075927734375,-0.400634765625,0.7106
1.5725190839694656,-0.44274809160305345,-0.8091603053435115,-0.36767578125,0.0810546875,-0.39697265625,0.7122999999999999
1.7251908396946565,-0.5954198473282443,-0.8702290076335878,-0.3642578125,0.08349609375,-0.397705078125,0.714
1.618320610687023,-0.5954198473282443,-0.8702290076335878,-0.365966796875,0.08203125,-0.389404296875,0.7157
1.3740458015267176,-0.3816793893129771,-1.0076335877862594,-0.368408203125,0.079345703125,-0.3974609375,0.7173999999999999
1.6488549618320612,-0.5954198473282443,-0.8244274809160306,-0.36279296875,0.0810546875,-0.394287109375,0.7191
1.5877862595419847,-0.5190839694656488,-0.7938931297709924,-0.366455078125,0.081787109375,-0.397705078125,0.7208
1.6030534351145038,-0.33587786259541985,-0.8396946564885496,-0.36669921875,0.082763671875,-0.39892578125,0.7224999999999999
1.6488549618320612,-0.42748091603053434,-0.8396946564885496,-0.368408203125,0.082763671875,-0.397705078125,0.7242
1.0687022900763359,-0.32061068702290074,-0.7938931297709924,-0.36865234375,0.08154296875,-0.39501953125,0.7259
1.282442748091603,-0.16793893129770993,-0.8549618320610687,-0.3662109375,0.08056640625,-0.395751953125,0.7275999999999999
1.2671755725190839,-0.13740458015267176,-0.7786259541984732,-0.368408203125,0.083740234375,-0.40380859375,0.7293
1.282442748091603,-0.16793893129770993,-0.8702290076335878,-0.368408203125,0.08544921875,-0.39599609375,0.731
0.9770992366412213,-0.1984732824427481,-0.8091603053435115,-0.3681640625,0.080322265625,-0.394287109375,0.7326999999999999
0.9312977099236641,-0.030534351145038167,-0.9465648854961832,-0.3681640625,0.080810546875,-0.40087890625,0.7343999999999999
1.083969465648855,0.0916030534351145,-0.9618320610687023,-0.362548828125,0.08642578125,-0.389892578125,0.7361
1.0076335877862594,0.07633587786259542,-1.0229007633587786,-0.365966796875,0.078125,-0.391845703125,0.7378
0.8244274809160306,0.183206106870229,-0.8549618320610687,-0.36962890625,0.08251953125,-0.40283203125,0.7394999999999999
0.9465648854961832,0.2595419847328244,-0.8396946564885496,-0.373291015625,0.08642578125,-0.399658203125,0.7412
0.8091603053435115,0.4732824427480916,-0.9923664122137404,-0.369384765625,0.0791015625,-0.398681640625,0.7429
1.0076335877862594,0.5343511450381679,-1.0687022900763359,-0.366943359375,0.0830078125,-0.397216796875,0.7445999999999999
0.8244274809160306,0.4732824427480916,-1.0687022900763359,-0.367431640625,0.0791015625,-0.40380859375,0.7463
0.6259541984732825,0.6412213740458015,-1.0687022900763359,-0.36767578125,0.085205078125,-0.396484375,0.748
0.4580152671755725,0.6106870229007634,-0.8854961832061069,-0.369873046875,0.083740234375,-0.398681640625,0.7496999999999999
0.5648854961832062,0.8244274809160306,-1.3129770992366412,-0.3701171875,0.08447265625,-0.405517578125,0.7514
0.6717557251908397,0.9312977099236641,-1.1145038167938932,-0.370361328125,0.0810546875,-0.40380859375,0.7531
0.5343511450381679,0.7022900763358778,-1.1603053435114503,-0.36865234375,0.083984375,-0.40185546875,0.7547999999999999
0.48854961832061067,0.9007633587786259,-1.0687022900763359,-0.368896484375,0.087158203125,-0.40087890625,0.7565
0.6106870229007634,1.0076335877862594,-1.1908396946564885,-0.364990234375,0.086669921875,-0.39599609375,0.7582
0.549618320610687,0.9465648854961832,-1.1755725190839694,-0.3623046875,0.08349609375,-0.396484375,0.7598999999999999
0.3816793893129771,1.0381679389312977,-1.3740458015267176,-0.365966796875,0.08056640625,-0.401611328125,0.7615999999999999
0.5190839694656488,0.9007633587786259,-1.3435114503816794,-0.36376953125,0.08642578125,-0.404052734375,0.7633
0.3969465648854962,0.9618320610687023,-1.633587786259542,-0.368408203125,0.086669921875,-0.407470703125,0.7649999999999999
0.3511450381679389,1.083969465648855,-1.4351145038167938,-0.36474609375,0.090087890625,-0.392578125,0.7666999999999999
0.5190839694656488,1.0229007633587786,-1.5114503816793894,-0.3662109375,0.08740234375,-0.396240234375,0.7684
0.3816793893129771,1.1297709923664123,-1.3435114503816794,-0.36572265625,0.08544921875,-0.39892578125,0.7701
0.33587786259541985,1.0381679389312977,-1.6030534351145038,-0.36279296875,0.079345703125,-0.39501953125,0.7717999999999999
0.33587786259541985,1.0229007633587786,-1.5114503816793894,-0.36328125,0.083251953125,-0.402587890625,0.7735
0.183206106870229,1.1603053435114503,-1.6641221374045803,-0.366943359375,0.083984375,-0.399169921875,0.7752
0.183206106870229,1.2213740458015268,-1.5877862595419847,-0.36572265625,0.08447265625,-0.404052734375,0.7768999999999999
0.2748091603053435,1.2061068702290076,-1.816793893129771,-0.366943359375,0.082763671875,-0.3994140625,0.7786
0.22900763358778625,0.9923664122137404,-1.8015267175572518,-0.37158203125,0.08056640625,-0.405517578125,0.7803
0.183206106870229,1.251908396946565,-1.83206106870229,-0.367431640625,0.08056640625,-0.405517578125,0.7819999999999999
0.32061068702290074,1.2213740458015268,-1.6946564885496183,-0.36962890625,0.087890625,-0.39306640625,0.7837
0.24427480916030533,1.099236641221374,-1.9694656488549618,-0.367919921875,0.084228515625,-0.40673828125,0.7854
0.15267175572519084,1.1908396946564885,-1.83206106870229,-0.365234375,0.08447265625,-0.394775390625,0.7870999999999999
0.24427480916030533,1.3282442748091603,-1.984732824427481,-0.367919921875,0.0869140625,-0.39404296875,0.7888
0.15267175572519084,1.5267175572519085,-1.7251908396946565,-0.3603515625,0.091552734375,-0.40234375,0.7905
0.22900763358778625,1.450381679389313,-2.198473282442748,-0.364013671875,0.08203125,-0.397705078125,0.7921999999999999
0.3053435114503817,1.5114503816793894,-1.8778625954198473,-0.364990234375,0.08349609375,-0.397705078125,0.7938999999999999
0.4122137404580153,1.4045801526717556,-1.8473282442748091,-0.365966796875,0.085205078125,-0.399169921875,0.7956
0.4122137404580153,1.282442748091603,-1.9541984732824427,-0.360595703125,0.084716796875,-0.40234375,0.7973
0.2748091603053435,1.2213740458015268,-2.0763358778625953,-0.363037109375,0.084716796875,-0.4111328125,0.7989999999999999
0.32061068702290074,1.3129770992366412,-1.9694656488549618,-0.365478515625,0.08349609375,-0.405517578125,0.8007
0.2748091603053435,1.3282442748091603,-1.9389312977099236,-0.362060546875,0.08447265625,-0.399169921875,0.8024
0.5038167938931297,1.099236641221374,-1.8931297709923665,-0.36669921875,0.087646484375,-0.39892578125,0.8040999999999999
0.549618320610687,1.083969465648855,-1.8473282442748091,-0.364990234375,0.084228515625,-0.402099609375,0.8058
0.48854961832061067,1.1755725190839694,-2.0763358778625953,-0.3671875,0.087646484375,-0.396484375,0.8075
0.3816793893129771,1.1755725190839694,-2.122137404580153,-0.365966796875,0.0859375,-0.398193359375,0.8091999999999999
0.42748091603053434,1.0687022900763359,-1.9541984732824427,-0.3671875,0.0849609375,-0.3974609375,0.8109
0.3969465648854962,1.1450381679389312,-1.984732824427481,-0.36572265625,0.086181640625,-0.4013671875,0.8126
0.5648854961832062,1.2213740458015268,-1.816793893129771,-0.36767578125,0.087158203125,-0.3984375,0.8142999999999999
0.6259541984732825,1.1603053435114503,-1.9236641221374047,-0.3671875,0.080810546875,-0.394775390625,0.816
0.4580152671755725,1.1603053435114503,-2.030534351145038,-0.366943359375,0.080322265625,-0.39794921875,0.8177
0.3969465648854962,1.3740458015267176,-1.8473282442748091,-0.365966796875,0.09228515625,-0.402587890625,0.8193999999999999
0.5954198473282443,1.2213740458015268,-1.7099236641221374,-0.369384765625,0.08740234375,-0.4033203125,0.8210999999999999
0.6717557251908397,1.1908396946564885,-1.8778625954198473,-0.36865234375,0.085693359375,-0.396484375,0.8228
0.5801526717557252,1.3587786259541985,-1.8473282442748091,-0.3642578125,0.089599609375,-0.403564453125,0.8244999999999999
0.7633587786259542,1.3435114503816794,-1.7709923664122138,-0.368896484375,0.087890625,-0.393310546875,0.8261999999999999
0.5038167938931297,1.251908396946565,-1.8473282442748091,-0.370361328125,0.084716796875,-0.401611328125,0.8279
0.6717557251908397,1.251908396946565,-1.7404580152671756,-0.36669921875,0.083984375,-0.40478515625,0.8296
1.0687022900763359,1.1603053435114503,-1.5725190839694656,-0.36328125,0.0849609375,-0.397216796875,0.8312999999999999
0.8702290076335878,1.1908396946564885,-1.7099236641221374,-0.365478515625,0.08251953125,-0.39794921875,0.833
0.7938931297709924,1.297709923664122,-1.6946564885496183,-0.35888671875,0.08203125,-0.40185546875,0.8347
0.7786259541984732,1.1603053435114503,-1.6946564885496183,-0.366943359375,0.085205078125,-0.405517578125,0.8363999999999999
1.0534351145038168,1.2061068702290076,-1.5572519083969465,-0.3642578125,0.090087890625,-0.4072265625,0.8381
1.2061068702290076,1.2213740458015268,-1.5267175572519085,-0.367919921875,0.084716796875,-0.3974609375,0.8398
1.297709923664122,1.1450381679389312,-1.6030534351145038,-0.3623046875,0.08837890625,-0.403076171875,0.8414999999999999
1.3282442748091603,1.2213740458015268,-1.9236641221374047,-0.364990234375,0.089599609375,-0.4013671875,0.8432
1.2061068702290076,1.1450381679389312,-1.7404580152671756,-0.370361328125,0.08740234375,-0.395263671875,0.8449
1.3282442748091603,1.1908396946564885,-1.6641221374045803,-0.364013671875,0.083740234375,-0.397705078125,0.8465999999999999
1.5114503816793894,1.2366412213740459,-1.6793893129770991,-0.367919921875,0.0869140625,-0.40478515625,0.8482999999999999
1.5725190839694656,1.1908396946564885,-1.7099236641221374,-0.363037109375,0.0830078125,-0.396728515625,0.85
1.5877862595419847,1.083969465648855,-1.7099236641221374,-0.365234375,0.08544921875,-0.394287109375,0.8516999999999999
1.9236641221374047,1.1908396946564885,-1.7251908396946565,-0.37060546875,0.08642578125,-0.40283203125,0.8533999999999999
1.83206106870229,1.0687022900763359,-1.5114503816793894,-0.369384765625,0.083251953125,-0.39990234375,0.8551
1.6641221374045803,1.0381679389312977,-1.465648854961832,-0.361328125,0.084228515625,-0.407470703125,0.8568
1.6946564885496183,1.1603053435114503,-1.6488549618320612,-0.364990234375,0.085693359375,-0.398681640625,0.8584999999999999
2.0610687022900764,1.1450381679389312,-1.4961832061068703,-0.370361328125,0.0888671875,-0.400146484375,0.8602
1.7709923664122138,1.099236641221374,-1.4198473282442747,-0.3623046875,0.083251953125,-0.3955078125,0.8619
1.8473282442748091,1.099236641221374,-1.450381679389313,-0.36376953125,0.08544921875,-0.39453125,0.8635999999999999
2.0,1.0687022900763359,-1.2366412213740459,-0.36376953125,0.087646484375,-0.3974609375,0.8653
1.7404580152671756,1.1145038167938932,-1.2366412213740459,-0.36572265625,0.08349609375,-0.399658203125,0.867
1.816793893129771,1.0381679389312977,-1.2671755725190839,-0.365966796875,0.08154296875,-0.385986328125,0.8686999999999999
1.984732824427481,1.083969465648855,-1.282442748091603,-0.361572265625,0.0859375,-0.402099609375,0.8704
1.8625954198473282,0.9618320610687023,-1.1908396946564885,-0.364990234375,0.08251953125,-0.40380859375,0.8721
1.7709923664122138,0.916030534351145,-1.1908396946564885,-0.3623046875,0.086181640625,-0.395751953125,0.8737999999999999
1.9083969465648856,0.9312977099236641,-1.2671755725190839,-0.36181640625,0.0869140625,-0.40771484375,0.8755
1.8015267175572518,0.6717557251908397,-1.1145038167938932,-0.366943359375,0.08154296875,-0.3984375,0.8772
1.816793893129771,0.5801526717557252,-1.0687022900763359,-0.365966796875,0.075439453125,-0.3984375,0.8788999999999999
1.8473282442748091,0.6717557251908397,-1.083969465648855,-0.365966796875,0.075927734375,-0.401611328125,0.8805999999999999
1.8778625954198473,0.6564885496183206,-1.1603053435114503,-0.36279296875,0.078369140625,-0.398681640625,0.8823
1.8778625954198473,0.5954198473282443,-0.9312977099236641,-0.36083984375,0.0830078125,-0.4013671875,0.8839999999999999
1.633587786259542,0.5954198473282443,-0.9618320610687023,-0.365966796875,0.0810546875,-0.388671875,0.8856999999999999
1.6488549618320612,0.48854961832061067,-1.0076335877862594,-0.366455078125,0.0869140625,-0.39111328125,0.8874
1.83206106870229,0.5954198473282443,-1.0381679389312977,-0.36572265625,0.08447265625,-0.3994140625,0.8891
1.9236641221374047,0.6259541984732825,-0.916030534351145,-0.36328125,0.08056640625,-0.396240234375,0.8907999999999999
1.5572519083969465,0.549618320610687,-0.8702290076335878,-0.36962890625,0.0771484375,-0.39697265625,0.8925
1.7251908396946565,0.5648854961832062,-0.8702290076335878,-0.372314453125,0.079833984375,-0.393798828125,0.8942
1.6030534351145038,0.5954198473282443,-1.0534351145038168,-0.36376953125,0.084716796875,-0.398193359375,0.8958999999999999
1.5725190839694656,0.5190839694656488,-0.8091603053435115,-0.3662109375,0.077392578125,-0.399658203125,0.8976
1.6793893129770991,0.6717557251908397,-0.6717557251908397,-0.36767578125,0.080078125,-0.400146484375,0.8993
1.5725190839694656,0.6106870229007634,-0.8091603053435115,-0.365234375,0.08642578125,-0.401123046875,0.9009999999999999
1.450381679389313,0.5190839694656488,-0.8396946564885496,-0.36669921875,0.08056640625,-0.410400390625,0.9027
1.5725190839694656,0.549618320610687,-0.8854961832061069,-0.370361328125,0.078369140625,-0.39990234375,0.9044
1.5572519083969465,0.33587786259541985,-0.9618320610687023,-0.368408203125,0.0830078125,-0.403564453125,0.9060999999999999
1.5725190839694656,0.6106870229007634,-0.7175572519083969,-0.3701171875,0.08447265625,-0.40185546875,0.9077999999999999
1.3740458015267176,0.7633587786259542,-0.8244274809160306,-0.37255859375,0.084228515625,-0.402099609375,0.9095
1.4961832061068703,0.6106870229007634,-0.5954198473282443,-0.369384765625,0.080810546875,-0.39990234375,0.9111999999999999
1.5877862595419847,0.5343511450381679,-0.7633587786259542,-0.36328125,0.0810546875,-0.3984375,0.9128999999999999
1.465648854961832,0.6412213740458015,-0.6717557251908397,-0.36767578125,0.079833984375,-0.393798828125,0.9146
1.3282442748091603,0.6106870229007634,-0.7480916030534351,-0.365478515625,0.07958984375,-0.393310546875,0.9163
1.251908396946565,0.5038167938931297,-0.7633587786259542,-0.3681640625,0.079833984375,-0.39404296875,0.9179999999999999
1.2061068702290076,0.732824427480916,-0.9312977099236641,-0.36767578125,0.078125,-0.398193359375,0.9197
1.3740458015267176,0.6259541984732825,-0.7633587786259542,-0.369384765625,0.079345703125,-0.388671875,0.9214
1.2061068702290076,0.6564885496183206,-0.7022900763358778,-0.363037109375,0.0810546875,-0.39208984375,0.9230999999999999
1.1603053435114503,0.8854961832061069,-0.916030534351145,-0.3662109375,0.076904296875,-0.388916015625,0.9248
1.099236641221374,0.7175572519083969,-0.916030534351145,-0.366943359375,0.077880859375,-0.397216796875,0.9265
0.9007633587786259,0.6870229007633588,-0.8244274809160306,-0.369873046875,0.084716796875,-0.39697265625,0.9281999999999999
1.0229007633587786,0.7175572519083969,-0.9770992366412213,-0.368408203125,0.081787109375,-0.3994140625,0.9299
1.1908396946564885,0.6412213740458015,-0.9770992366412213,-0.36865234375,0.0751953125,-0.39404296875,0.9316
0.916030534351145,0.7633587786259542,-1.1145038167938932,-0.3671875,0.079833984375,-0.393310546875,0.9332999999999999
0.9923664122137404,0.7633587786259542,-1.0534351145038168,-0.3681640625,0.08154296875,-0.4013671875,0.9349999999999999
0.9312977099236641,0.732824427480916,-1.1145038167938932,-0.369140625,0.087890625,-0.402099609375,0.9367
0.9312977099236641,0.6106870229007634,-0.9618320610687023,-0.37060546875,0.085205078125,-0.3955078125,0.9383999999999999
0.9618320610687023,0.8396946564885496,-1.1297709923664123,-0.3671875,0.081787109375,-0.396240234375,0.9400999999999999
0.9007633587786259,0.8549618320610687,-1.1297709923664123,-0.37255859375,0.08203125,-0.3994140625,0.9418
0.9007633587786259,0.7480916030534351,-1.2366412213740459,-0.369384765625,0.08056640625,-0.3974609375,0.9434999999999999
0.9770992366412213,0.8396946564885496,-1.099236641221374,-0.365966796875,0.082275390625,-0.4052734375,0.9451999999999999
0.8549618320610687,0.8244274809160306,-1.083969465648855,-0.366455078125,0.085693359375,-0.398681640625,0.9469
0.6564885496183206,0.8396946564885496,-1.099236641221374,-0.365478515625,0.087890625,-0.394775390625,0.9486
0.8091603053435115,1.0229007633587786,-1.282442748091603,-0.365966796875,0.08837890625,-0.39111328125,0.9502999999999999
0.8244274809160306,1.0076335877862594,-1.2213740458015268,-0.370361328125,0.07958984375,-0.3994140625,0.952
0.6259541984732825,1.099236641221374,-1.5419847328244274,-0.364501953125,0.080810546875,-0.39501953125,0.9537
0.4732824427480916,0.9465648854961832,-1.1450381679389312,-0.36474609375,0.08056640625,-0.400390625,0.9553999999999999
0.732824427480916,1.0534351145038168,-1.3129770992366412,-0.3701171875,0.080322265625,-0.40087890625,0.9571
0.5343511450381679,1.1145038167938932,-1.282442748091603,-0.36767578125,0.08203125,-0.3955078125,0.9588
0.5038167938931297,1.083969465648855,-1.3435114503816794,-0.36767578125,0.08349609375,-0.405029296875,0.9604999999999999
0.4580152671755725,1.1755725190839694,-1.4351145038167938,-0.370361328125,0.080810546875,-0.39892578125,0.9621999999999999
0.5343511450381679,1.3435114503816794,-1.5572519083969465,-0.370361328125,0.080322265625,-0.3955078125,0.9639
0.4732824427480916,1.450381679389313,-1.2671755725190839,-0.36279296875,0.089599609375,-0.3994140625,0.9655999999999999
0.4122137404580153,1.4198473282442747,-1.6030534351145038,-0.364501953125,0.0869140625,-0.4072265625,0.9672999999999999
0.42748091603053434,1.3435114503816794,-1.4809160305343512,-0.370849609375,0.085205078125,-0.39794921875,0.969
0.48854961832061067,1.4045801526717556,-1.6488549618320612,-0.36474609375,0.084228515625,-0.3955078125,0.9706999999999999
0.5648854961832062,1.5267175572519085,-1.4198473282442747,-0.366943359375,0.09033203125,-0.400146484375,0.9723999999999999
0.366412213740458,1.4961832061068703,-1.6488549618320612,-0.364990234375,0.0830078125,-0.399169921875,0.9741
0.3053435114503817,1.297709923664122,-1.4198473282442747,-0.366455078125,0.084228515625,-0.393798828125,0.9758
0.33587786259541985,1.4809160305343512,-1.618320610687023,-0.364501953125,0.084228515625,-0.3984375,0.9774999999999999
0.3969465648854962,1.450381679389313,-1.5877862595419847,-0.364990234375,0.08740234375,-0.394775390625,0.9792
0.42748091603053434,1.450381679389313,-1.7557251908396947,-0.36279296875,0.0888671875,-0.40576171875,0.9809
0.33587786259541985,1.3282442748091603,-1.6488549618320612,-0.367431640625,0.08544921875,-0.406005859375,0.9825999999999999
0.366412213740458,1.3435114503816794,-1.7099236641221374,-0.366455078125,0.0849609375,-0.394287109375,0.9843
0.2595419847328244,1.5877862595419847,-1.7099236641221374,-0.366943359375,0.083251953125,-0.400146484375,0.986
0.5648854961832062,1.3740458015267176,-1.8931297709923665,-0.365234375,0.091552734375,-0.392578125,0.9876999999999999
0.366412213740458,1.5419847328244274,-1.6946564885496183,-0.365478515625,0.085205078125,-0.39892578125,0.9894
0.3053435114503817,1.2671755725190839,-1.8015267175572518,-0.369873046875,0.0849609375,-0.404052734375,0.9911
0.44274809160305345,1.3893129770992367,-1.7557251908396947,-0.368896484375,0.09033203125,-0.4072265625,0.9927999999999999
0.48854961832061067,1.5419847328244274,-1.618320610687023,-0.37158203125,0.0908203125,-0.396240234375,0.9944999999999999
0.42748091603053434,1.4045801526717556,-1.6030534351145038,-0.36572265625,0.08642578125,-0.40478515625,0.9962
0.5038167938931297,1.633587786259542,-1.9083969465648856,-0.36328125,0.089111328125,-0.39599609375,0.9978999999999999
0.3969465648854962,1.5419847328244274,-1.786259541984733,-0.366455078125,0.0859375,-0.398681640625,0.9995999999999999
0.3816793893129771,1.6793893129770991,-1.6793893129770991,-0.3671875,0.087646484375,-0.394287109375,1.0012999999999999
0.22900763358778625,1.6030534351145038,-1.6641221374045803,-0.365234375,0.085693359375,-0.392822265625,1.003
0.4580152671755725,1.618320610687023,-1.8625954198473282,-0.363525390625,0.08447265625,-0.398681640625,1.0047
0.3969465648854962,1.7251908396946565,-1.9541984732824427,-0.366455078125,0.088134765625,-0.39892578125,1.0064
0.366412213740458,1.6946564885496183,-1.8015267175572518,-0.361572265625,0.08203125,-0.403564453125,1.0081
0.5038167938931297,1.4961832061068703,-1.6793893129770991,-0.373046875,0.08642578125,-0.399169921875,1.0098
0.7022900763358778,1.5572519083969465,-1.9389312977099236,-0.369384765625,0.0849609375,-0.39306640625,1.0114999999999998
0.44274809160305345,1.5572519083969465,-1.8473282442748091,-0.364013671875,0.0869140625,-0.397705078125,1.0131999999999999
0.5190839694656488,1.5419847328244274,-1.7557251908396947,-0.36669921875,0.083740234375,-0.40087890625,1.0149
0.7022900763358778,1.3587786259541985,-1.8473282442748091,-0.3623046875,0.081787109375,-0.395263671875,1.0166
0.732824427480916,1.3740458015267176,-1.7709923664122138,-0.36474609375,0.08251953125,-0.404296875,1.0183
0.7633587786259542,1.3435114503816794,-1.6488549618320612,-0.36083984375,0.091796875,-0.395263671875,1.02
0.7175572519083969,1.3587786259541985,-1.7099236641221374,-0.361572265625,0.084228515625,-0.40478515625,1.0217
0.6564885496183206,1.5572519083969465,-1.6946564885496183,-0.370361328125,0.089111328125,-0.391845703125,1.0233999999999999
0.7938931297709924,1.4351145038167938,-1.8015267175572518,-0.366943359375,0.08740234375,-0.3974609375,1.0251
0.7786259541984732,1.465648854961832,-1.7251908396946565,-0.370849609375,0.08544921875,-0.398681640625,1.0268
0.7938931297709924,1.6793893129770991,-1.6641221374045803,-0.369384765625,0.089111328125,-0.399169921875,1.0285
0.7938931297709924,1.5419847328244274,-1.6641221374045803,-0.36669921875,0.08740234375,-0.40478515625,1.0302
0.8396946564885496,1.6946564885496183,-1.786259541984733,-0.3671875,0.091064453125,-0.392822265625,1.0319
1.099236641221374,1.5419847328244274,-1.6641221374045803,-0.363037109375,0.08642578125,-0.398681640625,1.0335999999999999
1.0381679389312977,1.5267175572519085,-1.7557251908396947,-0.36181640625,0.08447265625,-0.39501953125,1.0352999999999999
0.9465648854961832,1.5572519083969465,-1.5877862595419847,-0.36669921875,0.08544921875,-0.384033203125,1.037
0.9770992366412213,1.3282442748091603,-1.5725190839694656,-0.36572265625,0.085693359375,-0.396484375,1.0387
0.9312977099236641,1.450381679389313,-1.5114503816793894,-0.3681640625,0.083251953125,-0.394287109375,1.0404
0.9923664122137404,1.5114503816793894,-1.6488549618320612,-0.36962890625,0.08837890625,-0.403076171875,1.0421
1.0687022900763359,1.3282442748091603,-1.4045801526717556,-0.369384765625,0.0830078125,-0.39404296875,1.0437999999999998
1.1908396946564885,1.3435114503816794,-1.282442748091603,-0.364501953125,0.08056640625,-0.391845703125,1.0454999999999999
0.9007633587786259,1.4198473282442747,-1.2671755725190839,-0.366455078125,0.0859375,-0.398681640625,1.0472
0.9312977099236641,1.4961832061068703,-1.2366412213740459,-0.363525390625,0.085205078125,-0.40283203125,1.0489
0.9312977099236641,1.3587786259541985,-1.3282442748091603,-0.366455078125,0.083984375,-0.400390625,1.0506
1.282442748091603,1.4045801526717556,-1.4198473282442747,-0.364013671875,0.083740234375,-0.4033203125,1.0523
0.9618320610687023,1.3282442748091603,-1.282442748091603,-0.367431640625,0.08935546875,-0.39794921875,1.054
1.099236641221374,1.450381679389313,-1.282442748091603,-0.36669921875,0.085205078125,-0.4033203125,1.0556999999999999
1.1755725190839694,1.3282442748091603,-1.1297709923664123,-0.36767578125,0.084716796875,-0.40576171875,1.0574
1.1145038167938932,1.3587786259541985,-1.1145038167938932,-0.367919921875,0.0869140625,-0.4013671875,1.0591
1.251908396946565,1.5267175572519085,-1.0687022900763359,-0.365966796875,0.0859375,-0.404541015625,1.0608
1.1755725190839694,1.3435114503816794,-1.083969465648855,-0.365234375,0.085205078125,-0.394287109375,1.0625
1.3435114503816794,1.4961832061068703,-1.0687022900763359,-0.367919921875,0.083984375,-0.3994140625,1.0642
1.3282442748091603,1.3435114503816794,-1.1145038167938932,-0.36572265625,0.08642578125,-0.403076171875,1.0658999999999998
1.282442748091603,1.450381679389313,-1.1450381679389312,-0.3642578125,0.08349609375,-0.40185546875,1.0675999999999999
1.2671755725190839,1.5114503816793894,-1.099236641221374,-0.37158203125,0.08740234375,-0.395751953125,1.0693
1.4045801526717556,1.4045801526717556,-1.0534351145038168,-0.36865234375,0.088623046875,-0.402587890625,1.071
1.3435114503816794,1.5572519083969465,-1.2061068702290076,-0.37060546875,0.085205078125,-0.399169921875,1.0727
1.4809160305343512,1.3129770992366412,-1.2213740458015268,-0.368896484375,0.086181640625,-0.39794921875,1.0744
1.4809160305343512,1.1755725190839694,-1.083969465648855,-0.365234375,0.08984375,-0.39013671875,1.0760999999999998
1.3893129770992367,1.4198473282442747,-1.1297709923664123,-0.36328125,0.087646484375,-0.3896484375,1.0777999999999999
1.4961832061068703,1.4961832061068703,-1.083969465648855,-0.364501953125,0.085205078125,-0.393798828125,1.0795
1.4809160305343512,1.3740458015267176,-1.1755725190839694,-0.363037109375,0.086181640625,-0.398681640625,1.0812
1.6946564885496183,1.3587786259541985,-1.0534351145038168,-0.36474609375,0.0859375,-0.388671875,1.0829
1.3282442748091603,1.5267175572519085,-1.0534351145038168,-0.363525390625,0.0869140625,-0.398681640625,1.0846
1.450381679389313,1.465648854961832,-1.1145038167938932,-0.36669921875,0.08349609375,-0.393310546875,1.0863
1.4809160305343512,1.5114503816793894,-1.2213740458015268,-0.365478515625,0.0888671875,-0.39501953125,1.0879999999999999
1.5419847328244274,1.5725190839694656,-0.9618320610687023,-0.36474609375,0.08203125,-0.391845703125,1.0897
1.618320610687023,1.297709923664122,-1.0076335877862594,-0.36572265625,0.081298828125,-0.406005859375,1.0914
1.618320610687023,1.3129770992366412,-0.9312977099236641,-0.363525390625,0.0830078125,-0.4013671875,1.0931
1.6488549618320612,1.3282442748091603,-1.297709923664122,-0.363525390625,0.08544921875,-0.4033203125,1.0948
1.5419847328244274,1.2671755725190839,-1.1297709923664123,-0.365966796875,0.084716796875,-0.399169921875,1.0965
1.4809160305343512,1.3435114503816794,-1.1908396946564885,-0.367919921875,0.086669921875,-0.390869140625,1.0981999999999998
1.7099236641221374,1.083969465648855,-1.1603053435114503,-0.36083984375,0.083984375,-0.391845703125,1.0998999999999999
1.7099236641221374,1.3282442748091603,-1.0687022900763359,-0.36376953125,0.0849609375,-0.40380859375,1.1016
1.5267175572519085,1.2061068702290076,-1.1145038167938932,-0.3623046875,0.08251953125,-0.40087890625,1.1033
1.8778625954198473,1.282442748091603,-1.1603053435114503,-0.3623046875,0.0791015625,-0.39990234375,1.105
1.5725190839694656,1.297709923664122,-0.8549618320610687,-0.364990234375,0.08056640625,-0.396240234375,1.1067
1.282442748091603,1.1450381679389312,-1.2061068702290076,-0.362060546875,0.084716796875,-0.4091796875,1.1083999999999998
1.4961832061068703,1.1450381679389312,-0.916030534351145,-0.35986328125,0.087646484375,-0.40185546875,1.1100999999999999
1.6488549618320612,1.2366412213740459,-1.0687022900763359,-0.3603515625,0.08544921875,-0.40185546875,1.1118
1.2366412213740459,1.1450381679389312,-1.099236641221374,-0.358642578125,0.0888671875,-0.397216796875,1.1135
1.4809160305343512,1.251908396946565,-1.1603053435114503,-0.3681640625,0.0888671875,-0.39990234375,1.1152
1.4961832061068703,1.1603053435114503,-0.9923664122137404,-0.365966796875,0.080322265625,-0.405517578125,1.1169
1.5572519083969465,1.1297709923664123,-1.251908396946565,-0.36328125,0.079345703125,-0.3984375,1.1186
1.4198473282442747,1.1908396946564885,-1.1145038167938932,-0.363037109375,0.083740234375,-0.404541015625,1.1202999999999999
1.3587786259541985,1.2671755725190839,-1.0229007633587786,-0.367919921875,0.08447265625,-0.396728515625,1.1219999999999999
1.3282442748091603,1.1603053435114503,-0.9312977099236641,-0.36572265625,0.081298828125,-0.394775390625,1.1237
1.4198473282442747,1.3129770992366412,-0.916030534351145,-0.362548828125,0.087158203125,-0.405517578125,1.1254
1.1755725190839694,1.1450381679389312,-0.9770992366412213,-0.3603515625,0.0830078125,-0.3955078125,1.1271
0.9923664122137404,1.3435114503816794,-1.0381679389312977,-0.360107421875,0.080322265625,-0.40771484375,1.1288
1.297709923664122,1.1603053435114503,-0.8091603053435115,-0.367919921875,0.08154296875,-0.39892578125,1.1304999999999998
1.1755725190839694,1.2366412213740459,-1.0229007633587786,-0.36474609375,0.0791015625,-0.392822265625,1.1321999999999999
1.2366412213740459,1.1908396946564885,-0.8244274809160306,-0.3662109375,0.077880859375,-0.393798828125,1.1339
1.0076335877862594,1.2061068702290076,-0.8091603053435115,-0.367919921875,0.0830078125,-0.399658203125,1.1356
1.0381679389312977,1.1450381679389312,-0.9007633587786259,-0.3642578125,0.08251953125,-0.3984375,1.1373
1.1908396946564885,1.0687022900763359,-1.1145038167938932,-0.364013671875,0.08203125,-0.40185546875,1.139
0.9923664122137404,1.1908396946564885,-0.9007633587786259,-0.360107421875,0.0810546875,-0.400390625,1.1407
0.8396946564885496,1.0076335877862594,-0.9770992366412213,-0.36279296875,0.08251953125,-0.39892578125,1.1423999999999999
0.8091603053435115,0.9923664122137404,-0.8244274809160306,-0.36669921875,0.080322265625,-0.401123046875,1.1441
0.9618320610687023,0.9465648854961832,-0.7786259541984732,-0.364990234375,0.0810546875,-0.404541015625,1.1458
0.9312977099236641,1.083969465648855,-0.6870229007633588,-0.36376953125,0.081787109375,-0.39306640625,1.1475
1.083969465648855,1.1297709923664123,-0.9465648854961832,-0.371826171875,0.080322265625,-0.40087890625,1.1492
0.8091603053435115,1.2366412213740459,-0.7786259541984732,-0.375244140625,0.085693359375,-0.404052734375,1.1509
0.732824427480916,1.2671755725190839,-0.916030534351145,-0.367919921875,0.082275390625,-0.406494140625,1.1525999999999998
0.7480916030534351,1.099236641221374,-0.7175572519083969,-0.36865234375,0.085205078125,-0.40869140625,1.1542999999999999
0.7786259541984732,1.297709923664122,-1.0229007633587786,-0.36865234375,0.079833984375,-0.405029296875,1.156
0.8244274809160306,1.1603053435114503,-1.0687022900763359,-0.3671875,0.08251953125,-0.402587890625,1.1577
1.099236641221374,1.1908396946564885,-1.0381679389312977,-0.370361328125,0.081298828125,-0.398681640625,1.1594
0.7938931297709924,1.2671755725190839,-1.1603053435114503,-0.3701171875,0.086181640625,-0.39697265625,1.1611
0.7786259541984732,1.0534351145038168,-1.3435114503816794,-0.367431640625,0.087646484375,-0.39892578125,1.1627999999999998
0.9007633587786259,1.1603053435114503,-1.1603053435114503,-0.36767578125,0.0888671875,-0.403076171875,1.1644999999999999
0.8702290076335878,1.0076335877862594,-1.3129770992366412,-0.36572265625,0.08544921875,-0.3896484375,1.1662
0.7022900763358778,1.0076335877862594,-1.3587786259541985,-0.3671875,0.086181640625,-0.40234375,1.1679
0.732824427480916,1.0534351145038168,-1.4351145038167938,-0.3642578125,0.076416015625,-0.405029296875,1.1696
0.7938931297709924,1.083969465648855,-1.3587786259541985,-0.367919921875,0.0859375,-0.4013671875,1.1713
0.8244274809160306,1.2366412213740459,-1.5419847328244274,-0.360595703125,0.0859375,-0.39697265625,1.173
0.732824427480916,1.251908396946565,-1.450381679389313,-0.36279296875,0.085205078125,-0.398193359375,1.1746999999999999
0.8702290076335878,1.2061068702290076,-1.5114503816793894,-0.368408203125,0.083251953125,-0.397216796875,1.1764
0.6259541984732825,1.1603053435114503,-1.5877862595419847,-0.365966796875,0.0830078125,-0.394775390625,1.1781
0.7938931297709924,1.251908396946565,-1.5725190839694656,-0.362548828125,0.08154296875,-0.3955078125,1.1798
0.7786259541984732,1.251908396946565,-1.450381679389313,-0.369140625,0.083740234375,-0.39990234375,1.1815
0.6412213740458015,1.251908396946565,-1.5877862595419847,-0.3662109375,0.08642578125,-0.403564453125,1.1832
0.916030534351145,1.1450381679389312,-1.4351145038167938,-0.366455078125,0.091552734375,-0.39794921875,1.1848999999999998
0.7022900763358778,1.1755725190839694,-1.4961832061068703,-0.359375,0.08203125,-0.400634765625,1.1865999999999999
0.44274809160305345,1.0076335877862594,-1.3893129770992367,-0.3671875,0.083984375,-0.40087890625,1.1883
0.6717557251908397,0.916030534351145,-1.618320610687023,-0.361572265625,0.083984375,-0.393310546875,1.19
0.7175572519083969,0.8549618320610687,-1.4045801526717556,-0.366455078125,0.08935546875,-0.40185546875,1.1917
0.6717557251908397,0.9923664122137404,-1.4809160305343512,-0.3701171875,0.0859375,-0.39892578125,1.1934
0.5648854961832062,0.9312977099236641,-1.4351145038167938,-0.3701171875,0.0859375,-0.40087890625,1.1950999999999998
0.6412213740458015,0.6870229007633588,-1.6793893129770991,-0.3603515625,0.087890625,-0.393798828125,1.1967999999999999
0.8244274809160306,0.9618320610687023,-1.6641221374045803,-0.370849609375,0.0859375,-0.39697265625,1.1985
0.6564885496183206,0.8396946564885496,-1.618320610687023,-0.364501953125,0.085693359375,-0.40283203125,1.2002
0.42748091603053434,0.8549618320610687,-1.618320610687023,-0.370361328125,0.087890625,-0.406982421875,1.2019
0.6870229007633588,1.0076335877862594,-1.6793893129770991,-0.36572265625,0.08642578125,-0.40380859375,1.2036
0.7938931297709924,1.0381679389312977,-1.5267175572519085,-0.365966796875,0.08447265625,-0.392333984375,1.2053
0.5801526717557252,0.9465648854961832,-1.6641221374045803,-0.364013671875,0.088623046875,-0.39306640625,1.2069999999999999
0.732824427480916,1.1908396946564885,-1.7709923664122138,-0.36865234375,0.08984375,-0.402099609375,1.2086999999999999
0.7175572519083969,1.3435114503816794,-1.633587786259542,-0.369140625,0.08740234375,-0.400146484375,1.2104
0.7786259541984732,1.1908396946564885,-1.7251908396946565,-0.365966796875,0.0888671875,-0.404296875,1.2121
0.8396946564885496,1.3893129770992367,-1.8931297709923665,-0.3642578125,0.08642578125,-0.40380859375,1.2138
0.916030534351145,1.465648854961832,-1.7099236641221374,-0.36865234375,0.0888671875,-0.403564453125,1.2155
0.9618320610687023,1.3435114503816794,-1.7709923664122138,-0.368896484375,0.090087890625,-0.3955078125,1.2171999999999998
1.1755725190839694,1.465648854961832,-1.816793893129771,-0.370361328125,0.086669921875,-0.3974609375,1.2188999999999999
1.1908396946564885,1.4198473282442747,-1.816793893129771,-0.368896484375,0.083251953125,-0.39794921875,1.2206
1.2366412213740459,1.3129770992366412,-1.9541984732824427,-0.365234375,0.082763671875,-0.3955078125,1.2223
1.282442748091603,1.2671755725190839,-2.1068702290076335,-0.364990234375,0.084716796875,-0.398681640625,1.224
1.4198473282442747,1.4198473282442747,-2.0,-0.361083984375,0.08984375,-0.39892578125,1.2257
1.2366412213740459,1.297709923664122,-2.0610687022900764,-0.360107421875,0.0888671875,-0.396484375,1.2273999999999998
1.450381679389313,1.1450381679389312,-2.16793893129771,-0.365234375,0.088623046875,-0.402099609375,1.2290999999999999
1.786259541984733,1.282442748091603,-2.16793893129771,-0.368896484375,0.08740234375,-0.399658203125,1.2308
1.786259541984733,1.3435114503816794,-2.3053435114503817,-0.365966796875,0.087158203125,-0.38671875,1.2325
1.6641221374045803,1.099236641221374,-2.2748091603053435,-0.3671875,0.0849609375,-0.3896484375,1.2342
1.6793893129770991,0.9618320610687023,-2.1374045801526718,-0.35888671875,0.084716796875,-0.400146484375,1.2359
1.8473282442748091,1.0534351145038168,-2.366412213740458,-0.357177734375,0.08447265625,-0.39599609375,1.2376
1.9541984732824427,0.9007633587786259,-2.33587786259542,-0.365234375,0.0869140625,-0.398681640625,1.2392999999999998
1.786259541984733,0.9770992366412213,-2.1068702290076335,-0.36328125,0.086181640625,-0.405029296875,1.2409999999999999
1.786259541984733,0.916030534351145,-2.1374045801526718,-0.36962890625,0.080810546875,-0.404541015625,1.2427
1.8778625954198473,1.1450381679389312,-2.0610687022900764,-0.36376953125,0.080322265625,-0.3984375,1.2444
1.9541984732824427,1.0687022900763359,-2.030534351145038,-0.365966796875,0.082275390625,-0.39501953125,1.2461
1.816793893129771,0.9312977099236641,-2.045801526717557,-0.368408203125,0.081298828125,-0.40087890625,1.2478
1.9083969465648856,0.9312977099236641,-2.030534351145038,-0.365966796875,0.083984375,-0.3984375,1.2494999999999998
1.5572519083969465,0.8702290076335878,-1.8625954198473282,-0.3642578125,0.08154296875,-0.408203125,1.2511999999999999
1.633587786259542,0.8396946564885496,-1.9694656488549618,-0.36083984375,0.083740234375,-0.3994140625,1.2529
1.8625954198473282,0.8244274809160306,-2.045801526717557,-0.36328125,0.085693359375,-0.406982421875,1.2546
1.8625954198473282,0.7022900763358778,-1.9541984732824427,-0.361083984375,0.08203125,-0.4091796875,1.2563
1.7557251908396947,0.5038167938931297,-1.8778625954198473,-0.363037109375,0.08056640625,-0.39794921875,1.258
1.465648854961832,0.5038167938931297,-1.786259541984733,-0.362060546875,0.084716796875,-0.402587890625,1.2596999999999998
1.618320610687023,0.4580152671755725,-1.6030534351145038,-0.3671875,0.081787109375,-0.395263671875,1.2613999999999999
1.6488549618320612,0.3511450381679389,-1.6488549618320612,-0.366943359375,0.08251953125,-0.40234375,1.2631
1.4809160305343512,0.2748091603053435,-1.450381679389313,-0.3642578125,0.082763671875,-0.399658203125,1.2648
1.1755725190839694,0.24427480916030533,-1.4961832061068703,-0.3671875,0.082275390625,-0.40087890625,1.2665
1.3587786259541985,0.183206106870229,-1.465648854961832,-0.366943359375,0.08544921875,-0.39697265625,1.2682
1.4198473282442747,0.32061068702290074,-1.5114503816793894,-0.36376953125,0.080322265625,-0.397705078125,1.2699
1.282442748091603,0.3053435114503817,-1.3129770992366412,-0.363037109375,0.0791015625,-0.404541015625,1.2715999999999998
1.4045801526717556,0.07633587786259542,-1.251908396946565,-0.361083984375,0.0791015625,-0.400390625,1.2732999999999999
1.2671755725190839,0.0,-1.1450381679389312,-0.361572265625,0.085693359375,-0.395263671875,1.275
1.3740458015267176,-0.13740458015267176,-1.2671755725190839,-0.35986328125,0.083740234375,-0.3974609375,1.2767
1.3129770992366412,-0.04580152671755725,-1.1755725190839694,-0.366455078125,0.07763671875,-0.401611328125,1.2784
1.3129770992366412,0.04580152671755725,-1.1755725190839694,-0.362548828125,0.088134765625,-0.3984375,1.2801
1.3893129770992367,-0.04580152671755725,-1.1603053435114503,-0.364013671875,0.081298828125,-0.399169921875,1.2817999999999998
1.3893129770992367,-0.13740458015267176,-1.2061068702290076,-0.358642578125,0.084716796875,-0.40380859375,1.2834999999999999
1.251908396946565,0.0,-1.0687022900763359,-0.360107421875,0.082763671875,-0.40087890625,1.2852
1.3435114503816794,-0.061068702290076333,-1.0229007633587786,-0.365966796875,0.08837890625,-0.400146484375,1.2869
1.4809160305343512,-0.16793893129770993,-0.9770992366412213,-0.363037109375,0.08447265625,-0.393798828125,1.2886
1.3893129770992367,-0.183206106870229,-1.0534351145038168,-0.36474609375,0.087890625,-0.39697265625,1.2903
1.4351145038167938,-0.04580152671755725,-1.083969465648855,-0.364013671875,0.084716796875,-0.3955078125,1.292
1.3435114503816794,-0.24427480916030533,-1.099236641221374,-0.364990234375,0.084716796875,-0.39453125,1.2936999999999999
1.6030534351145038,-0.1984732824427481,-1.1297709923664123,-0.366455078125,0.085693359375,-0.401123046875,1.2953999999999999
1.4198473282442747,-0.2748091603053435,-1.1145038167938932,-0.359375,0.083251953125,-0.40087890625,1.2971
1.3893129770992367,-0.42748091603053434,-0.9618320610687023,-0.359619140625,0.08154296875,-0.396484375,1.2988
1.4351145038167938,-0.33587786259541985,-0.9923664122137404,-0.366943359375,0.0830078125,-0.400146484375,1.3005
1.6030534351145038,-0.42748091603053434,-0.916030534351145,-0.362060546875,0.082275390625,-0.394775390625,1.3022
1.4961832061068703,-0.42748091603053434,-1.0687022900763359,-0.3671875,0.085205078125,-0.400634765625,1.3038999999999998
1.5725190839694656,-0.6717557251908397,-1.1755725190839694,-0.36181640625,0.07958984375,-0.3955078125,1.3055999999999999
1.3740458015267176,-0.5343511450381679,-1.099236641221374,-0.364990234375,0.08349609375,-0.39306640625,1.3073
1.5267175572519085,-0.4732824427480916,-0.9770992366412213,-0.364990234375,0.0859375,-0.399658203125,1.309
1.4198473282442747,-0.5190839694656488,-1.0229007633587786,-0.36083984375,0.084228515625,-0.406005859375,1.3107
1.3893129770992367,-0.5801526717557252,-0.916030534351145,-0.365478515625,0.0830078125,-0.407958984375,1.3124
1.5114503816793894,-0.6412213740458015,-1.1145038167938932,-0.359375,0.083740234375,-0.395263671875,1.3140999999999998
1.465648854961832,-0.6259541984732825,-0.9007633587786259,-0.36376953125,0.08349609375,-0.402099609375,1.3157999999999999
1.1297709923664123,-0.5801526717557252,-1.1145038167938932,-0.365234375,0.0859375,-0.405517578125,1.3175
1.282442748091603,-0.24427480916030533,-1.0381679389312977,-0.364013671875,0.078369140625,-0.395751953125,1.3192
1.1603053435114503,-0.4580152671755725,-1.1297709923664123,-0.365966796875,0.07421875,-0.39892578125,1.3209
1.2061068702290076,-0.3969465648854962,-1.0076335877862594,-0.36376953125,0.078125,-0.3935546875,1.3226
1.1450381679389312,-0.22900763358778625,-1.083969465648855,-0.37109375,0.08154296875,-0.394287109375,1.3243
1.1145038167938932,-0.183206106870229,-1.0229007633587786,-0.365966796875,0.08251953125,-0.39794921875,1.3259999999999998
1.2061068702290076,-0.2900763358778626,-1.2061068702290076,-0.3662109375,0.08056640625,-0.403076171875,1.3276999999999999
0.9770992366412213,-0.2748091603053435,-0.9923664122137404,-0.3662109375,0.083984375,-0.40283203125,1.3294
1.0381679389312977,-0.15267175572519084,-1.1450381679389312,-0.369384765625,0.08203125,-0.393798828125,1.3311
1.1145038167938932,-0.15267175572519084,-1.0687022900763359,-0.3671875,0.080322265625,-0.398193359375,1.3328
1.1297709923664123,-0.04580152671755725,-1.083969465648855,-0.367431640625,0.0771484375,-0.391845703125,1.3345
0.8702290076335878,0.0916030534351145,-1.0534351145038168,-0.365478515625,0.083984375,-0.401123046875,1.3361999999999998
0.7938931297709924,-0.015267175572519083,-1.0687022900763359,-0.3662109375,0.082275390625,-0.397705078125,1.3378999999999999
0.6564885496183206,0.04580152671755725,-1.099236641221374,-0.36767578125,0.081787109375,-0.39453125,1.3396
0.7022900763358778,0.4580152671755725,-1.0381679389312977,-0.36865234375,0.085205078125,-0.393798828125,1.3413
0.7022900763358778,0.3511450381679389,-1.1603053435114503,-0.36767578125,0.083740234375,-0.399658203125,1.343
0.6412213740458015,0.2900763358778626,-1.251908396946565,-0.37353515625,0.08740234375,-0.398193359375,1.3447
0.7938931297709924,0.4732824427480916,-1.1450381679389312,-0.367919921875,0.081787109375,-0.39697265625,1.3463999999999998
0.6106870229007634,0.3816793893129771,-1.3893129770992367,-0.36767578125,0.084716796875,-0.39111328125,1.3480999999999999
0.7022900763358778,0.3053435114503817,-1.4045801526717556,-0.365234375,0.083740234375,-0.393310546875,1.3497999999999999
0.5801526717557252,0.6259541984732825,-1.5267175572519085,-0.3681640625,0.08251953125,-0.3896484375,1.3515
0.6564885496183206,0.549618320610687,-1.3893129770992367,-0.364990234375,0.079345703125,-0.3994140625,1.3532
0.42748091603053434,0.2595419847328244,-1.5572519083969465,-0.373779296875,0.083984375,-0.393310546875,1.3549
0.4580152671755725,0.4122137404580153,-1.4961832061068703,-0.365966796875,0.08544921875,-0.392578125,1.3566
0.44274809160305345,0.5343511450381679,-1.6030534351145038,-0.370849609375,0.08251953125,-0.39404296875,1.3582999999999998
0.4122137404580153,0.6412213740458015,-1.6030534351145038,-0.362060546875,0.08203125,-0.398681640625,1.3599999999999999
0.2748091603053435,0.6412213740458015,-1.7099236641221374,-0.367431640625,0.08251953125,-0.40625,1.3617
0.2900763358778626,0.6259541984732825,-1.5267175572519085,-0.366943359375,0.084228515625,-0.40087890625,1.3634
0.48854961832061067,0.7633587786259542,-1.633587786259542,-0.3681640625,0.08935546875,-0.3994140625,1.3651
0.42748091603053434,0.8091603053435115,-1.465648854961832,-0.368408203125,0.087890625,-0.399169921875,1.3668
0.44274809160305345,0.6870229007633588,-1.7251908396946565,-0.364501953125,0.0859375,-0.394775390625,1.3684999999999998
0.2748091603053435,0.7786259541984732,-1.7709923664122138,-0.363525390625,0.08984375,-0.40087890625,1.3701999999999999
0.1984732824427481,0.7175572519083969,-1.8473282442748091,-0.369384765625,0.08642578125,-0.402587890625,1.3719
0.183206106870229,0.6717557251908397,-1.8625954198473282,-0.37109375,0.0830078125,-0.39599609375,1.3736
0.33587786259541985,0.8702290076335878,-2.030534351145038,-0.3759765625,0.08251953125,-0.400634765625,1.3753
0.1984732824427481,0.7786259541984732,-1.9541984732824427,-0.3642578125,0.08349609375,-0.404541015625,1.377
0.0916030534351145,0.7938931297709924,-2.0763358778625953,-0.3642578125,0.08544921875,-0.388427734375,1.3786999999999998
0.0916030534351145,0.9618320610687023,-1.9694656488549618,-0.366943359375,0.087890625,-0.3984375,1.3803999999999998
0.030534351145038167,0.8702290076335878,-2.198473282442748,-0.36865234375,0.081787109375,-0.400390625,1.3820999999999999
0.2748091603053435,0.9770992366412213,-2.0763358778625953,-0.368408203125,0.08642578125,-0.405517578125,1.3838
0.21374045801526717,1.0687022900763359,-1.9541984732824427,-0.369873046875,0.091064453125,-0.4013671875,1.3855
-0.07633587786259542,1.0229007633587786,-2.015267175572519,-0.3642578125,0.087890625,-0.39794921875,1.3872
0.3816793893129771,1.0076335877862594,-2.030534351145038,-0.362060546875,0.08349609375,-0.393798828125,1.3889
0.21374045801526717,0.9770992366412213,-2.0916030534351147,-0.36083984375,0.0859375,-0.3974609375,1.3905999999999998
0.061068702290076333,0.9312977099236641,-2.122137404580153,-0.365478515625,0.083251953125,-0.39306640625,1.3922999999999999
0.183206106870229,1.0076335877862594,-2.1068702290076335,-0.36767578125,0.0888671875,-0.3955078125,1.394
0.2595419847328244,0.8091603053435115,-2.045801526717557,-0.365234375,0.08203125,-0.398681640625,1.3957
0.16793893129770993,0.8549618320610687,-2.0610687022900764,-0.369384765625,0.084228515625,-0.400634765625,1.3974
0.061068702290076333,0.8244274809160306,-2.122137404580153,-0.368896484375,0.086669921875,-0.397705078125,1.3991
0.183206106870229,0.8549618320610687,-1.984732824427481,-0.365966796875,0.084228515625,-0.39306640625,1.4007999999999998
0.2595419847328244,0.732824427480916,-2.0610687022900764,-0.36962890625,0.08251953125,-0.393798828125,1.4024999999999999
0.1984732824427481,0.7480916030534351,-2.015267175572519,-0.366455078125,0.0869140625,-0.390625,1.4042
0.366412213740458,0.9465648854961832,-2.045801526717557,-0.368896484375,0.08642578125,-0.40478515625,1.4059
0.3053435114503817,0.7633587786259542,-1.9694656488549618,-0.371826171875,0.082763671875,-0.39892578125,1.4076
0.1984732824427481,0.7786259541984732,-1.984732824427481,-0.372314453125,0.085693359375,-0.406494140625,1.4093
0.3511450381679389,0.8854961832061069,-1.8778625954198473,-0.367919921875,0.08251953125,-0.403564453125,1.411
0.3511450381679389,0.8549618320610687,-2.030534351145038,-0.365966796875,0.087890625,-0.39501953125,1.4126999999999998
0.32061068702290074,0.9312977099236641,-1.9389312977099236,-0.369873046875,0.087158203125,-0.400146484375,1.4143999999999999
0.21374045801526717,0.9923664122137404,-2.0,-0.37109375,0.080810546875,-0.401123046875,1.4161
0.3053435114503817,0.7938931297709924,-1.9541984732824427,-0.365478515625,0.087646484375,-0.396484375,1.4178
0.3511450381679389,0.8854961832061069,-1.7557251908396947,-0.368408203125,0.0830078125,-0.394287109375,1.4195
0.32061068702290074,1.0534351145038168,-1.8778625954198473,-0.368896484375,0.0859375,-0.400634765625,1.4212
0.3969465648854962,1.0076335877862594,-1.9389312977099236,-0.371337890625,0.0888671875,-0.3974609375,1.4228999999999998
0.4580152671755725,0.9465648854961832,-1.9236641221374047,-0.3701171875,0.085205078125,-0.395263671875,1.4245999999999999
0.5648854961832062,0.9770992366412213,-1.6946564885496183,-0.365478515625,0.088623046875,-0.39453125,1.4263
0.6412213740458015,1.0229007633587786,-1.83206106870229,-0.367431640625,0.08984375,-0.401123046875,1.428
0.5190839694656488,1.083969465648855,-1.9389312977099236,-0.36669921875,0.087890625,-0.4072265625,1.4297
0.6870229007633588,0.9770992366412213,-2.030534351145038,-0.3681640625,0.08984375,-0.394775390625,1.4314
0.8702290076335878,0.8549618320610687,-1.816793893129771,-0.367919921875,0.0869140625,-0.3984375,1.4330999999999998
0.8396946564885496,0.7938931297709924,-1.9236641221374047,-0.363525390625,0.084716796875,-0.404541015625,1.4347999999999999
0.9618320610687023,0.8854961832061069,-1.8473282442748091,-0.36962890625,0.085205078125,-0.40771484375,1.4364999999999999
1.0687022900763359,0.732824427480916,-1.8778625954198473,-0.36669921875,0.086181640625,-0.392333984375,1.4382
0.8702290076335878,0.5343511450381679,-1.8473282442748091,-0.3662109375,0.0849609375,-0.395751953125,1.4399
0.9618320610687023,0.7480916030534351,-1.984732824427481,-0.367431640625,0.083984375,-0.3984375,1.4416
1.297709923664122,0.7633587786259542,-1.9236641221374047,-0.365966796875,0.081787109375,-0.400390625,1.4433
1.450381679389313,0.6564885496183206,-2.0,-0.364013671875,0.089111328125,-0.4013671875,1.4449999999999998
1.3129770992366412,0.7480916030534351,-1.786259541984733,-0.361328125,0.088623046875,-0.39599609375,1.4466999999999999
1.282442748091603,0.6259541984732825,-2.015267175572519,-0.366455078125,0.083984375,-0.39453125,1.4484
1.3129770992366412,0.6870229007633588,-1.7557251908396947,-0.364990234375,0.087646484375,-0.3955078125,1.4501
1.465648854961832,0.4732824427480916,-1.7557251908396947,-0.369384765625,0.087890625,-0.400146484375,1.4518
1.4045801526717556,0.48854961832061067,-1.6793893129770991,-0.363525390625,0.0888671875,-0.392822265625,1.4535
1.4045801526717556,0.4122137404580153,-1.5877862595419847,-0.369873046875,0.087646484375,-0.396728515625,1.4551999999999998
1.7099236641221374,0.3969465648854962,-1.7404580152671756,-0.365966796875,0.08642578125,-0.3955078125,1.4568999999999999
1.465648854961832,0.366412213740458,-1.786259541984733,-0.3642578125,0.086181640625,-0.4013671875,1.4586
1.6793893129770991,0.21374045801526717,-1.5572519083969465,-0.368408203125,0.087890625,-0.391845703125,1.4603
1.6793893129770991,0.2900763358778626,-1.618320610687023,-0.3642578125,0.076904296875,-0.4013671875,1.462
1.5572519083969465,0.1984732824427481,-1.4809160305343512,-0.360107421875,0.078369140625,-0.40234375,1.4637
1.7709923664122138,0.183206106870229,-1.4351145038167938,-0.36669921875,0.08349609375,-0.397216796875,1.4653999999999998
1.633587786259542,-0.04580152671755725,-1.4198473282442747,-0.364990234375,0.081787109375,-0.39990234375,1.4670999999999998
1.6793893129770991,-0.030534351145038167,-1.297709923664122,-0.369384765625,0.080078125,-0.39453125,1.4687999999999999
1.465648854961832,-0.07633587786259542,-1.2366412213740459,-0.3681640625,0.0830078125,-0.398193359375,1.4705
1.5877862595419847,-0.183206106870229,-1.465648854961832,-0.36767578125,0.083251953125,-0.39501953125,1.4722
1.4961832061068703,-0.21374045801526717,-1.1297709923664123,-0.362060546875,0.086181640625,-0.398681640625,1.4739
1.6641221374045803,-0.0916030534351145,-1.3129770992366412,-0.364990234375,0.08642578125,-0.397216796875,1.4756
1.450381679389313,-0.10687022900763359,-1.251908396946565,-0.361328125,0.081298828125,-0.3935546875,1.4772999999999998
1.6488549618320612,-0.1984732824427481,-1.2366412213740459,-0.372802734375,0.083740234375,-0.39501953125,1.4789999999999999
1.6946564885496183,-0.22900763358778625,-1.0229007633587786,-0.369140625,0.08740234375,-0.4013671875,1.4807
1.5725190839694656,-0.2748091603053435,-1.0229007633587786,-0.363525390625,0.0810546875,-0.40234375,1.4824
1.5725190839694656,-0.32061068702290074,-0.9312977099236641,-0.37353515625,0.08154296875,-0.389892578125,1.4841
1.5114503816793894,-0.33587786259541985,-1.0381679389312977,-0.3720703125,0.084228515625,-0.396484375,1.4858
1.5877862595419847,-0.3511450381679389,-0.7480916030534351,-0.373046875,0.088134765625,-0.393798828125,1.4874999999999998
1.4198473282442747,-0.3511450381679389,-1.0534351145038168,-0.366455078125,0.079833984375,-0.4052734375,1.4891999999999999
1.5114503816793894,-0.3053435114503817,-1.0381679389312977,-0.36767578125,0.0830078125,-0.401611328125,1.4909
1.6641221374045803,-0.2595419847328244,-1.099236641221374,-0.36181640625,0.080078125,-0.392822265625,1.4926
1.7099236641221374,-0.2900763358778626,-0.9312977099236641,-0.35986328125,0.079345703125,-0.3896484375,1.4943
1.5419847328244274,-0.2900763358778626,-1.0381679389312977,-0.364990234375,0.085693359375,-0.396484375,1.496
1.2671755725190839,-0.42748091603053434,-0.9770992366412213,-0.36669921875,0.085205078125,-0.395263671875,1.4976999999999998
1.5419847328244274,-0.22900763358778625,-1.1145038167938932,-0.367431640625,0.0869140625,-0.400390625,1.4993999999999998
1.618320610687023,-0.5190839694656488,-1.0687022900763359,-0.370849609375,0.08447265625,-0.39306640625,1.5010999999999999
1.7557251908396947,-0.33587786259541985,-1.1145038167938932,-0.37158203125,0.083740234375,-0.392333984375,1.5028
1.4961832061068703,-0.21374045801526717,-0.8549618320610687,-0.365966796875,0.0859375,-0.39453125,1.5045
1.5114503816793894,-0.22900763358778625,-1.1603053435114503,-0.371337890625,0.0830078125,-0.395751953125,1.5062
1.6793893129770991,-0.21374045801526717,-0.916030534351145,-0.368408203125,0.0888671875,-0.39501953125,1.5079
1.5725190839694656,-0.2748091603053435,-1.251908396946565,-0.368896484375,0.0859375,-0.3935546875,1.5095999999999998
1.5267175572519085,-0.21374045801526717,-1.1755725190839694,-0.36279296875,0.080322265625,-0.39306640625,1.5112999999999999
1.6641221374045803,-0.183206106870229,-0.9312977099236641,-0.369873046875,0.083984375,-0.395263671875,1.513
1.3435114503816794,-0.22900763358778625,-1.1603053435114503,-0.370361328125,0.0810546875,-0.38916015625,1.5147
1.4351145038167938,-0.13740458015267176,-1.2671755725190839,-0.36572265625,0.0849609375,-0.391357421875,1.5164
1.6946564885496183,0.030534351145038167,-0.9923664122137404,-0.369384765625,0.080810546875,-0.390380859375,1.5181
1.4045801526717556,-0.0916030534351145,-1.1603053435114503,-0.373046875,0.07861328125,-0.392578125,1.5197999999999998
1.4351145038167938,0.0916030534351145,-1.3129770992366412,-0.367919921875,0.08056640625,-0.39794921875,1.5214999999999999
1.5419847328244274,0.22900763358778625,-1.282442748091603,-0.369384765625,0.086181640625,-0.3994140625,1.5231999999999999
1.5572519083969465,0.24427480916030533,-1.3129770992366412,-0.36572265625,0.08251953125,-0.394287109375,1.5249
1.1450381679389312,0.2900763358778626,-1.4809160305343512,-0.371826171875,0.07861328125,-0.398681640625,1.5266
1.4045801526717556,0.3816793893129771,-1.1603053435114503,-0.368896484375,0.0771484375,-0.403564453125,1.5283
1.6488549618320612,0.12213740458015267,-1.4351145038167938,-0.37353515625,0.08056640625,-0.395263671875,1.5299999999999998
1.2366412213740459,0.183206106870229,-1.282442748091603,-0.369140625,0.08251953125,-0.3896484375,1.5316999999999998
1.6641221374045803,0.32061068702290074,-1.4961832061068703,-0.370361328125,0.084228515625,-0.4013671875,1.5333999999999999
1.6030534351145038,0.48854961832061067,-1.4045801526717556,-0.368896484375,0.081787109375,-0.399658203125,1.5351
1.282442748091603,0.5190839694656488,-1.1450381679389312,-0.36865234375,0.081787109375,-0.39501953125,1.5368
1.297709923664122,0.5954198473282443,-1.2061068702290076,-0.37109375,0.0771484375,-0.39501953125,1.5385
1.297709923664122,0.5343511450381679,-1.633587786259542,-0.366943359375,0.081298828125,-0.392822265625,1.5402
1.3893129770992367,0.5343511450381679,-1.3740458015267176,-0.369873046875,0.08642578125,-0.3935546875,1.5418999999999998
1.251908396946565,0.7022900763358778,-1.5572519083969465,-0.370849609375,0.07861328125,-0.3935546875,1.5435999999999999
0.9923664122137404,0.6259541984732825,-1.6488549618320612,-0.3662109375,0.0791015625,-0.4013671875,1.5453
1.1145038167938932,0.7938931297709924,-1.5725190839694656,-0.3671875,0.080078125,-0.397216796875,1.547
1.1755725190839694,0.7480916030534351,-1.5114503816793894,-0.3671875,0.085693359375,-0.399169921875,1.5487
1.2213740458015268,0.7022900763358778,-1.6488549618320612,-0.3671875,0.08740234375,-0.391357421875,1.5504
1.083969465648855,0.732824427480916,-1.7251908396946565,-0.37255859375,0.08154296875,-0.4013671875,1.5520999999999998
0.9618320610687023,0.9007633587786259,-1.5572519083969465,-0.372802734375,0.0810546875,-0.3984375,1.5537999999999998
0.916030534351145,0.7786259541984732,-1.633587786259542,-0.364990234375,0.0869140625,-0.400390625,1.5554999999999999
1.1450381679389312,0.8091603053435115,-1.7251908396946565,-0.372802734375,0.08154296875,-0.394287109375,1.5572
1.083969465648855,0.916030534351145,-1.786259541984733,-0.37060546875,0.080810546875,-0.402587890625,1.5589
0.916030534351145,0.8702290076335878,-1.7557251908396947,-0.3662109375,0.0830078125,-0.397216796875,1.5606
0.8854961832061069,0.8702290076335878,-1.6793893129770991,-0.364990234375,0.082763671875,-0.40087890625,1.5623
1.0381679389312977,0.8244274809160306,-1.7404580152671756,-0.3671875,0.08984375,-0.39306640625,1.5639999999999998
0.8854961832061069,0.8702290076335878,-1.8473282442748091,-0.37109375,0.082275390625,-0.3896484375,1.5656999999999999
0.8854961832061069,0.9770992366412213,-2.015267175572519,-0.367431640625,0.080322265625,-0.392578125,1.5674
0.8854961832061069,0.8396946564885496,-1.8625954198473282,-0.3701171875,0.0830078125,-0.39599609375,1.5691
1.0076335877862594,0.9465648854961832,-1.7099236641221374,-0.3701171875,0.087646484375,-0.3955078125,1.5708
0.8702290076335878,1.1908396946564885,-1.9236641221374047,-0.36865234375,0.0830078125,-0.39013671875,1.5725
0.5801526717557252,1.251908396946565,-1.984732824427481,-0.3701171875,0.08251953125,-0.391845703125,1.5741999999999998
0.7633587786259542,1.1297709923664123,-1.9236641221374047,-0.36767578125,0.0849609375,-0.39599609375,1.5758999999999999
0.8854961832061069,1.1297709923664123,-1.9694656488549618,-0.372314453125,0.087890625,-0.39013671875,1.5776
0.8091603053435115,1.282442748091603,-1.8778625954198473,-0.369873046875,0.080810546875,-0.39501953125,1.5793
0.7175572519083969,1.1908396946564885,-1.8473282442748091,-0.3740234375,0.085693359375,-0.39990234375,1.581
0.8702290076335878,1.2213740458015268,-2.0763358778625953,-0.37451171875,0.080810546875,-0.400146484375,1.5827
0.8091603053435115,1.3282442748091603,-1.816793893129771,-0.368408203125,0.083740234375,-0.396240234375,1.5843999999999998
0.7633587786259542,1.3435114503816794,-2.030534351145038,-0.364990234375,0.087158203125,-0.399169921875,1.5860999999999998
0.6259541984732825,1.3740458015267176,-1.816793893129771,-0.370361328125,0.0869140625,-0.391845703125,1.5877999999999999
0.549618320610687,1.3282442748091603,-1.7251908396946565,-0.369384765625,0.08203125,-0.394287109375,1.5895
0.6412213740458015,1.251908396946565,-1.9083969465648856,-0.365478515625,0.08203125,-0.392578125,1.5912
0.7175572519083969,1.4198473282442747,-1.8473282442748091,-0.367919921875,0.080078125,-0.3935546875,1.5929
0.8854961832061069,1.4961832061068703,-2.0,-0.367919921875,0.082763671875,-0.399658203125,1.5946
0.7480916030534351,1.5419847328244274,-1.9083969465648856,-0.366943359375,0.0869140625,-0.39306640625,1.5962999999999998
0.6564885496183206,1.4351145038167938,-2.030534351145038,-0.3662109375,0.083740234375,-0.387939453125,1.5979999999999999
0.7786259541984732,1.450381679389313,-2.045801526717557,-0.369873046875,0.0869140625,-0.399169921875,1.5997
0.5954198473282443,1.3893129770992367,-1.8778625954198473,-0.36865234375,0.080078125,-0.4072265625,1.6014
0.8854961832061069,1.2671755725190839,-1.8931297709923665,-0.366455078125,0.083984375,-0.396484375,1.6031
0.8549618320610687,1.4809160305343512,-2.0763358778625953,-0.3642578125,0.07861328125,-0.39892578125,1.6048
0.7022900763358778,1.5114503816793894,-1.8625954198473282,-0.366455078125,0.085693359375,-0.398193359375,1.6064999999999998
0.6564885496183206,1.297709923664122,-1.786259541984733,-0.365966796875,0.080078125,-0.398193359375,1.6081999999999999
0.7938931297709924,1.2671755725190839,-1.8625954198473282,-0.3681640625,0.08349609375,-0.39453125,1.6098999999999999
0.8091603053435115,1.282442748091603,-1.83206106870229,-0.365234375,0.08251953125,-0.3974609375,1.6116
0.8396946564885496,1.2366412213740459,-1.7709923664122138,-0.36767578125,0.078857421875,-0.398681640625,1.6133
0.8854961832061069,1.2061068702290076,-1.6030534351145038,-0.369384765625,0.08447265625,-0.388916015625,1.615
0.9007633587786259,1.3740458015267176,-1.7251908396946565,-0.36865234375,0.078857421875,-0.4013671875,1.6166999999999998
0.9465648854961832,1.2671755725190839,-1.6030534351145038,-0.3671875,0.084716796875,-0.39208984375,1.6183999999999998
0.7938931297709924,1.0687022900763359,-1.5877862595419847,-0.366455078125,0.0849609375,-0.393798828125,1.6200999999999999
0.8854961832061069,1.297709923664122,-1.786259541984733,-0.366943359375,0.0849609375,-0.40234375,1.6218
0.732824427480916,1.4809160305343512,-1.6030534351145038,-0.36962890625,0.085205078125,-0.400146484375,1.6235
0.7175572519083969,1.2671755725190839,-1.5419847328244274,-0.372314453125,0.08203125,-0.398193359375,1.6252
0.9312977099236641,1.4351145038167938,-1.6488549618320612,-0.368896484375,0.083251953125,-0.396728515625,1.6269
0.9923664122137404,1.2671755725190839,-1.4961832061068703,-0.36669921875,0.08349609375,-0.392333984375,1.6285999999999998
0.9618320610687023,1.1908396946564885,-1.5114503816793894,-0.369384765625,0.088134765625,-0.404541015625,1.6302999999999999
0.9770992366412213,1.297709923664122,-1.4351145038167938,-0.36865234375,0.0859375,-0.39990234375,1.632
0.9465648854961832,1.2061068702290076,-1.3740458015267176,-0.367919921875,0.083251953125,-0.40234375,1.6337
0.8702290076335878,1.3740458015267176,-1.450381679389313,-0.36279296875,0.08154296875,-0.390380859375,1.6354
1.251908396946565,1.2213740458015268,-1.5114503816793894,-0.368408203125,0.089111328125,-0.399658203125,1.6371
1.0381679389312977,1.0229007633587786,-1.3282442748091603,-0.368896484375,0.083984375,-0.398193359375,1.6387999999999998
0.8854961832061069,1.1450381679389312,-1.3893129770992367,-0.364501953125,0.084228515625,-0.393798828125,1.6404999999999998
1.1908396946564885,1.251908396946565,-1.4809160305343512,-0.3720703125,0.08251953125,-0.397705078125,1.6421999999999999
1.0381679389312977,1.0381679389312977,-1.297709923664122,-0.36865234375,0.0810546875,-0.3916015625,1.6439
1.1145038167938932,0.8854961832061069,-1.2213740458015268,-0.367431640625,0.089111328125,-0.397705078125,1.6456
1.3435114503816794,0.916030534351145,-1.3435114503816794,-0.3642578125,0.0810546875,-0.395751953125,1.6473
1.1755725190839694,1.1297709923664123,-1.297709923664122,-0.361572265625,0.082275390625,-0.395751953125,1.6489999999999998
1.1908396946564885,1.0076335877862594,-1.3587786259541985,-0.36962890625,0.090087890625,-0.39990234375,1.6506999999999998
1.3435114503816794,1.0229007633587786,-1.099236641221374,-0.366455078125,0.083984375,-0.40380859375,1.6523999999999999
1.3587786259541985,0.9618320610687023,-1.3435114503816794,-0.36474609375,0.084228515625,-0.39794921875,1.6541
1.3587786259541985,0.9618320610687023,-1.297709923664122,-0.36865234375,0.0908203125,-0.39794921875,1.6558
1.5114503816793894,1.0381679389312977,-1.3893129770992367,-0.36474609375,0.08544921875,-0.396484375,1.6575
1.3435114503816794,0.9007633587786259,-1.099236641221374,-0.3642578125,0.0869140625,-0.40234375,1.6592
1.5725190839694656,1.0229007633587786,-1.4045801526717556,-0.365966796875,0.0810546875,-0.395263671875,1.6608999999999998
1.465648854961832,1.099236641221374,-1.1908396946564885,-0.366455078125,0.0859375,-0.395263671875,1.6625999999999999
1.5877862595419847,1.1297709923664123,-1.1755725190839694,-0.3720703125,0.0859375,-0.396728515625,1.6643
1.4351145038167938,1.0687022900763359,-1.2061068702290076,-0.368896484375,0.08154296875,-0.393798828125,1.666
1.6030534351145038,0.9312977099236641,-1.2061068702290076,-0.36669921875,0.084228515625,-0.401611328125,1.6677
1.9236641221374047,1.1297709923664123,-1.1755725190839694,-0.368896484375,0.086669921875,-0.397705078125,1.6694
1.6793893129770991,0.9465648854961832,-1.465648854961832,-0.36669921875,0.0869140625,-0.39453125,1.6710999999999998
1.6488549618320612,0.9923664122137404,-1.099236641221374,-0.36279296875,0.082275390625,-0.399658203125,1.6727999999999998
1.6793893129770991,1.1603053435114503,-1.1450381679389312,-0.3681640625,0.089599609375,-0.40234375,1.6744999999999999
1.83206106870229,1.0534351145038168,-0.9770992366412213,-0.368896484375,0.08251953125,-0.400390625,1.6762
1.8625954198473282,1.0687022900763359,-1.0687022900763359,-0.36572265625,0.093017578125,-0.40283203125,1.6779
1.7099236641221374,1.2061068702290076,-1.1145038167938932,-0.36376953125,0.086669921875,-0.403564453125,1.6796
1.6030534351145038,1.1145038167938932,-1.3282442748091603,-0.36474609375,0.07958984375,-0.4013671875,1.6813
1.8015267175572518,1.1755725190839694,-1.0687022900763359,-0.3671875,0.085693359375,-0.3935546875,1.6829999999999998
1.786259541984733,1.1450381679389312,-1.0381679389312977,-0.36572265625,0.08056640625,-0.39453125,1.6846999999999999
1.8778625954198473,1.2671755725190839,-1.0534351145038168,-0.368408203125,0.087158203125,-0.39697265625,1.6864
1.8625954198473282,1.1145038167938932,-1.099236641221374,-0.366943359375,0.080322265625,-0.3955078125,1.6881
1.6488549618320612,1.099236641221374,-1.0076335877862594,-0.3642578125,0.08349609375,-0.393310546875,1.6898
1.9083969465648856,1.2061068702290076,-1.083969465648855,-0.36083984375,0.080322265625,-0.39404296875,1.6915
1.816793893129771,1.282442748091603,-0.9007633587786259,-0.36083984375,0.081787109375,-0.390625,1.6931999999999998
1.633587786259542,1.1450381679389312,-1.1145038167938932,-0.37060546875,0.08251953125,-0.3896484375,1.6948999999999999
1.6488549618320612,1.251908396946565,-0.9007633587786259,-0.363525390625,0.080078125,-0.386474609375,1.6965999999999999
1.7404580152671756,1.282442748091603,-0.9923664122137404,-0.36572265625,0.086181640625,-0.3857421875,1.6983
1.6488549618320612,1.3893129770992367,-0.8702290076335878,-0.3671875,0.084228515625,-0.393310546875,1.7
1.8015267175572518,1.3129770992366412,-0.8702290076335878,-0.369140625,0.0869140625,-0.402099609375,1.7017
1.5725190839694656,1.099236641221374,-0.7480916030534351,-0.371826171875,0.0869140625,-0.40380859375,1.7033999999999998
1.7404580152671756,1.282442748091603,-0.8854961832061069,-0.369384765625,0.087646484375,-0.394775390625,1.7050999999999998
1.6030534351145038,1.297709923664122,-0.7480916030534351,-0.364013671875,0.088623046875,-0.396728515625,1.7067999999999999
1.465648854961832,1.3435114503816794,-0.7175572519083969,-0.369384765625,0.083984375,-0.395751953125,1.7085
1.4961832061068703,1.3587786259541985,-0.7480916030534351,-0.371337890625,0.085693359375,-0.388427734375,1.7102
1.450381679389313,1.4351145038167938,-0.7633587786259542,-0.3642578125,0.0830078125,-0.39892578125,1.7119
1.5267175572519085,1.2671755725190839,-0.6412213740458015,-0.36962890625,0.0859375,-0.39697265625,1.7136
1.4809160305343512,1.3435114503816794,-0.7633587786259542,-0.367431640625,0.082275390625,-0.39501953125,1.7152999999999998
1.5419847328244274,1.450381679389313,-0.7175572519083969,-0.36669921875,0.0810546875,-0.39501953125,1.7169999999999999
1.297709923664122,1.3893129770992367,-0.7480916030534351,-0.370849609375,0.0771484375,-0.39599609375,1.7187
1.4809160305343512,1.3435114503816794,-0.6259541984732825,-0.37060546875,0.080078125,-0.39208984375,1.7204
1.4351145038167938,1.3129770992366412,-0.8091603053435115,-0.369384765625,0.08203125,-0.3955078125,1.7221
1.282442748091603,1.2366412213740459,-0.5648854961832062,-0.370849609375,0.08740234375,-0.398193359375,1.7238
1.297709923664122,1.2671755725190839,-0.5343511450381679,-0.369384765625,0.083984375,-0.39404296875,1.7254999999999998
1.3282442748091603,1.3740458015267176,-0.6717557251908397,-0.37060546875,0.086181640625,-0.4013671875,1.7271999999999998
1.2671755725190839,1.4045801526717556,-0.7175572519083969,-0.365234375,0.083740234375,-0.41162109375,1.7288999999999999
1.2213740458015268,1.3740458015267176,-0.5038167938931297,-0.3701171875,0.084228515625,-0.400390625,1.7306
1.2213740458015268,1.5572519083969465,-0.6564885496183206,-0.37109375,0.085205078125,-0.400390625,1.7323
1.3435114503816794,1.633587786259542,-0.7175572519083969,-0.373046875,0.089599609375,-0.390869140625,1.734
1.3435114503816794,1.5877862595419847,-0.7938931297709924,-0.369873046875,0.083251953125,-0.388427734375,1.7356999999999998
1.282442748091603,1.7557251908396947,-0.732824427480916,-0.367431640625,0.085205078125,-0.397216796875,1.7373999999999998
1.099236641221374,1.6030534351145038,-0.8396946564885496,-0.36865234375,0.07666015625,-0.3955078125,1.7390999999999999
1.2061068702290076,1.8473282442748091,-0.8854961832061069,-0.36865234375,0.08056640625,-0.40087890625,1.7408
1.2061068702290076,1.786259541984733,-0.916030534351145,-0.36767578125,0.085693359375,-0.399658203125,1.7425
1.0687022900763359,1.8931297709923665,-0.8702290076335878,-0.367431640625,0.0849609375,-0.40966796875,1.7442
1.1297709923664123,1.9083969465648856,-0.8549618320610687,-0.369384765625,0.081298828125,-0.394287109375,1.7459
1.2213740458015268,1.5725190839694656,-0.7480916030534351,-0.366455078125,0.0859375,-0.39013671875,1.7475999999999998
1.2061068702290076,1.8015267175572518,-0.9618320610687023,-0.36572265625,0.088623046875,-0.3916015625,1.7492999999999999
1.083969465648855,1.6641221374045803,-0.9770992366412213,-0.36279296875,0.081298828125,-0.396240234375,1.751
1.0381679389312977,1.7251908396946565,-0.916030534351145,-0.364501953125,0.0810546875,-0.395263671875,1.7527
1.1145038167938932,1.8473282442748091,-1.1755725190839694,-0.36279296875,0.078369140625,-0.396484375,1.7544
1.2671755725190839,1.7557251908396947,-1.1145038167938932,-0.36328125,0.08251953125,-0.39013671875,1.7561
1.1450381679389312,1.786259541984733,-1.1755725190839694,-0.362548828125,0.08740234375,-0.39697265625,1.7577999999999998
1.0229007633587786,1.8625954198473282,-1.0687022900763359,-0.363037109375,0.085693359375,-0.396728515625,1.7594999999999998
0.9618320610687023,1.633587786259542,-1.0381679389312977,-0.365966796875,0.08837890625,-0.400390625,1.7611999999999999
1.0534351145038168,1.6641221374045803,-0.9923664122137404,-0.363037109375,0.081298828125,-0.39697265625,1.7629
0.7786259541984732,1.7099236641221374,-1.0229007633587786,-0.361328125,0.083740234375,-0.3935546875,1.7646
0.8244274809160306,1.5572519083969465,-0.9312977099236641,-0.365478515625,0.0810546875,-0.385986328125,1.7663
0.7022900763358778,1.6488549618320612,-0.9618320610687023,-0.36572265625,0.08349609375,-0.39794921875,1.7679999999999998
0.7022900763358778,1.4198473282442747,-0.916030534351145,-0.36767578125,0.09326171875,-0.396484375,1.7696999999999998
0.7786259541984732,1.3587786259541985,-0.9465648854961832,-0.3662109375,0.083984375,-0.39306640625,1.7713999999999999
0.549618320610687,1.297709923664122,-1.1297709923664123,-0.365234375,0.087158203125,-0.389404296875,1.7731
0.5954198473282443,1.3587786259541985,-0.9618320610687023,-0.3623046875,0.086181640625,-0.3974609375,1.7748
0.549618320610687,1.0534351145038168,-0.8396946564885496,-0.36181640625,0.085693359375,-0.395751953125,1.7765
0.4580152671755725,1.099236641221374,-1.2213740458015268,-0.367919921875,0.08935546875,-0.393310546875,1.7782
0.48854961832061067,1.297709923664122,-1.083969465648855,-0.36962890625,0.0849609375,-0.399169921875,1.7798999999999998
0.44274809160305345,1.1755725190839694,-0.9618320610687023,-0.369873046875,0.084716796875,-0.3994140625,1.7815999999999999
0.6564885496183206,1.251908396946565,-1.2213740458015268,-0.368408203125,0.081298828125,-0.399658203125,1.7832999999999999
0.4122137404580153,1.4351145038167938,-1.1145038167938932,-0.365234375,0.08642578125,-0.4033203125,1.785
0.5038167938931297,1.4351145038167938,-1.0687022900763359,-0.3671875,0.08544921875,-0.40869140625,1.7867
0.5954198473282443,1.6488549618320612,-1.2213740458015268,-0.367431640625,0.089599609375,-0.401123046875,1.7884
0.6259541984732825,1.5877862595419847,-1.282442748091603,-0.373046875,0.088134765625,-0.398193359375,1.7900999999999998
0.6106870229007634,1.6946564885496183,-1.3129770992366412,-0.37060546875,0.081787109375,-0.398193359375,1.7917999999999998
0.6564885496183206,1.8778625954198473,-1.2061068702290076,-0.371826171875,0.0830078125,-0.39453125,1.7934999999999999
0.6259541984732825,1.8473282442748091,-1.4809160305343512,-0.368896484375,0.0859375,-0.40283203125,1.7952
0.4732824427480916,1.9083969465648856,-1.2671755725190839,-0.365966796875,0.081298828125,-0.399169921875,1.7969
0.7022900763358778,2.1526717557251906,-1.3740458015267176,-0.3681640625,0.083251953125,-0.40185546875,1.7986
0.6412213740458015,2.0763358778625953,-1.1908396946564885,-0.373046875,0.08544921875,-0.40380859375,1.8002999999999998
0.6564885496183206,1.9694656488549618,-1.450381679389313,-0.36083984375,0.087890625,-0.39892578125,1.8019999999999998
0.8244274809160306,2.0610687022900764,-1.5114503816793894,-0.361328125,0.0888671875,-0.397216796875,1.8036999999999999
0.7480916030534351,2.0,-1.6488549618320612,-0.37353515625,0.087158203125,-0.394287109375,1.8054
0.916030534351145,1.9236641221374047,-1.5419847328244274,-0.361083984375,0.086181640625,-0.3935546875,1.8071
0.916030534351145,1.6030534351145038,-1.8473282442748091,-0.366455078125,0.08544921875,-0.3974609375,1.8088
0.9465648854961832,1.618320610687023,-1.786259541984733,-0.369384765625,0.085693359375,-0.4013671875,1.8105
0.916030534351145,1.4809160305343512,-2.045801526717557,-0.36328125,0.093505859375,-0.399658203125,1.8121999999999998
0.916030534351145,1.4351145038167938,-2.015267175572519,-0.36474609375,0.08642578125,-0.404541015625,1.8138999999999998
1.1755725190839694,1.3893129770992367,-2.0610687022900764,-0.362548828125,0.086181640625,-0.39697265625,1.8155999999999999
1.297709923664122,1.282442748091603,-2.2290076335877864,-0.358154296875,0.0888671875,-0.393310546875,1.8173
1.1603053435114503,1.3282442748091603,-2.2595419847328246,-0.362060546875,0.086669921875,-0.386962890625,1.819
1.1908396946564885,1.297709923664122,-2.213740458015267,-0.36181640625,0.08203125,-0.39794921875,1.8207
1.1603053435114503,1.0381679389312977,-2.213740458015267,-0.365478515625,0.08203125,-0.38232421875,1.8223999999999998
1.2366412213740459,1.0687022900763359,-2.0916030534351147,-0.363525390625,0.0908203125,-0.40283203125,1.8240999999999998
1.2061068702290076,0.9007633587786259,-2.3206106870229006,-0.36279296875,0.079345703125,-0.39697265625,1.8257999999999999
1.0229007633587786,0.8854961832061069,-2.198473282442748,-0.366943359375,0.08251953125,-0.39990234375,1.8275
1.0229007633587786,0.9465648854961832,-2.351145038167939,-0.367431640625,0.08642578125,-0.400634765625,1.8292
1.2061068702290076,0.9770992366412213,-2.122137404580153,-0.36767578125,0.081787109375,-0.404296875,1.8309
1.0534351145038168,0.8091603053435115,-2.030534351145038,-0.36767578125,0.0810546875,-0.39892578125,1.8326
1.0687022900763359,0.42748091603053434,-1.9541984732824427,-0.363525390625,0.083740234375,-0.394287109375,1.8342999999999998
1.0534351145038168,0.3969465648854962,-2.2748091603053435,-0.365966796875,0.08154296875,-0.396484375,1.8359999999999999
0.9770992366412213,0.4732824427480916,-1.8625954198473282,-0.3623046875,0.07958984375,-0.3916015625,1.8377
0.9007633587786259,0.549618320610687,-2.0610687022900764,-0.364013671875,0.08544921875,-0.400390625,1.8394
0.916030534351145,0.48854961832061067,-2.015267175572519,-0.364501953125,0.081298828125,-0.399169921875,1.8411
0.8091603053435115,0.1984732824427481,-2.0,-0.364990234375,0.0849609375,-0.39697265625,1.8428
0.7175572519083969,0.21374045801526717,-1.8625954198473282,-0.363525390625,0.084228515625,-0.39404296875,1.8444999999999998
0.8702290076335878,0.0916030534351145,-1.8931297709923665,-0.365478515625,0.0849609375,-0.39404296875,1.8461999999999998
0.7786259541984732,0.015267175572519083,-1.786259541984733,-0.366943359375,0.0830078125,-0.39892578125,1.8478999999999999
0.5343511450381679,0.10687022900763359,-1.8778625954198473,-0.36328125,0.084228515625,-0.3994140625,1.8496
0.3969465648854962,-0.0916030534351145,-1.83206106870229,-0.368408203125,0.079345703125,-0.395263671875,1.8513
0.4580152671755725,-0.15267175572519084,-1.8625954198473282,-0.3662109375,0.080078125,-0.393798828125,1.853
0.4732824427480916,0.0,-1.7251908396946565,-0.37109375,0.08056640625,-0.400146484375,1.8546999999999998
0.3969465648854962,0.10687022900763359,-1.8625954198473282,-0.366943359375,0.082763671875,-0.400390625,1.8563999999999998
0.3053435114503817,-0.030534351145038167,-1.4809160305343512,-0.364990234375,0.084228515625,-0.398193359375,1.8580999999999999
0.366412213740458,0.061068702290076333,-1.618320610687023,-0.3642578125,0.077880859375,-0.406982421875,1.8598
-0.0916030534351145,0.21374045801526717,-1.7709923664122138,-0.364990234375,0.082275390625,-0.400390625,1.8615
0.0,-0.015267175572519083,-1.633587786259542,-0.367431640625,0.083984375,-0.395751953125,1.8632
-0.0916030534351145,-0.015267175572519083,-1.5267175572519085,-0.369384765625,0.080322265625,-0.395751953125,1.8649
-0.12213740458015267,0.183206106870229,-1.5267175572519085,-0.367919921875,0.0830078125,-0.3955078125,1.8665999999999998
0.030534351145038167,0.0916030534351145,-1.4809160305343512,-0.365966796875,0.08203125,-0.401123046875,1.8682999999999998
0.0,0.13740458015267176,-1.3893129770992367,-0.3701171875,0.081787109375,-0.39111328125,1.8699999999999999
-0.07633587786259542,0.16793893129770993,-1.465648854961832,-0.3662109375,0.08203125,-0.39013671875,1.8717
-0.3816793893129771,0.12213740458015267,-1.6946564885496183,-0.3681640625,0.084228515625,-0.395263671875,1.8734
-0.04580152671755725,0.030534351145038167,-1.4045801526717556,-0.37060546875,0.08251953125,-0.39892578125,1.8751
-0.061068702290076333,0.0,-1.3129770992366412,-0.368408203125,0.08349609375,-0.400390625,1.8767999999999998
-0.13740458015267176,0.2595419847328244,-1.2366412213740459,-0.366943359375,0.080322265625,-0.400146484375,1.8784999999999998
-0.4122137404580153,0.04580152671755725,-1.5267175572519085,-0.368408203125,0.07470703125,-0.392333984375,1.8801999999999999
-0.10687022900763359,0.04580152671755725,-1.3282442748091603,-0.36279296875,0.08349609375,-0.398681640625,1.8819
-0.44274809160305345,0.015267175572519083,-1.4351145038167938,-0.367919921875,0.0791015625,-0.397705078125,1.8836
-0.6870229007633588,0.24427480916030533,-1.3893129770992367,-0.360107421875,0.0830078125,-0.388427734375,1.8853
-0.48854961832061067,0.33587786259541985,-1.5877862595419847,-0.367431640625,0.072265625,-0.396240234375,1.8869999999999998
-0.8091603053435115,0.15267175572519084,-1.465648854961832,-0.363525390625,0.071044921875,-0.404296875,1.8886999999999998
-0.9465648854961832,0.0916030534351145,-1.450381679389313,-0.3662109375,0.076416015625,-0.39453125,1.8903999999999999
-0.916030534351145,0.2748091603053435,-1.3587786259541985,-0.368408203125,0.080810546875,-0.398193359375,1.8921
-1.0076335877862594,0.42748091603053434,-1.4351145038167938,-0.3642578125,0.081298828125,-0.400634765625,1.8938
-1.0381679389312977,0.4122137404580153,-1.5114503816793894,-0.3662109375,0.080078125,-0.39404296875,1.8955
-0.9618320610687023,0.5801526717557252,-1.5572519083969465,-0.365234375,0.077880859375,-0.3955078125,1.8972
-1.2366412213740459,0.6717557251908397,-1.5725190839694656,-0.36572265625,0.0771484375,-0.396484375,1.8988999999999998
-1.4351145038167938,0.549618320610687,-1.7099236641221374,-0.366455078125,0.083251953125,-0.398193359375,1.9005999999999998
-1.618320610687023,0.916030534351145,-1.5877862595419847,-0.37255859375,0.0849609375,-0.388427734375,1.9022999999999999
-1.4961832061068703,0.7786259541984732,-1.7251908396946565,-0.37109375,0.076416015625,-0.39453125,1.904
-1.450381679389313,0.8244274809160306,-1.7099236641221374,-0.371337890625,0.07763671875,-0.395263671875,1.9057
-1.7099236641221374,0.8854961832061069,-1.7099236641221374,-0.366943359375,0.0810546875,-0.402587890625,1.9074
-1.9694656488549618,0.8854961832061069,-1.9236641221374047,-0.3701171875,0.0810546875,-0.400390625,1.9090999999999998
-1.9389312977099236,0.8244274809160306,-1.8931297709923665,-0.36865234375,0.077392578125,-0.3984375,1.9107999999999998
-2.045801526717557,0.9923664122137404,-1.9541984732824427,-0.36962890625,0.07958984375,-0.396728515625,1.9124999999999999
-2.2442748091603053,0.9465648854961832,-1.984732824427481,-0.3671875,0.0830078125,-0.405517578125,1.9142
-2.351145038167939,1.0534351145038168,-2.122137404580153,-0.3701171875,0.08154296875,-0.394775390625,1.9159
-2.7022900763358777,1.2213740458015268,-2.0763358778625953,-0.369140625,0.080322265625,-0.39453125,1.9176
-2.5801526717557253,1.0381679389312977,-2.122137404580153,-0.361083984375,0.076904296875,-0.39501953125,1.9192999999999998
-2.931297709923664,1.083969465648855,-2.2290076335877864,-0.363525390625,0.077392578125,-0.39501953125,1.9209999999999998
-2.900763358778626,1.1297709923664123,-2.366412213740458,-0.36767578125,0.075927734375,-0.4033203125,1.9226999999999999
-3.0076335877862594,1.0076335877862594,-2.366412213740458,-0.364990234375,0.074462890625,-0.395263671875,1.9243999999999999
-3.3282442748091605,1.0534351145038168,-2.3206106870229006,-0.36669921875,0.07763671875,-0.404541015625,1.9261
-3.5114503816793894,1.0534351145038168,-2.33587786259542,-0.365478515625,0.078369140625,-0.404541015625,1.9278
-3.6793893129770994,0.8091603053435115,-2.366412213740458,-0.368408203125,0.07666015625,-0.3974609375,1.9295
-3.9083969465648853,0.7480916030534351,-2.6412213740458017,-0.365966796875,0.072265625,-0.397705078125,1.9311999999999998
-3.9083969465648853,1.0534351145038168,-2.7480916030534353,-0.366943359375,0.07763671875,-0.406005859375,1.9328999999999998
-4.198473282442748,0.8854961832061069,-2.7938931297709924,-0.366943359375,0.076171875,-0.394775390625,1.9345999999999999
-4.305343511450381,0.8854961832061069,-2.717557251908397,-0.362548828125,0.071533203125,-0.39501953125,1.9363
-4.549618320610687,0.8244274809160306,-2.931297709923664,-0.36572265625,0.072509765625,-0.397705078125,1.938
-4.778625954198473,0.5648854961832062,-3.0839694656488548,-0.364990234375,0.072509765625,-0.40283203125,1.9397
-5.083969465648855,0.6412213740458015,-3.114503816793893,-0.36767578125,0.0703125,-0.40625,1.9413999999999998
-5.175572519083969,0.6412213740458015,-3.068702290076336,-0.367919921875,0.0751953125,-0.3974609375,1.9430999999999998
-5.603053435114504,0.6412213740458015,-3.1755725190839694,-0.36474609375,0.07568359375,-0.3935546875,1.9447999999999999
-5.969465648854962,0.6106870229007634,-3.3740458015267176,-0.365478515625,0.071533203125,-0.398193359375,1.9465
-6.091603053435114,0.5954198473282443,-3.3893129770992365,-0.3701171875,0.068359375,-0.397705078125,1.9482
-6.3816793893129775,0.6259541984732825,-3.633587786259542,-0.365478515625,0.07080078125,-0.403564453125,1.9499
-6.580152671755725,0.6870229007633588,-3.66412213740458,-0.365966796875,0.066162109375,-0.394287109375,1.9516
-7.022900763358779,0.8091603053435115,-3.816793893129771,-0.36962890625,0.0673828125,-0.40380859375,1.9532999999999998
-7.66412213740458,0.8854961832061069,-3.984732824427481,-0.370361328125,0.06396484375,-0.3974609375,1.9549999999999998
-8.15267175572519,0.9618320610687023,-4.366412213740458,-0.366943359375,0.061767578125,-0.396484375,1.9566999999999999
-8.595419847328245,1.083969465648855,-4.67175572519084,-0.365234375,0.054931640625,-0.40087890625,1.9584
-9.206106870229007,1.297709923664122,-4.916030534351145,-0.372314453125,0.05712890625,-0.395751953125,1.9601
-10.01526717557252,1.4045801526717556,-5.145038167938932,-0.36669921875,0.0576171875,-0.394775390625,1.9618
-10.778625954198473,1.4961832061068703,-5.6183206106870225,-0.367431640625,0.0537109375,-0.39697265625,1.9634999999999998
-11.526717557251908,1.6946564885496183,-5.8320610687022905,-0.36767578125,0.04931640625,-0.39599609375,1.9651999999999998
-12.50381679389313,1.8015267175572518,-6.122137404580153,-0.363525390625,0.050048828125,-0.398681640625,1.9668999999999999
-13.068702290076336,1.8473282442748091,-6.3816793893129775,-0.368408203125,0.048583984375,-0.394775390625,1.9686
-13.770992366412214,1.7099236641221374,-6.9465648854961835,-0.369140625,0.04150390625,-0.41162109375,1.9703
-14.83969465648855,1.9236641221374047,-6.977099236641221,-0.36767578125,0.04248046875,-0.405029296875,1.972
-15.694656488549619,1.9389312977099236,-7.282442748091603,-0.36474609375,0.042236328125,-0.400390625,1.9736999999999998
-17.068702290076335,1.816793893129771,-7.4961832061068705,-0.365478515625,0.0400390625,-0.404052734375,1.9753999999999998
-18.259541984732824,1.8931297709923665,-7.679389312977099,-0.366455078125,0.03662109375,-0.402587890625,1.9770999999999999
-19.419847328244273,2.1526717557251906,-7.862595419847328,-0.36962890625,0.03125,-0.39501953125,1.9788
-20.38167938931298,2.2595419847328246,-8.229007633587786,-0.3720703125,0.035400390625,-0.40283203125,1.9805
-21.480916030534353,2.198473282442748,-8.549618320610687,-0.36669921875,0.029541015625,-0.408203125,1.9822
-22.946564885496183,2.0916030534351147,-8.854961832061068,-0.370849609375,0.03369140625,-0.40673828125,1.9839
-23.954198473282442,2.3053435114503817,-9.16030534351145,-0.373291015625,0.03076171875,-0.401611328125,1.9855999999999998
-25.374045801526716,2.366412213740458,-9.526717557251908,-0.37109375,0.0361328125,-0.39794921875,1.9872999999999998
-26.68702290076336,2.6259541984732824,-9.908396946564885,-0.373046875,0.0322265625,-0.4013671875,1.9889999999999999
-27.64885496183206,2.732824427480916,-10.67175572519084,-0.37158203125,0.0302734375,-0.402587890625,1.9907
-28.702290076335878,3.0839694656488548,-11.236641221374045,-0.3701171875,0.033447265625,-0.407470703125,1.9924
-29.96946564885496,3.2519083969465647,-11.648854961832061,-0.37353515625,0.031982421875,-0.400634765625,1.9941
-31.083969465648856,3.2977099236641223,-12.259541984732824,-0.36962890625,0.033203125,-0.391357421875,1.9957999999999998
-32.12213740458015,3.435114503816794,-13.282442748091603,-0.373046875,0.032958984375,-0.40283203125,1.9974999999999998
-33.12977099236641,3.801526717557252,-13.709923664122137,-0.37353515625,0.03759765625,-0.408203125,1.9991999999999999
-34.13740458015267,3.984732824427481,-14.50381679389313,-0.371337890625,0.0361328125,-0.406982421875,2.0008999999999997
-35.00763358778626,4.137404580152672,-15.206106870229007,-0.37353515625,0.039794921875,-0.40087890625,2.0025999999999997
-35.847328244274806,4.396946564885496,-15.908396946564885,-0.3759765625,0.03564453125,-0.3974609375,2.0042999999999997
-36.88549618320611,4.687022900763359,-16.50381679389313,-0.3779296875,0.037841796875,-0.397216796875,2.006
-37.786259541984734,4.763358778625954,-17.49618320610687,-0.373046875,0.04345703125,-0.400390625,2.0077
-38.74809160305343,4.656488549618321,-18.0,-0.37548828125,0.04248046875,-0.399658203125,2.0094
-39.3587786259542,5.099236641221374,-18.9618320610687,-0.374267578125,0.04150390625,-0.398681640625,2.0111
-40.33587786259542,5.221374045801527,-19.740458015267176,-0.373779296875,0.044189453125,-0.401611328125,2.0128
-41.20610687022901,5.419847328244275,-20.65648854961832,-0.3681640625,0.037353515625,-0.403076171875,2.0145
-41.86259541984733,5.526717557251908,-20.9618320610687,-0.37353515625,0.0390625,-0.397216796875,2.0162
-42.83969465648855,5.740458015267175,-21.923664122137403,-0.372802734375,0.040771484375,-0.4052734375,2.0179
-43.81679389312977,5.9541984732824424,-22.458015267175572,-0.37158203125,0.0390625,-0.402587890625,2.0196
-44.70229007633588,6.106870229007634,-23.14503816793893,-0.37744140625,0.038330078125,-0.40771484375,2.0213
-46.0,6.061068702290076,-23.770992366412212,-0.3779296875,0.036376953125,-0.403564453125,2.0229999999999997
-46.67175572519084,6.33587786259542,-24.53435114503817,-0.372802734375,0.032958984375,-0.397216796875,2.0246999999999997
-47.51145038167939,6.519083969465649,-25.129770992366414,-0.3759765625,0.0341796875,-0.399169921875,2.0263999999999998
-48.44274809160305,6.595419847328245,-25.572519083969464,-0.376953125,0.031494140625,-0.39697265625,2.0281
-49.69465648854962,6.793893129770993,-26.045801526717558,-0.3740234375,0.035400390625,-0.402587890625,2.0298
-50.82442748091603,6.916030534351145,-26.763358778625953,-0.37353515625,0.03466796875,-0.3974609375,2.0315
-51.969465648854964,7.236641221374046,-27.236641221374047,-0.375244140625,0.03662109375,-0.404052734375,2.0332
-53.099236641221374,7.343511450381679,-27.923664122137403,-0.3740234375,0.036376953125,-0.401123046875,2.0349
-54.3206106870229,7.648854961832061,-28.412213740458014,-0.377685546875,0.025146484375,-0.397705078125,2.0366
-55.05343511450382,7.893129770992366,-29.236641221374047,-0.37646484375,0.034423828125,-0.39013671875,2.0383
-56.19847328244275,8.106870229007633,-29.557251908396946,-0.376220703125,0.03564453125,-0.400390625,2.04
-57.541984732824424,8.580152671755725,-30.442748091603054,-0.373779296875,0.0341796875,-0.400390625,2.0417
-58.56488549618321,8.885496183206106,-30.793893129770993,-0.37939453125,0.03271484375,-0.400146484375,2.0434
-59.41984732824427,8.961832061068701,-31.435114503816795,-0.37744140625,0.033203125,-0.402099609375,2.0450999999999997
-60.656488549618324,9.114503816793894,-32.030534351145036,-0.379638671875,0.03076171875,-0.39697265625,2.0467999999999997
-61.847328244274806,9.282442748091603,-32.61068702290076,-0.37353515625,0.036865234375,-0.389404296875,2.0484999999999998
-62.87022900763359,9.465648854961833,-32.93129770992366,-0.372802734375,0.033447265625,-0.39599609375,2.0502
-63.87786259541985,9.740458015267176,-33.786259541984734,-0.375244140625,0.035888671875,-0.387939453125,2.0519
-64.8854961832061,9.969465648854962,-34.229007633587784,-0.3798828125,0.0390625,-0.39892578125,2.0536
-65.98473282442748,10.15267175572519,-34.6412213740458,-0.37939453125,0.0361328125,-0.392822265625,2.0553
-67.20610687022901,10.51908396946565,-34.99236641221374,-0.369873046875,0.034912109375,-0.4013671875,2.057
-68.19847328244275,10.595419847328245,-35.55725190839695,-0.373779296875,0.032958984375,-0.393310546875,2.0587
-69.26717557251908,10.854961832061068,-36.0763358778626,-0.377197265625,0.038818359375,-0.39013671875,2.0604
-70.45801526717557,11.236641221374045,-36.732824427480914,-0.372314453125,0.04296875,-0.396484375,2.0621
-71.3587786259542,11.129770992366412,-37.06870229007634,-0.375244140625,0.0390625,-0.39111328125,2.0638
-72.19847328244275,11.114503816793894,-37.587786259541986,-0.3720703125,0.04150390625,-0.390869140625,2.0654999999999997
-73.0381679389313,11.206106870229007,-38.0,-0.370361328125,0.042236328125,-0.38916015625,2.0671999999999997
-73.8473282442748,11.648854961832061,-38.595419847328245,-0.375732421875,0.040771484375,-0.392578125,2.0688999999999997
-74.91603053435115,11.572519083969466,-38.778625954198475,-0.372802734375,0.04345703125,-0.394775390625,2.0705999999999998
-75.98473282442748,11.511450381679388,-39.32824427480916,-0.37353515625,0.04638671875,-0.39208984375,2.0723
-76.50381679389314,11.725190839694656,-39.55725190839695,-0.37548828125,0.041015625,-0.394287109375,2.074
-77.80152671755725,11.98473282442748,-40.12213740458015,-0.37158203125,0.04638671875,-0.399169921875,2.0757
-78.62595419847328,11.954198473282442,-40.595419847328245,-0.376708984375,0.0419921875,-0.396728515625,2.0774
-79.61832061068702,12.13740458015267,-41.00763358778626,-0.37548828125,0.046142578125,-0.3916015625,2.0791
-80.3969465648855,12.351145038167939,-41.32824427480916,-0.37353515625,0.0458984375,-0.393798828125,2.0808
-81.38931297709924,12.427480916030534,-42.045801526717554,-0.380615234375,0.042236328125,-0.385009765625,2.0825
-82.21374045801527,12.793893129770993,-42.61068702290076,-0.379150390625,0.04345703125,-0.38427734375,2.0842
-83.09923664122137,13.17557251908397,-42.83969465648855,-0.375732421875,0.050537109375,-0.388427734375,2.0859
-84.13740458015268,13.19083969465649,-43.32824427480916,-0.3837890625,0.04638671875,-0.39111328125,2.0875999999999997
-85.19083969465649,13.34351145038168,-43.9236641221374,-0.38232421875,0.04638671875,-0.380126953125,2.0892999999999997
-85.69465648854961,13.511450381679388,-44.25954198473283,-0.37451171875,0.046630859375,-0.384033203125,2.0909999999999997
-86.80916030534351,13.755725190839694,-44.67175572519084,-0.377197265625,0.055419921875,-0.389892578125,2.0927
-87.38931297709924,13.816793893129772,-44.900763358778626,-0.37451171875,0.056884765625,-0.39111328125,2.0944
-88.27480916030534,13.938931297709924,-45.49618320610687,-0.3779296875,0.05615234375,-0.37744140625,2.0961
-89.02290076335878,14.076335877862595,-45.969465648854964,-0.375244140625,0.057861328125,-0.384765625,2.0978
-89.70992366412214,14.183206106870228,-46.412213740458014,-0.374755859375,0.060546875,-0.382080078125,2.0995
-90.30534351145039,14.412213740458014,-46.717557251908396,-0.377685546875,0.060546875,-0.372314453125,2.1012
-90.61068702290076,14.534351145038167,-46.99236641221374,-0.37841796875,0.06103515625,-0.3818359375,2.1029
-91.20610687022901,14.458015267175572,-47.465648854961835,-0.374267578125,0.062255859375,-0.37158203125,2.1046
-92.03053435114504,14.458015267175572,-47.64885496183206,-0.376708984375,0.06298828125,-0.3798828125,2.1063
-92.61068702290076,14.641221374045802,-48.030534351145036,-0.37548828125,0.061767578125,-0.3857421875,2.108
-93.45038167938931,14.50381679389313,-48.29007633587786,-0.375244140625,0.067138671875,-0.392578125,2.1096999999999997
-94.03053435114504,14.50381679389313,-48.76335877862596,-0.37646484375,0.064208984375,-0.39208984375,2.1113999999999997
-94.56488549618321,14.687022900763358,-49.41984732824427,-0.376220703125,0.068115234375,-0.38330078125,2.1130999999999998
-94.87022900763358,14.625954198473282,-49.57251908396947,-0.371826171875,0.0625,-0.380859375,2.1148
-95.66412213740458,14.641221374045802,-49.908396946564885,-0.378173828125,0.060302734375,-0.384033203125,2.1165
-96.47328244274809,14.534351145038167,-50.229007633587784,-0.378173828125,0.063232421875,-0.384033203125,2.1182
-97.20610687022901,14.610687022900763,-50.458015267175576,-0.376953125,0.0673828125,-0.386962890625,2.1199
-97.48091603053435,14.65648854961832,-50.47328244274809,-0.374267578125,0.07275390625,-0.380615234375,2.1216
-97.70992366412214,14.702290076335878,-50.732824427480914,-0.37548828125,0.072509765625,-0.38330078125,2.1233
-98.30534351145039,14.625954198473282,-50.99236641221374,-0.37451171875,0.067138671875,-0.373779296875,2.125
-98.87022900763358,14.717557251908397,-51.099236641221374,-0.374267578125,0.069091796875,-0.38037109375,2.1267
-99.40458015267176,14.65648854961832,-51.38931297709924,-0.37548828125,0.075439453125,-0.380859375,2.1284
-99.61832061068702,14.885496183206106,-51.43511450381679,-0.374755859375,0.076904296875,-0.377685546875,2.1300999999999997
-100.12213740458016,14.870229007633588,-51.89312977099237,-0.37548828125,0.07421875,-0.37890625,2.1317999999999997
-100.53435114503817,14.931297709923664,-51.908396946564885,-0.376953125,0.0751953125,-0.37548828125,2.1334999999999997
-101.09923664122137,14.916030534351146,-52.06106870229008,-0.377197265625,0.07666015625,-0.37548828125,2.1351999999999998
-101.2824427480916,14.82442748091603,-52.33587786259542,-0.37255859375,0.07177734375,-0.371826171875,2.1369
-101.72519083969466,14.83969465648855,-52.51908396946565,-0.37646484375,0.07080078125,-0.3740234375,2.1386
-102.59541984732824,14.82442748091603,-52.534351145038165,-0.380615234375,0.0712890625,-0.3720703125,2.1403
-102.91603053435115,14.82442748091603,-52.6412213740458,-0.372314453125,0.07421875,-0.3798828125,2.142
-103.61832061068702,14.702290076335878,-52.74809160305343,-0.373291015625,0.070068359375,-0.375244140625,2.1437
-104.01526717557252,14.702290076335878,-53.06870229007634,-0.377197265625,0.069580078125,-0.373291015625,2.1454
-104.58015267175573,14.748091603053435,-53.06870229007634,-0.380615234375,0.072998046875,-0.37158203125,2.1471
-105.00763358778626,14.67175572519084,-53.06870229007634,-0.378173828125,0.068359375,-0.3779296875,2.1488
-105.6793893129771,14.870229007633588,-53.16030534351145,-0.37744140625,0.0732421875,-0.37451171875,2.1505
-106.03053435114504,14.931297709923664,-53.41984732824427,-0.378662109375,0.073974609375,-0.376220703125,2.1521999999999997
-106.22900763358778,15.007633587786259,-53.465648854961835,-0.383056640625,0.074462890625,-0.376220703125,2.1538999999999997
-106.83969465648855,15.083969465648854,-53.7557251908397,-0.383056640625,0.077392578125,-0.37109375,2.1555999999999997
-107.23664122137404,15.221374045801527,-53.465648854961835,-0.3818359375,0.078125,-0.36962890625,2.1572999999999998
-107.06870229007633,15.221374045801527,-53.48091603053435,-0.38232421875,0.080078125,-0.37255859375,2.159
-107.78625954198473,15.48091603053435,-53.80152671755725,-0.380126953125,0.08154296875,-0.363525390625,2.1607
-107.46564885496183,15.694656488549619,-53.87786259541985,-0.382568359375,0.082275390625,-0.372314453125,2.1624
-108.07633587786259,15.84732824427481,-53.89312977099237,-0.383544921875,0.083984375,-0.370361328125,2.1641
-108.0,16.091603053435115,-53.954198473282446,-0.375732421875,0.09130859375,-0.369140625,2.1658
-109.00763358778626,16.396946564885496,-54.229007633587784,-0.378662109375,0.0859375,-0.380126953125,2.1675
-108.38167938931298,16.671755725190838,-54.30534351145038,-0.385009765625,0.09521484375,-0.36328125,2.1692
-109.26717557251908,16.85496183206107,-54.38167938931298,-0.3818359375,0.09228515625,-0.361328125,2.1709
-109.89312977099236,16.82442748091603,-54.85496183206107,-0.385009765625,0.087890625,-0.368408203125,2.1726
-109.45038167938931,17.16030534351145,-54.83969465648855,-0.380126953125,0.084228515625,-0.36962890625,2.1742999999999997
-109.32824427480917,17.267175572519083,-55.29770992366412,-0.379638671875,0.09130859375,-0.371337890625,2.1759999999999997
-110.2442748091603,17.282442748091604,-55.05343511450382,-0.38037109375,0.09130859375,-0.36767578125,2.1776999999999997
-110.62595419847328,17.374045801526716,-55.32824427480916,-0.375244140625,0.091552734375,-0.37744140625,2.1794
-110.65648854961832,17.297709923664122,-55.31297709923664,-0.37890625,0.0947265625,-0.361572265625,2.1811
-110.74809160305344,17.099236641221374,-55.343511450381676,-0.369873046875,0.096435546875,-0.370361328125,2.1828
-110.59541984732824,16.916030534351144,-55.282442748091604,-0.369140625,0.094482421875,-0.3740234375,2.1845
-110.22900763358778,17.083969465648856,-55.41984732824427,-0.3779296875,0.09521484375,-0.36669921875,2.1862
-109.64885496183206,16.732824427480917,-55.49618320610687,-0.369873046875,0.09765625,-0.368896484375,2.1879
-110.44274809160305,16.65648854961832,-55.63358778625954,-0.366943359375,0.10205078125,-0.376220703125,2.1896
-110.87022900763358,16.50381679389313,-55.541984732824424,-0.369140625,0.103515625,-0.36474609375,2.1913
-110.73282442748092,16.3206106870229,-55.98473282442748,-0.37158203125,0.105224609375,-0.360107421875,2.193
-110.79389312977099,16.045801526717558,-56.045801526717554,-0.3681640625,0.103271484375,-0.366943359375,2.1947
-110.94656488549619,15.86259541984733,-56.045801526717554,-0.366943359375,0.10205078125,-0.371337890625,2.1963999999999997
-110.77862595419847,15.664122137404581,-56.25954198473283,-0.367431640625,0.1064453125,-0.3671875,2.1980999999999997
-110.80916030534351,15.221374045801527,-56.51908396946565,-0.370361328125,0.103759765625,-0.36376953125,2.1997999999999998
-110.6412213740458,14.931297709923664,-56.534351145038165,-0.369384765625,0.09912109375,-0.362060546875,2.2015
-110.61068702290076,14.900763358778626,-56.778625954198475,-0.370361328125,0.099365234375,-0.364990234375,2.2032
-109.93893129770993,14.687022900763358,-56.76335877862596,-0.37109375,0.103515625,-0.356689453125,2.2049
-109.55725190839695,14.595419847328245,-56.93129770992366,-0.370361328125,0.100830078125,-0.359619140625,2.2066
-110.59541984732824,14.305343511450381,-56.6412213740458,-0.3681640625,0.10107421875,-0.362548828125,2.2083
-110.83969465648855,14.16793893129771,-56.97709923664122,-0.3662109375,0.099365234375,-0.37109375,2.21
-110.85496183206106,14.030534351145038,-56.778625954198475,-0.36767578125,0.096923828125,-0.365478515625,2.2117
-111.08396946564885,13.923664122137405,-57.02290076335878,-0.370849609375,0.103515625,-0.37158203125,2.2134
-111.17557251908397,13.877862595419847,-56.80916030534351,-0.36962890625,0.103271484375,-0.3603515625,2.2151
-111.32824427480917,13.786259541984732,-56.68702290076336,-0.374267578125,0.093017578125,-0.355712890625,2.2167999999999997
-111.29770992366412,13.48091603053435,-56.79389312977099,-0.37255859375,0.093994140625,-0.359130859375,2.2184999999999997
-111.31297709923665,13.129770992366412,-56.51908396946565,-0.370849609375,0.098876953125,-0.365234375,2.2201999999999997
-111.45038167938931,12.778625954198473,-56.35114503816794,-0.37646484375,0.095947265625,-0.36279296875,2.2218999999999998
-111.41984732824427,12.625954198473282,-56.33587786259542,-0.372314453125,0.09716796875,-0.356689453125,2.2236
-111.43511450381679,12.50381679389313,-56.2442748091603,-0.372802734375,0.10400390625,-0.35498046875,2.2253
-111.61832061068702,12.427480916030534,-56.213740458015266,-0.374267578125,0.101318359375,-0.36572265625,2.227
-111.52671755725191,12.229007633587786,-55.847328244274806,-0.373291015625,0.1005859375,-0.369384765625,2.2287
-111.22137404580153,12.290076335877863,-55.61832061068702,-0.376953125,0.102294921875,-0.36083984375,2.2304
-111.20610687022901,12.335877862595419,-55.43511450381679,-0.3798828125,0.105712890625,-0.3671875,2.2321
-111.2824427480916,12.351145038167939,-55.55725190839695,-0.3818359375,0.107177734375,-0.36474609375,2.2338
-111.2824427480916,12.335877862595419,-55.3587786259542,-0.378173828125,0.108642578125,-0.361572265625,2.2355
-111.20610687022901,12.290076335877863,-55.45038167938932,-0.37890625,0.10400390625,-0.36767578125,2.2372
-111.05343511450381,12.259541984732824,-55.29770992366412,-0.373779296875,0.105712890625,-0.36328125,2.2388999999999997
-111.25190839694656,12.335877862595419,-55.05343511450382,-0.378662109375,0.104736328125,-0.36279296875,2.2405999999999997
-111.14503816793894,12.366412213740459,-55.038167938931295,-0.374755859375,0.111572265625,-0.357421875,2.2422999999999997
-110.99236641221374,12.15267175572519,-54.93129770992366,-0.38330078125,0.1142578125,-0.36572265625,2.2439999999999998
-110.97709923664122,12.045801526717558,-54.717557251908396,-0.382568359375,0.11376953125,-0.354248046875,2.2457
-110.83969465648855,12.01526717557252,-54.44274809160305,-0.381103515625,0.1142578125,-0.356201171875,2.2474
-110.61068702290076,11.893129770992367,-54.13740458015267,-0.3857421875,0.112060546875,-0.35302734375,2.2491
-110.3206106870229,11.786259541984732,-54.12213740458015,-0.3828125,0.12060546875,-0.357666015625,2.2508
-109.95419847328245,11.587786259541986,-53.908396946564885,-0.376708984375,0.1181640625,-0.356689453125,2.2525
-108.8854961832061,11.786259541984732,-53.93893129770992,-0.376220703125,0.1259765625,-0.357421875,2.2542
-109.00763358778626,11.541984732824428,-53.45038167938932,-0.376953125,0.124755859375,-0.35791015625,2.2559
-108.93129770992367,11.358778625954198,-53.41984732824427,-0.37939453125,0.1259765625,-0.353515625,2.2576
-107.90839694656489,11.236641221374045,-53.29770992366412,-0.379638671875,0.124267578125,-0.365966796875,2.2593
-107.98473282442748,11.114503816793894,-53.14503816793893,-0.38232421875,0.1298828125,-0.357421875,2.2609999999999997
-107.05343511450381,10.992366412213741,-53.038167938931295,-0.379638671875,0.13037109375,-0.354736328125,2.2626999999999997
-106.9618320610687,10.946564885496183,-53.05343511450382,-0.380859375,0.13232421875,-0.359619140625,2.2643999999999997
-106.44274809160305,10.717557251908397,-52.88549618320611,-0.376220703125,0.128662109375,-0.363037109375,2.2661
-105.87786259541984,10.427480916030534,-52.99236641221374,-0.377685546875,0.12841796875,-0.36181640625,2.2678
-105.09923664122137,10.335877862595419,-52.778625954198475,-0.383056640625,0.12841796875,-0.352294921875,2.2695
-104.6412213740458,10.16793893129771,-52.6412213740458,-0.379150390625,0.12890625,-0.347412109375,2.2712
-104.3969465648855,10.274809160305344,-52.33587786259542,-0.3779296875,0.130859375,-0.353271484375,2.2729
-103.93893129770993,10.091603053435115,-52.19847328244275,-0.379150390625,0.134521484375,-0.355224609375,2.2746
-103.81679389312977,9.98473282442748,-52.10687022900763,-0.37744140625,0.13427734375,-0.354736328125,2.2763
-103.14503816793894,9.969465648854962,-52.13740458015267,-0.376708984375,0.138427734375,-0.343994140625,2.278
-102.70229007633588,9.86259541984733,-51.83206106870229,-0.37939453125,0.134033203125,-0.354736328125,2.2797
-102.41221374045801,9.86259541984733,-51.57251908396947,-0.37890625,0.133544921875,-0.344970703125,2.2814
-102.1526717557252,9.618320610687023,-51.465648854961835,-0.38232421875,0.130859375,-0.351806640625,2.2830999999999997
-101.64885496183206,9.709923664122137,-51.267175572519086,-0.37451171875,0.132080078125,-0.338623046875,2.2847999999999997
-101.43511450381679,9.465648854961833,-50.99236641221374,-0.375732421875,0.130126953125,-0.354736328125,2.2864999999999998
-100.79389312977099,9.32824427480916,-50.76335877862596,-0.380615234375,0.1357421875,-0.345947265625,2.2882
-100.41221374045801,9.236641221374045,-50.48854961832061,-0.381103515625,0.137451171875,-0.350830078125,2.2899
-100.04580152671755,9.022900763358779,-50.29007633587786,-0.3798828125,0.136474609375,-0.344482421875,2.2916
-99.57251908396947,8.748091603053435,-50.091603053435115,-0.37841796875,0.136962890625,-0.34814453125,2.2933
-98.80916030534351,8.65648854961832,-49.87786259541985,-0.3818359375,0.13671875,-0.34326171875,2.295
-98.47328244274809,8.580152671755725,-49.587786259541986,-0.383544921875,0.14404296875,-0.346923828125,2.2967
-98.1526717557252,8.580152671755725,-49.64885496183206,-0.383056640625,0.14404296875,-0.344482421875,2.2984
-97.77099236641222,8.396946564885496,-49.541984732824424,-0.38330078125,0.141357421875,-0.34716796875,2.3001
-96.94656488549619,8.213740458015268,-49.45038167938932,-0.38232421875,0.1357421875,-0.348388671875,2.3018
-96.67175572519083,8.320610687022901,-49.51145038167939,-0.38037109375,0.1396484375,-0.343017578125,2.3034999999999997
-96.21374045801527,8.15267175572519,-49.45038167938932,-0.381103515625,0.137451171875,-0.351806640625,2.3051999999999997
-95.7557251908397,8.045801526717558,-49.45038167938932,-0.380615234375,0.141357421875,-0.3466796875,2.3068999999999997
-95.37404580152672,8.106870229007633,-49.603053435114504,-0.392822265625,0.136474609375,-0.35791015625,2.3085999999999998
-94.80916030534351,8.13740458015267,-49.465648854961835,-0.3837890625,0.1376953125,-0.345947265625,2.3103
-94.7175572519084,8.244274809160306,-49.49618320610687,-0.387939453125,0.138427734375,-0.346923828125,2.312
-94.42748091603053,8.396946564885496,-49.3587786259542,-0.38525390625,0.13818359375,-0.33984375,2.3137
-93.83206106870229,8.595419847328245,-49.31297709923664,-0.389892578125,0.138671875,-0.339111328125,2.3154
-93.40458015267176,8.717557251908397,-48.99236641221374,-0.387939453125,0.13671875,-0.345458984375,2.3171
-92.91603053435115,8.916030534351146,-48.93129770992366,-0.388427734375,0.1298828125,-0.342041015625,2.3188
-92.7175572519084,9.114503816793894,-48.778625954198475,-0.3896484375,0.13671875,-0.344970703125,2.3205
-92.50381679389314,9.251908396946565,-48.534351145038165,-0.38232421875,0.133544921875,-0.33837890625,2.3222
-92.35114503816794,9.404580152671755,-48.412213740458014,-0.385986328125,0.133056640625,-0.335205078125,2.3239
-91.92366412213741,9.419847328244275,-48.091603053435115,-0.38525390625,0.1328125,-0.3359375,2.3255999999999997
-91.81679389312977,9.450381679389313,-48.030534351145036,-0.38330078125,0.1318359375,-0.333984375,2.3272999999999997
-91.72519083969466,9.48091603053435,-47.81679389312977,-0.385009765625,0.132080078125,-0.34326171875,2.3289999999999997
-91.22137404580153,9.48091603053435,-47.57251908396947,-0.381591796875,0.13232421875,-0.339599609375,2.3306999999999998
-90.94656488549619,9.236641221374045,-47.38931297709924,-0.384033203125,0.13525390625,-0.341796875,2.3324
-90.65648854961832,9.114503816793894,-47.099236641221374,-0.377197265625,0.1298828125,-0.3427734375,2.3341
-90.30534351145039,8.885496183206106,-47.05343511450382,-0.381103515625,0.130126953125,-0.338134765625,2.3358
-90.29007633587786,8.702290076335878,-46.85496183206107,-0.38232421875,0.13671875,-0.340576171875,2.3375
-89.96946564885496,8.381679389312977,-46.50381679389313,-0.376220703125,0.1357421875,-0.3388671875,2.3392
-89.29770992366412,8.229007633587786,-46.25954198473283,-0.37841796875,0.1396484375,-0.33642578125,2.3409
-89.08396946564885,7.969465648854962,-46.0,-0.380615234375,0.140869140625,-0.334716796875,2.3426
-88.80916030534351,7.893129770992366,-45.87786259541985,-0.375244140625,0.143310546875,-0.3408203125,2.3443
-88.30534351145039,7.374045801526718,-45.63358778625954,-0.375732421875,0.14111328125,-0.34521484375,2.346
-88.01526717557252,7.1603053435114505,-45.57251908396947,-0.3798828125,0.150634765625,-0.341796875,2.3476999999999997
-87.7557251908397,6.854961832061068,-45.11450381679389,-0.38134765625,0.1455078125,-0.33935546875,2.3493999999999997
-87.17557251908397,6.412213740458015,-45.099236641221374,-0.381591796875,0.146728515625,-0.341796875,2.3510999999999997
-86.70229007633588,6.183206106870229,-45.02290076335878,-0.383544921875,0.14404296875,-0.336669921875,2.3528
-86.04580152671755,5.969465648854962,-44.97709923664122,-0.381103515625,0.150146484375,-0.33837890625,2.3545
-85.61832061068702,5.740458015267175,-44.6412213740458,-0.3798828125,0.149169921875,-0.34228515625,2.3562
-85.40458015267176,5.541984732824427,-44.56488549618321,-0.38134765625,0.14501953125,-0.34130859375,2.3579
-84.59541984732824,5.374045801526718,-44.396946564885496,-0.38525390625,0.14306640625,-0.34228515625,2.3596
-84.03053435114504,5.312977099236641,-44.36641221374046,-0.384521484375,0.146240234375,-0.338134765625,2.3613
-83.66412213740458,5.022900763358779,-44.01526717557252,-0.38232421875,0.147216796875,-0.3359375,2.363
-83.34351145038168,4.977099236641221,-44.13740458015267,-0.386474609375,0.14892578125,-0.33740234375,2.3647
-82.80916030534351,4.67175572519084,-43.89312977099237,-0.38525390625,0.143310546875,-0.336669921875,2.3664
-82.4885496183206,4.656488549618321,-43.69465648854962,-0.387939453125,0.141845703125,-0.343994140625,2.3680999999999996
-81.90839694656489,4.6106870229007635,-43.57251908396947,-0.387939453125,0.138671875,-0.33349609375,2.3697999999999997
-81.2824427480916,4.2748091603053435,-43.48091603053435,-0.386474609375,0.14208984375,-0.341552734375,2.3714999999999997
-80.94656488549619,4.320610687022901,-43.31297709923664,-0.391357421875,0.142822265625,-0.346923828125,2.3731999999999998
-80.56488549618321,4.1679389312977095,-43.083969465648856,-0.388916015625,0.142578125,-0.353271484375,2.3749
-80.09160305343511,4.183206106870229,-42.79389312977099,-0.382080078125,0.14306640625,-0.33544921875,2.3766
-79.77099236641222,4.106870229007634,-42.94656488549618,-0.396240234375,0.142822265625,-0.339599609375,2.3783
-79.32824427480917,3.984732824427481,-42.42748091603053,-0.398681640625,0.14697265625,-0.341796875,2.38
-78.9618320610687,4.076335877862595,-42.396946564885496,-0.389892578125,0.141357421875,-0.3369140625,2.3817
-78.65648854961832,4.0458015267175576,-42.25954198473283,-0.39013671875,0.136474609375,-0.337158203125,2.3834
-78.27480916030534,3.954198473282443,-42.01526717557252,-0.392822265625,0.1435546875,-0.33642578125,2.3851
-77.77099236641222,4.091603053435114,-41.954198473282446,-0.39111328125,0.14208984375,-0.338134765625,2.3868
-77.34351145038168,4.076335877862595,-41.64885496183206,-0.395751953125,0.138427734375,-0.33740234375,2.3885
-77.06870229007633,4.122137404580153,-41.41984732824427,-0.39697265625,0.14208984375,-0.33837890625,2.3901999999999997
-76.59541984732824,4.122137404580153,-41.23664122137404,-0.39111328125,0.139892578125,-0.331787109375,2.3918999999999997
-76.10687022900764,3.7709923664122136,-41.05343511450382,-0.3935546875,0.13916015625,-0.339599609375,2.3935999999999997
-76.01526717557252,3.969465648854962,-40.80916030534351,-0.391357421875,0.141357421875,-0.333984375,2.3952999999999998
-75.3587786259542,3.984732824427481,-40.50381679389313,-0.389892578125,0.145751953125,-0.335693359375,2.397
-74.9618320610687,3.816793893129771,-40.35114503816794,-0.38818359375,0.14013671875,-0.342529296875,2.3987
-74.61068702290076,3.7404580152671754,-40.030534351145036,-0.3896484375,0.136962890625,-0.335693359375,2.4004
-74.33587786259542,3.7709923664122136,-39.74045801526717,-0.390625,0.13134765625,-0.334228515625,2.4021
-73.87786259541984,3.7404580152671754,-39.48091603053435,-0.388916015625,0.13916015625,-0.337646484375,2.4038
-73.55725190839695,3.5267175572519083,-39.29770992366412,-0.393798828125,0.138427734375,-0.339599609375,2.4055
-73.40458015267176,3.49618320610687,-38.68702290076336,-0.389892578125,0.1328125,-0.338134765625,2.4072
-73.22137404580153,3.2977099236641223,-38.62595419847328,-0.388671875,0.1396484375,-0.332763671875,2.4089
-72.90076335877863,3.267175572519084,-38.36641221374046,-0.393310546875,0.130126953125,-0.342041015625,2.4106
-72.70229007633588,3.145038167938931,-38.045801526717554,-0.392822265625,0.1357421875,-0.33349609375,2.4122999999999997
-72.25954198473282,2.885496183206107,-37.48091603053435,-0.390625,0.137451171875,-0.33740234375,2.4139999999999997
-71.87786259541984,2.885496183206107,-37.37404580152672,-0.38427734375,0.131591796875,-0.335205078125,2.4156999999999997
-71.86259541984732,2.6259541984732824,-36.94656488549618,-0.384765625,0.136474609375,-0.34716796875,2.4173999999999998
-71.52671755725191,2.6412213740458017,-36.48854961832061,-0.386962890625,0.13427734375,-0.33349609375,2.4191
-71.34351145038168,2.3969465648854964,-36.0763358778626,-0.3857421875,0.133056640625,-0.331298828125,2.4208
-70.8854961832061,2.1068702290076335,-35.770992366412216,-0.3837890625,0.13232421875,-0.333251953125,2.4225
-70.4885496183206,1.984732824427481,-35.29770992366412,-0.383544921875,0.130126953125,-0.33349609375,2.4242
-70.38167938931298,2.0,-35.05343511450382,-0.390380859375,0.128173828125,-0.332275390625,2.4259
-70.29007633587786,1.6641221374045803,-34.717557251908396,-0.385009765625,0.13671875,-0.322998046875,2.4276
-69.96946564885496,1.2366412213740459,-34.274809160305345,-0.3896484375,0.131103515625,-0.338623046875,2.4293
-69.6030534351145,1.3587786259541985,-33.83206106870229,-0.384765625,0.132568359375,-0.324951171875,2.431
-69.49618320610686,0.8396946564885496,-33.51145038167939,-0.380859375,0.1328125,-0.3349609375,2.4327
-69.09923664122137,0.5648854961832062,-33.05343511450382,-0.388916015625,0.134033203125,-0.33251953125,2.4343999999999997
-68.7175572519084,0.2900763358778626,-32.717557251908396,-0.383056640625,0.130859375,-0.332275390625,2.4360999999999997
-68.51908396946565,0.04580152671755725,-32.33587786259542,-0.38525390625,0.1298828125,-0.324462890625,2.4377999999999997
-68.2442748091603,-0.44274809160305345,-31.938931297709924,-0.381103515625,0.133056640625,-0.3232421875,2.4395
-67.96946564885496,-0.6870229007633588,-31.603053435114504,-0.383544921875,0.1328125,-0.32177734375,2.4412
-67.8473282442748,-0.9007633587786259,-31.251908396946565,-0.381103515625,0.133056640625,-0.326416015625,2.4429
-67.2824427480916,-1.1908396946564885,-30.732824427480917,-0.3916015625,0.134521484375,-0.333251953125,2.4446
-66.99236641221374,-1.4045801526717556,-30.48854961832061,-0.389404296875,0.129638671875,-0.33203125,2.4463
-66.9618320610687,-1.7709923664122138,-29.83206106870229,-0.385009765625,0.130859375,-0.325439453125,2.448
-66.80916030534351,-2.015267175572519,-29.61832061068702,-0.38232421875,0.12841796875,-0.322265625,2.4497
-66.3206106870229,-2.198473282442748,-29.083969465648856,-0.386962890625,0.13330078125,-0.330810546875,2.4514
-66.06106870229007,-2.6717557251908395,-28.748091603053435,-0.388427734375,0.13330078125,-0.32861328125,2.4531
-65.81679389312977,-2.885496183206107,-28.213740458015266,-0.382568359375,0.1259765625,-0.3271484375,2.4547999999999996
-65.40458015267176,-3.114503816793893,-27.938931297709924,-0.38525390625,0.130126953125,-0.330078125,2.4564999999999997
-65.37404580152672,-3.2061068702290076,-27.66412213740458,-0.39013671875,0.133544921875,-0.322509765625,2.4581999999999997
-64.62595419847328,-3.2213740458015265,-27.328244274809162,-0.387451171875,0.139892578125,-0.316162109375,2.4598999999999998
-64.51908396946565,-3.435114503816794,-26.946564885496183,-0.39794921875,0.138427734375,-0.32373046875,2.4616
-64.09160305343511,-3.801526717557252,-26.717557251908396,-0.39453125,0.138916015625,-0.32177734375,2.4633
-63.69465648854962,-3.66412213740458,-26.396946564885496,-0.388916015625,0.13671875,-0.313720703125,2.465
-63.25190839694657,-3.6793893129770994,-26.061068702290076,-0.3984375,0.134033203125,-0.3251953125,2.4667
-63.00763358778626,-3.66412213740458,-25.786259541984734,-0.398681640625,0.138427734375,-0.3203125,2.4684
-62.54961832061068,-3.6946564885496183,-25.51145038167939,-0.400390625,0.1376953125,-0.324951171875,2.4701
-62.045801526717554,-3.786259541984733,-25.022900763358777,-0.397216796875,0.138427734375,-0.317138671875,2.4718
-61.70992366412214,-3.7557251908396947,-24.977099236641223,-0.39697265625,0.138427734375,-0.32568359375,2.4735
-61.221374045801525,-3.877862595419847,-24.717557251908396,-0.395751953125,0.143310546875,-0.319580078125,2.4752
-60.74809160305343,-3.786259541984733,-24.091603053435115,-0.396484375,0.138671875,-0.32568359375,2.4768999999999997
-60.42748091603053,-3.7709923664122136,-23.893129770992367,-0.392578125,0.144287109375,-0.3203125,2.4785999999999997
-59.83206106870229,-3.7251908396946565,-23.69465648854962,-0.3935546875,0.141357421875,-0.3232421875,2.4802999999999997
-59.70992366412214,-3.648854961832061,-23.389312977099237,-0.391845703125,0.141845703125,-0.325927734375,2.4819999999999998
-59.11450381679389,-3.7709923664122136,-23.022900763358777,-0.3916015625,0.14501953125,-0.3203125,2.4837
-58.54961832061068,-3.9389312977099236,-22.580152671755727,-0.39013671875,0.138671875,-0.324462890625,2.4854
-58.13740458015267,-4.183206106870229,-22.366412213740457,-0.39453125,0.13671875,-0.320556640625,2.4871
-57.969465648854964,-4.2748091603053435,-22.015267175572518,-0.391357421875,0.141845703125,-0.3212890625,2.4888
-57.80152671755725,-4.519083969465649,-21.633587786259543,-0.390380859375,0.137451171875,-0.31884765625,2.4905
-57.282442748091604,-4.564885496183206,-21.31297709923664,-0.39111328125,0.14208984375,-0.31640625,2.4922
-56.97709923664122,-4.763358778625954,-20.778625954198475,-0.392578125,0.1357421875,-0.31103515625,2.4939
-56.412213740458014,-5.0534351145038165,-20.47328244274809,-0.3955078125,0.141357421875,-0.3251953125,2.4956
-56.50381679389313,-5.251908396946565,-20.18320610687023,-0.390869140625,0.131103515625,-0.3125,2.4973
-56.13740458015267,-5.251908396946565,-19.740458015267176,-0.392578125,0.134765625,-0.32080078125,2.4989999999999997
-55.847328244274806,-5.480916030534351,-19.16030534351145,-0.394287109375,0.134765625,-0.321533203125,2.5006999999999997
-55.61832061068702,-5.633587786259542,-19.053435114503817,-0.399658203125,0.1328125,-0.31298828125,2.5023999999999997
-55.48091603053435,-5.6183206106870225,-18.396946564885496,-0.39453125,0.128662109375,-0.323486328125,2.5040999999999998
-55.3587786259542,-5.740458015267175,-18.16793893129771,-0.39501953125,0.12646484375,-0.31884765625,2.5058
-55.23664122137404,-5.648854961832061,-17.541984732824428,-0.3974609375,0.12744140625,-0.322021484375,2.5075
-55.00763358778626,-5.9541984732824424,-17.358778625954198,-0.396484375,0.130859375,-0.313720703125,2.5092
-54.80916030534351,-5.877862595419847,-16.671755725190838,-0.400634765625,0.12939453125,-0.31640625,2.5109
-54.88549618320611,-5.9541984732824424,-16.549618320610687,-0.397216796875,0.129150390625,-0.320068359375,2.5126
-54.717557251908396,-5.923664122137405,-15.877862595419847,-0.39599609375,0.13134765625,-0.3232421875,2.5143
-54.51908396946565,-6.0,-15.557251908396946,-0.399169921875,0.134765625,-0.30859375,2.516
-54.48854961832061,-6.106870229007634,-15.236641221374045,-0.405029296875,0.13037109375,-0.312255859375,2.5177
-54.30534351145038,-6.106870229007634,-14.900763358778626,-0.4033203125,0.132080078125,-0.3173828125,2.5193999999999996
-54.045801526717554,-6.122137404580153,-14.595419847328245,-0.406005859375,0.138427734375,-0.312744140625,2.5210999999999997
-53.954198473282446,-6.152671755725191,-14.229007633587786,-0.400146484375,0.136474609375,-0.32275390625,2.5227999999999997
-54.045801526717554,-6.106870229007634,-14.122137404580153,-0.39990234375,0.134765625,-0.31982421875,2.5244999999999997
-53.81679389312977,-5.816793893129771,-13.801526717557252,-0.399169921875,0.1357421875,-0.314697265625,2.5262
-53.51145038167939,-5.816793893129771,-13.511450381679388,-0.3994140625,0.134033203125,-0.313232421875,2.5279
-53.3587786259542,-5.862595419847328,-13.32824427480916,-0.401123046875,0.1357421875,-0.31005859375,2.5296
-53.099236641221374,-5.709923664122138,-12.900763358778626,-0.402099609375,0.133544921875,-0.314208984375,2.5313
-53.221374045801525,-5.709923664122138,-12.931297709923664,-0.400146484375,0.13427734375,-0.314208984375,2.533
-53.00763358778626,-5.755725190839694,-12.763358778625955,-0.402587890625,0.13818359375,-0.31591796875,2.5347
-52.68702290076336,-5.755725190839694,-12.381679389312977,-0.405029296875,0.13916015625,-0.3115234375,2.5364
-52.51908396946565,-5.603053435114504,-12.045801526717558,-0.400634765625,0.14111328125,-0.313232421875,2.5381
-52.35114503816794,-5.511450381679389,-12.01526717557252,-0.400146484375,0.1416015625,-0.3193359375,2.5398
-52.10687022900763,-5.694656488549619,-12.0,-0.403076171875,0.139892578125,-0.312744140625,2.5414999999999996
-51.89312977099237,-5.511450381679389,-11.755725190839694,-0.40576171875,0.138427734375,-0.302978515625,2.5431999999999997
-51.6793893129771,-5.572519083969466,-11.633587786259541,-0.39794921875,0.14208984375,-0.3125,2.5448999999999997
-51.51145038167939,-5.572519083969466,-11.419847328244275,-0.400390625,0.141357421875,-0.31494140625,2.5465999999999998
-51.3587786259542,-5.66412213740458,-11.404580152671755,-0.400146484375,0.1494140625,-0.302490234375,2.5483
-50.6412213740458,-5.893129770992366,-11.358778625954198,-0.3974609375,0.150634765625,-0.30810546875,2.55
-50.44274809160305,-6.015267175572519,-11.236641221374045,-0.39453125,0.148193359375,-0.305908203125,2.5517
-50.13740458015267,-6.122137404580153,-11.312977099236642,-0.3974609375,0.15185546875,-0.303955078125,2.5534
-49.66412213740458,-6.320610687022901,-11.083969465648854,-0.399169921875,0.157470703125,-0.30810546875,2.5551
-49.3587786259542,-6.427480916030534,-11.068702290076336,-0.396728515625,0.15234375,-0.30517578125,2.5568
-49.14503816793893,-6.549618320610687,-11.007633587786259,-0.39697265625,0.155029296875,-0.30322265625,2.5585
-48.68702290076336,-6.778625954198473,-11.267175572519085,-0.399169921875,0.15625,-0.3095703125,2.5602
-48.06106870229008,-7.022900763358779,-11.007633587786259,-0.39501953125,0.15234375,-0.303466796875,2.5619
-47.69465648854962,-6.977099236641221,-11.221374045801527,-0.403076171875,0.15966796875,-0.307373046875,2.5635999999999997
-47.282442748091604,-7.267175572519084,-11.34351145038168,-0.39990234375,0.159912109375,-0.3076171875,2.5652999999999997
-46.94656488549618,-7.3893129770992365,-11.297709923664122,-0.401611328125,0.15283203125,-0.302490234375,2.5669999999999997
-46.6412213740458,-7.404580152671755,-11.16030534351145,-0.398193359375,0.156005859375,-0.305419921875,2.5686999999999998
-46.38167938931298,-7.435114503816794,-11.435114503816793,-0.3955078125,0.150390625,-0.3046875,2.5704
-46.091603053435115,-7.557251908396947,-11.221374045801527,-0.397705078125,0.156494140625,-0.29931640625,2.5721
-45.908396946564885,-7.801526717557252,-11.282442748091603,-0.39794921875,0.15283203125,-0.298095703125,2.5738
-45.55725190839695,-8.0,-11.114503816793894,-0.39697265625,0.155029296875,-0.296875,2.5755
-45.16030534351145,-8.213740458015268,-11.007633587786259,-0.399169921875,0.154541015625,-0.305419921875,2.5772
-44.93129770992366,-8.366412213740459,-10.870229007633588,-0.392822265625,0.15234375,-0.300048828125,2.5789
-44.70229007633588,-8.595419847328245,-11.022900763358779,-0.402099609375,0.150634765625,-0.299072265625,2.5806
-44.30534351145038,-8.580152671755725,-10.946564885496183,-0.402099609375,0.151611328125,-0.2978515625,2.5823
-44.045801526717554,-8.80916030534351,-10.82442748091603,-0.401611328125,0.146240234375,-0.302978515625,2.584
-44.13740458015267,-8.610687022900763,-10.732824427480915,-0.40234375,0.152099609375,-0.294189453125,2.5856999999999997
-43.83206106870229,-8.885496183206106,-10.702290076335878,-0.39990234375,0.14453125,-0.302978515625,2.5873999999999997
-43.37404580152672,-8.80916030534351,-10.549618320610687,-0.40478515625,0.1474609375,-0.293212890625,2.5890999999999997
-43.25190839694657,-8.80916030534351,-10.534351145038167,-0.405029296875,0.142822265625,-0.30712890625,2.5907999999999998
-43.00763358778626,-8.83969465648855,-10.244274809160306,-0.4052734375,0.147216796875,-0.306396484375,2.5925
-42.97709923664122,-8.992366412213741,-10.244274809160306,-0.402099609375,0.151123046875,-0.297607421875,2.5942
-42.61068702290076,-8.885496183206106,-9.786259541984732,-0.408203125,0.146240234375,-0.296142578125,2.5959
-42.48854961832061,-8.992366412213741,-9.84732824427481,-0.408935546875,0.152587890625,-0.30126953125,2.5976
-42.54961832061068,-9.007633587786259,-9.725190839694656,-0.409423828125,0.15087890625,-0.299560546875,2.5993
-42.2442748091603,-9.053435114503817,-9.557251908396946,-0.405517578125,0.149169921875,-0.30322265625,2.601
-41.954198473282446,-9.007633587786259,-9.32824427480916,-0.40673828125,0.150634765625,-0.29736328125,2.6027
-41.83206106870229,-8.870229007633588,-9.251908396946565,-0.41259765625,0.15234375,-0.294921875,2.6044
-41.45038167938932,-8.717557251908397,-9.129770992366412,-0.40869140625,0.156005859375,-0.304443359375,2.6060999999999996
-41.282442748091604,-8.641221374045802,-9.038167938931299,-0.41357421875,0.151611328125,-0.2939453125,2.6077999999999997
-41.12977099236641,-8.549618320610687,-8.931297709923664,-0.41015625,0.154296875,-0.298828125,2.6094999999999997
-40.717557251908396,-8.213740458015268,-9.099236641221374,-0.414794921875,0.155517578125,-0.296875,2.6111999999999997
-40.274809160305345,-8.15267175572519,-8.931297709923664,-0.4169921875,0.159423828125,-0.295654296875,2.6129
-40.18320610687023,-7.816793893129771,-9.038167938931299,-0.415771484375,0.1591796875,-0.29833984375,2.6146
-40.045801526717554,-7.419847328244275,-9.129770992366412,-0.414794921875,0.16064453125,-0.298095703125,2.6163
-39.87786259541985,-7.099236641221374,-9.16030534351145,-0.4208984375,0.15869140625,-0.299072265625,2.618
-39.343511450381676,-6.763358778625954,-9.206106870229007,-0.424560546875,0.161865234375,-0.299072265625,2.6197
-39.02290076335878,-6.534351145038168,-9.312977099236642,-0.42431640625,0.158203125,-0.29150390625,2.6214
-38.93129770992366,-6.015267175572519,-9.389312977099237,-0.41796875,0.162841796875,-0.30517578125,2.6231
-38.412213740458014,-5.557251908396947,-9.633587786259541,-0.421142578125,0.162109375,-0.298095703125,2.6248
-38.10687022900763,-5.221374045801527,-9.603053435114504,-0.427734375,0.16259765625,-0.29345703125,2.6265
-37.93893129770992,-4.732824427480916,-9.786259541984732,-0.424560546875,0.164306640625,-0.291259765625,2.6281999999999996
-37.786259541984734,-4.2748091603053435,-9.938931297709924,-0.422607421875,0.1640625,-0.2900390625,2.6298999999999997
-37.23664122137404,-4.076335877862595,-10.045801526717558,-0.424560546875,0.169189453125,-0.296875,2.6315999999999997
-37.00763358778626,-3.7099236641221376,-10.229007633587786,-0.422119140625,0.17138671875,-0.298095703125,2.6332999999999998
-36.595419847328245,-3.2213740458015265,-10.290076335877863,-0.4228515625,0.164794921875,-0.29296875,2.635
-36.25954198473283,-3.0076335877862594,-10.335877862595419,-0.42236328125,0.1630859375,-0.287841796875,2.6367
-36.0,-2.763358778625954,-10.580152671755725,-0.421142578125,0.16748046875,-0.289794921875,2.6384
-35.7557251908397,-2.717557251908397,-10.580152671755725,-0.418701171875,0.166015625,-0.284912109375,2.6401
-35.37404580152672,-2.2442748091603053,-10.65648854961832,-0.414306640625,0.166259765625,-0.28369140625,2.6418
-34.93129770992366,-2.0610687022900764,-10.793893129770993,-0.417724609375,0.165283203125,-0.2900390625,2.6435
-34.94656488549618,-1.7557251908396947,-10.763358778625955,-0.413330078125,0.16845703125,-0.28564453125,2.6452
-34.51908396946565,-1.7099236641221374,-10.885496183206106,-0.413330078125,0.1630859375,-0.27978515625,2.6469
-34.36641221374046,-1.4961832061068703,-10.992366412213741,-0.416015625,0.164306640625,-0.2822265625,2.6486
-33.954198473282446,-1.297709923664122,-10.916030534351146,-0.422607421875,0.160400390625,-0.286865234375,2.6502999999999997
-33.725190839694655,-1.1145038167938932,-10.900763358778626,-0.417724609375,0.15966796875,-0.286376953125,2.6519999999999997
-33.63358778625954,-1.0534351145038168,-10.748091603053435,-0.4150390625,0.16064453125,-0.28857421875,2.6536999999999997
-33.43511450381679,-0.9465648854961832,-10.82442748091603,-0.415771484375,0.157470703125,-0.289306640625,2.6553999999999998
-33.221374045801525,-0.7480916030534351,-10.80916030534351,-0.418701171875,0.155029296875,-0.280517578125,2.6571
-32.961832061068705,-0.5343511450381679,-10.946564885496183,-0.41845703125,0.1513671875,-0.28173828125,2.6588
-32.68702290076336,-0.5038167938931297,-10.702290076335878,-0.41162109375,0.152587890625,-0.290771484375,2.6605
-32.717557251908396,-0.2748091603053435,-10.488549618320612,-0.4140625,0.156005859375,-0.29052734375,2.6622
-32.82442748091603,-0.2595419847328244,-10.381679389312977,-0.415771484375,0.155029296875,-0.290771484375,2.6639
-32.595419847328245,-0.061068702290076333,-10.15267175572519,-0.416259765625,0.151611328125,-0.28759765625,2.6656
-32.534351145038165,-0.15267175572519084,-9.84732824427481,-0.41259765625,0.1533203125,-0.28955078125,2.6673
-32.76335877862596,0.030534351145038167,-9.84732824427481,-0.4140625,0.1484375,-0.2890625,2.669
-32.61068702290076,0.16793893129770993,-9.572519083969466,-0.41796875,0.1484375,-0.283447265625,2.6706999999999996
-32.56488549618321,0.183206106870229,-9.068702290076336,-0.4140625,0.14306640625,-0.2890625,2.6723999999999997
-32.76335877862596,0.21374045801526717,-8.854961832061068,-0.412109375,0.1455078125,-0.284423828125,2.6740999999999997
-32.732824427480914,0.5190839694656488,-8.473282442748092,-0.417724609375,0.145751953125,-0.2802734375,2.6757999999999997
-32.916030534351144,0.6412213740458015,-8.13740458015267,-0.413330078125,0.1474609375,-0.283203125,2.6774999999999998
-32.87022900763359,0.6870229007633588,-7.679389312977099,-0.41357421875,0.148681640625,-0.286376953125,2.6792
-33.11450381679389,0.916030534351145,-7.404580152671755,-0.4111328125,0.1435546875,-0.283447265625,2.6809
-32.82442748091603,1.0229007633587786,-6.931297709923665,-0.415283203125,0.14892578125,-0.2900390625,2.6826
-33.06870229007634,1.1297709923664123,-6.8396946564885495,-0.408935546875,0.14794921875,-0.28173828125,2.6843
-32.93129770992366,1.2213740458015268,-6.244274809160306,-0.40771484375,0.153076171875,-0.29052734375,2.686
-33.038167938931295,1.297709923664122,-6.152671755725191,-0.4091796875,0.1552734375,-0.284423828125,2.6877
-32.717557251908396,1.297709923664122,-5.908396946564886,-0.40673828125,0.156982421875,-0.28857421875,2.6894
-32.42748091603053,1.3435114503816794,-5.633587786259542,-0.414306640625,0.155029296875,-0.286865234375,2.6911
-32.35114503816794,1.4809160305343512,-5.282442748091603,-0.404541015625,0.155029296875,-0.2861328125,2.6927999999999996
-32.2442748091603,1.5114503816793894,-5.129770992366412,-0.412841796875,0.156982421875,-0.289306640625,2.6944999999999997
-31.84732824427481,1.2671755725190839,-4.732824427480916,-0.404052734375,0.1611328125,-0.291259765625,2.6961999999999997
-31.404580152671755,1.2671755725190839,-4.702290076335878,-0.406982421875,0.162109375,-0.289794921875,2.6978999999999997
-31.267175572519083,1.450381679389313,-4.5038167938931295,-0.405517578125,0.1689453125,-0.28515625,2.6995999999999998
-30.916030534351144,1.1755725190839694,-4.458015267175573,-0.40576171875,0.169189453125,-0.2880859375,2.7013
-30.641221374045802,1.0687022900763359,-4.458015267175573,-0.404541015625,0.166015625,-0.294677734375,2.703
-30.27480916030534,1.3129770992366412,-4.152671755725191,-0.401123046875,0.161376953125,-0.288818359375,2.7047
-29.66412213740458,0.9770992366412213,-4.061068702290076,-0.40625,0.1640625,-0.287353515625,2.7064
-29.52671755725191,1.0381679389312977,-4.076335877862595,-0.410888671875,0.167236328125,-0.29150390625,2.7081
-28.977099236641223,1.1145038167938932,-3.816793893129771,-0.408935546875,0.171875,-0.287109375,2.7098
-28.458015267175572,1.0534351145038168,-3.801526717557252,-0.40234375,0.174560546875,-0.289794921875,2.7115
-28.229007633587788,0.8244274809160306,-3.5114503816793894,-0.398193359375,0.17578125,-0.28955078125,2.7132
-27.862595419847327,0.5801526717557252,-3.2977099236641223,-0.401611328125,0.168212890625,-0.281005859375,2.7148999999999996
-27.358778625954198,0.48854961832061067,-3.1908396946564888,-0.402099609375,0.17626953125,-0.291015625,2.7165999999999997
-26.946564885496183,0.33587786259541985,-3.114503816793893,-0.40283203125,0.17626953125,-0.285888671875,2.7182999999999997
-26.442748091603054,0.030534351145038167,-2.7938931297709924,-0.40087890625,0.172119140625,-0.292724609375,2.7199999999999998
-26.15267175572519,0.015267175572519083,-2.7480916030534353,-0.40185546875,0.17431640625,-0.2919921875,2.7217
-25.96946564885496,0.0,-2.7938931297709924,-0.3994140625,0.17578125,-0.2861328125,2.7234
-25.34351145038168,-0.44274809160305345,-2.6564885496183206,-0.400390625,0.17578125,-0.290771484375,2.7251
-24.82442748091603,-0.48854961832061067,-2.366412213740458,-0.404296875,0.177978515625,-0.288330078125,2.7268
-24.30534351145038,-0.5801526717557252,-2.3969465648854964,-0.401611328125,0.17822265625,-0.279296875,2.7285
-23.84732824427481,-0.5190839694656488,-2.0610687022900764,-0.398193359375,0.173095703125,-0.285888671875,2.7302
-23.66412213740458,-0.732824427480916,-2.1526717557251906,-0.40478515625,0.176025390625,-0.294921875,2.7319
-23.297709923664122,-0.916030534351145,-2.0916030534351147,-0.40283203125,0.17626953125,-0.28515625,2.7336
-22.916030534351144,-1.0534351145038168,-2.0916030534351147,-0.402587890625,0.177490234375,-0.286865234375,2.7353
-22.412213740458014,-0.9465648854961832,-1.8015267175572518,-0.402587890625,0.177490234375,-0.284912109375,2.7369999999999997
-21.96946564885496,-0.916030534351145,-1.786259541984733,-0.400146484375,0.168701171875,-0.28076171875,2.7386999999999997
-21.72519083969466,-1.0534351145038168,-1.7404580152671756,-0.406005859375,0.173095703125,-0.29296875,2.7403999999999997
-21.297709923664122,-0.9770992366412213,-1.5267175572519085,-0.406005859375,0.177490234375,-0.288330078125,2.7420999999999998
-21.251908396946565,-1.0229007633587786,-1.3129770992366412,-0.40380859375,0.173828125,-0.2861328125,2.7438
-20.763358778625953,-1.1297709923664123,-1.2061068702290076,-0.40966796875,0.17578125,-0.2861328125,2.7455
-20.38167938931298,-1.2671755725190839,-1.0229007633587786,-0.406005859375,0.17626953125,-0.282470703125,2.7472
-20.290076335877863,-1.2061068702290076,-0.916030534351145,-0.406494140625,0.175537109375,-0.28466796875,2.7489
-20.015267175572518,-1.251908396946565,-0.6412213740458015,-0.406494140625,0.177490234375,-0.28564453125,2.7506
-19.480916030534353,-1.282442748091603,-0.6870229007633588,-0.408447265625,0.170166015625,-0.283447265625,2.7523
-19.435114503816795,-1.3587786259541985,-0.5648854961832062,-0.412353515625,0.171142578125,-0.27880859375,2.754
-19.236641221374047,-1.3740458015267176,-0.5343511450381679,-0.40771484375,0.17431640625,-0.283447265625,2.7557
-18.885496183206108,-1.5267175572519085,-0.13740458015267176,-0.40478515625,0.175537109375,-0.284912109375,2.7573999999999996
-18.396946564885496,-1.4809160305343512,-0.13740458015267176,-0.406494140625,0.176025390625,-0.2822265625,2.7590999999999997
-18.290076335877863,-1.4198473282442747,-0.04580152671755725,-0.400634765625,0.179443359375,-0.28564453125,2.7607999999999997
-17.81679389312977,-1.3435114503816794,-0.07633587786259542,-0.40380859375,0.178955078125,-0.27587890625,2.7624999999999997
-17.541984732824428,-1.3435114503816794,0.12213740458015267,-0.40966796875,0.1767578125,-0.290771484375,2.7641999999999998
-17.282442748091604,-1.2213740458015268,-0.015267175572519083,-0.406982421875,0.18212890625,-0.288330078125,2.7659
-17.114503816793892,-1.3129770992366412,0.2595419847328244,-0.406005859375,0.1826171875,-0.2802734375,2.7676
-16.763358778625953,-1.2061068702290076,0.3511450381679389,-0.409912109375,0.1806640625,-0.28271484375,2.7693
-16.290076335877863,-1.1755725190839694,0.4732824427480916,-0.407958984375,0.18115234375,-0.2802734375,2.771
-16.18320610687023,-1.2671755725190839,0.4122137404580153,-0.41015625,0.174560546875,-0.281982421875,2.7727
-15.755725190839694,-1.2061068702290076,0.4732824427480916,-0.406005859375,0.17626953125,-0.28515625,2.7744
-15.49618320610687,-1.0687022900763359,0.33587786259541985,-0.410888671875,0.181396484375,-0.27685546875,2.7761
-15.297709923664122,-1.0229007633587786,0.5801526717557252,-0.40771484375,0.1787109375,-0.281982421875,2.7778
-14.870229007633588,-0.732824427480916,0.5801526717557252,-0.409912109375,0.177490234375,-0.277099609375,2.7794999999999996
-14.427480916030534,-0.6564885496183206,0.7786259541984732,-0.410400390625,0.18115234375,-0.28076171875,2.7811999999999997
-14.01526717557252,-0.7786259541984732,0.5038167938931297,-0.408447265625,0.184814453125,-0.282470703125,2.7828999999999997
-13.83206106870229,-0.6412213740458015,0.5801526717557252,-0.4033203125,0.185302734375,-0.278076171875,2.7845999999999997
-13.557251908396946,-0.3816793893129771,0.4732824427480916,-0.404296875,0.1806640625,-0.28076171875,2.7862999999999998
-13.19083969465649,-0.5038167938931297,0.7022900763358778,-0.4052734375,0.18359375,-0.278076171875,2.788
-12.82442748091603,-0.549618320610687,0.5648854961832062,-0.408935546875,0.175537109375,-0.274658203125,2.7897
-12.396946564885496,-0.5801526717557252,0.6717557251908397,-0.4072265625,0.181884765625,-0.281005859375,2.7914
-12.595419847328245,-0.5648854961832062,0.6564885496183206,-0.40380859375,0.17578125,-0.28515625,2.7931
-12.0,-0.4580152671755725,0.7022900763358778,-0.398193359375,0.17529296875,-0.283935546875,2.7948
-11.679389312977099,-0.6412213740458015,0.6564885496183206,-0.400634765625,0.172607421875,-0.27734375,2.7965
-11.709923664122137,-0.7786259541984732,0.8244274809160306,-0.40087890625,0.17578125,-0.27685546875,2.7982
-11.389312977099237,-0.916030534351145,0.7175572519083969,-0.406494140625,0.171630859375,-0.279052734375,2.7999
-11.282442748091603,-1.0381679389312977,1.0229007633587786,-0.39794921875,0.17138671875,-0.285400390625,2.8015999999999996
-11.267175572519085,-1.1755725190839694,1.2671755725190839,-0.400390625,0.1728515625,-0.281005859375,2.8032999999999997
-11.083969465648854,-1.3740458015267176,1.2671755725190839,-0.399169921875,0.168701171875,-0.28466796875,2.8049999999999997
-10.82442748091603,-1.618320610687023,1.1755725190839694,-0.40185546875,0.176513671875,-0.2744140625,2.8066999999999998
-10.595419847328245,-1.5114503816793894,1.2671755725190839,-0.404541015625,0.17138671875,-0.2763671875,2.8084
-10.51908396946565,-1.5572519083969465,1.1603053435114503,-0.40283203125,0.173095703125,-0.2890625,2.8101
-10.412213740458014,-1.5725190839694656,1.2671755725190839,-0.400390625,0.17333984375,-0.271484375,2.8118
-10.396946564885496,-1.618320610687023,1.297709923664122,-0.406494140625,0.1728515625,-0.284912109375,2.8135
-10.366412213740459,-1.6030534351145038,1.297709923664122,-0.404296875,0.17431640625,-0.279296875,2.8152
-10.13740458015267,-1.6946564885496183,1.2366412213740459,-0.406005859375,0.1767578125,-0.283203125,2.8169
-9.801526717557252,-1.7251908396946565,1.2671755725190839,-0.402587890625,0.17138671875,-0.281494140625,2.8186
-9.83206106870229,-1.6946564885496183,1.251908396946565,-0.4091796875,0.174560546875,-0.275390625,2.8203
-9.877862595419847,-1.465648854961832,1.1297709923664123,-0.409423828125,0.176025390625,-0.28173828125,2.822
-9.389312977099237,-1.2366412213740459,0.8549618320610687,-0.410400390625,0.177001953125,-0.2841796875,2.8236999999999997
-9.114503816793894,-1.3129770992366412,0.8702290076335878,-0.404296875,0.181640625,-0.281494140625,2.8253999999999997
-8.870229007633588,-1.0076335877862594,0.7786259541984732,-0.4072265625,0.182373046875,-0.27490234375,2.8270999999999997
-8.717557251908397,-0.8091603053435115,0.6106870229007634,-0.407958984375,0.17822265625,-0.279296875,2.8287999999999998
-8.610687022900763,-0.7786259541984732,0.48854961832061067,-0.408447265625,0.18310546875,-0.280517578125,2.8305
-8.259541984732824,-0.6259541984732825,0.44274809160305345,-0.406494140625,0.1796875,-0.283203125,2.8322
-8.0,-0.5190839694656488,0.24427480916030533,-0.40869140625,0.181884765625,-0.287841796875,2.8339
-7.633587786259542,0.030534351145038167,0.13740458015267176,-0.410888671875,0.176513671875,-0.285888671875,2.8356
-7.541984732824427,-0.12213740458015267,-0.015267175572519083,-0.412109375,0.183349609375,-0.2861328125,2.8373
-7.282442748091603,0.061068702290076333,-0.24427480916030533,-0.407470703125,0.18505859375,-0.279541015625,2.839
-7.206106870229007,0.3053435114503817,-0.33587786259541985,-0.407958984375,0.185302734375,-0.279541015625,2.8407
-6.793893129770993,0.33587786259541985,-0.6106870229007634,-0.407470703125,0.18701171875,-0.280517578125,2.8424
-6.519083969465649,0.48854961832061067,-0.6870229007633588,-0.406982421875,0.1904296875,-0.28271484375,2.8440999999999996
-6.061068702290076,0.5190839694656488,-0.732824427480916,-0.404052734375,0.1796875,-0.280517578125,2.8457999999999997
-6.030534351145038,0.5954198473282443,-0.8549618320610687,-0.40771484375,0.18359375,-0.273193359375,2.8474999999999997
-5.984732824427481,0.6106870229007634,-0.9923664122137404,-0.41162109375,0.18310546875,-0.278564453125,2.8491999999999997
-5.679389312977099,0.7480916030534351,-1.099236641221374,-0.405517578125,0.1787109375,-0.276123046875,2.8508999999999998
-5.526717557251908,0.7633587786259542,-1.2213740458015268,-0.400634765625,0.17626953125,-0.290283203125,2.8526
-5.022900763358779,0.5954198473282443,-1.2213740458015268,-0.40283203125,0.178955078125,-0.28076171875,2.8543
-5.175572519083969,0.6717557251908397,-1.4198473282442747,-0.396484375,0.181640625,-0.2822265625,2.856
-4.809160305343512,0.5190839694656488,-1.1908396946564885,-0.400390625,0.177734375,-0.285400390625,2.8577
-4.748091603053435,0.366412213740458,-1.0687022900763359,-0.400390625,0.176025390625,-0.28662109375,2.8594
-4.656488549618321,0.0916030534351145,-0.9923664122137404,-0.396240234375,0.180908203125,-0.28173828125,2.8611
-4.320610687022901,-0.04580152671755725,-1.1450381679389312,-0.400390625,0.17724609375,-0.2763671875,2.8628
-4.3816793893129775,-0.0916030534351145,-0.9007633587786259,-0.39794921875,0.174560546875,-0.274658203125,2.8645
-4.030534351145038,-0.366412213740458,-0.916030534351145,-0.39892578125,0.17578125,-0.2734375,2.8661999999999996
-3.9236641221374047,-0.6106870229007634,-0.732824427480916,-0.396484375,0.177490234375,-0.278564453125,2.8678999999999997
-4.015267175572519,-0.6564885496183206,-0.6412213740458015,-0.39794921875,0.176513671875,-0.27978515625,2.8695999999999997
-4.0,-0.7480916030534351,-0.42748091603053434,-0.395751953125,0.17138671875,-0.279296875,2.8712999999999997
-3.6793893129770994,-1.083969465648855,-0.3969465648854962,-0.396484375,0.168701171875,-0.283203125,2.8729999999999998
-3.618320610687023,-1.2061068702290076,-0.04580152671755725,-0.398681640625,0.173583984375,-0.27685546875,2.8747
-3.7251908396946565,-1.1908396946564885,0.1984732824427481,-0.399658203125,0.17041015625,-0.281494140625,2.8764
-3.5572519083969465,-1.5114503816793894,0.32061068702290074,-0.397705078125,0.17578125,-0.28955078125,2.8781
-3.4198473282442747,-1.5267175572519085,0.4580152671755725,-0.395751953125,0.173828125,-0.27783203125,2.8798
-3.3893129770992365,-1.5877862595419847,0.8244274809160306,-0.4013671875,0.169677734375,-0.275390625,2.8815
-3.236641221374046,-1.6793893129770991,0.8244274809160306,-0.401123046875,0.17041015625,-0.2783203125,2.8832
-3.1297709923664123,-1.5725190839694656,1.1145038167938932,-0.405029296875,0.17529296875,-0.27978515625,2.8849
-3.0839694656488548,-1.7251908396946565,1.297709923664122,-0.404541015625,0.17724609375,-0.28125,2.8866
-2.9923664122137406,-1.618320610687023,1.3282442748091603,-0.404052734375,0.174560546875,-0.2822265625,2.8882999999999996
-2.8091603053435112,-1.5267175572519085,1.4351145038167938,-0.406494140625,0.17724609375,-0.28955078125,2.8899999999999997
-2.717557251908397,-1.4809160305343512,1.7099236641221374,-0.4072265625,0.17822265625,-0.277587890625,2.8916999999999997
-2.33587786259542,-1.3282442748091603,1.7557251908396947,-0.41015625,0.181396484375,-0.279296875,2.8933999999999997
-2.16793893129771,-1.099236641221374,1.8931297709923665,-0.404296875,0.1826171875,-0.284912109375,2.8951
-1.9389312977099236,-1.0076335877862594,1.7709923664122138,-0.41357421875,0.179443359375,-0.2841796875,2.8968
-1.633587786259542,-1.0687022900763359,1.9236641221374047,-0.410888671875,0.179931640625,-0.2822265625,2.8985
-1.297709923664122,-0.6717557251908397,1.83206106870229,-0.41064453125,0.1826171875,-0.27587890625,2.9002
-0.8854961832061069,-0.8702290076335878,1.7404580152671756,-0.41162109375,0.18310546875,-0.280517578125,2.9019
-0.5038167938931297,-0.6259541984732825,1.5572519083969465,-0.408935546875,0.193603515625,-0.28173828125,2.9036
-0.1984732824427481,-0.5648854961832062,1.6641221374045803,-0.40966796875,0.1923828125,-0.279541015625,2.9053
0.07633587786259542,-0.3969465648854962,1.4045801526717556,-0.407470703125,0.189697265625,-0.283935546875,2.907
0.4732824427480916,-0.42748091603053434,1.4351145038167938,-0.41015625,0.19384765625,-0.285888671875,2.9086999999999996
0.916030534351145,-0.2595419847328244,1.5114503816793894,-0.407470703125,0.18994140625,-0.285888671875,2.9103999999999997
1.3435114503816794,-0.015267175572519083,1.4809160305343512,-0.404052734375,0.192626953125,-0.284912109375,2.9120999999999997
1.8778625954198473,0.2595419847328244,0.8396946564885496,-0.411376953125,0.19140625,-0.2880859375,2.9137999999999997
2.0916030534351147,0.183206106870229,0.9618320610687023,-0.409912109375,0.192138671875,-0.27783203125,2.9154999999999998
2.549618320610687,0.2900763358778626,0.8396946564885496,-0.409423828125,0.197021484375,-0.275390625,2.9172
3.236641221374046,0.4732824427480916,0.7175572519083969,-0.3974609375,0.19482421875,-0.27880859375,2.9189
3.5572519083969465,0.6106870229007634,0.5038167938931297,-0.40673828125,0.1904296875,-0.27783203125,2.9206
3.83206106870229,0.8549618320610687,0.4732824427480916,-0.408447265625,0.190673828125,-0.277587890625,2.9223
4.1679389312977095,0.549618320610687,0.1984732824427481,-0.40087890625,0.19287109375,-0.2802734375,2.924
4.778625954198473,0.5801526717557252,0.44274809160305345,-0.40576171875,0.192626953125,-0.275146484375,2.9257
5.114503816793893,0.6106870229007634,0.15267175572519084,-0.4033203125,0.195068359375,-0.270751953125,2.9274
5.541984732824427,0.3816793893129771,0.24427480916030533,-0.40625,0.191650390625,-0.275634765625,2.9291
5.816793893129771,0.3511450381679389,0.030534351145038167,-0.396728515625,0.19091796875,-0.2802734375,2.9307999999999996
6.137404580152672,0.030534351145038167,0.015267175572519083,-0.39990234375,0.194091796875,-0.28125,2.9324999999999997
6.396946564885496,-0.10687022900763359,-0.04580152671755725,-0.40087890625,0.193359375,-0.291015625,2.9341999999999997
6.656488549618321,-0.3969465648854962,0.16793893129770993,-0.4052734375,0.18896484375,-0.286376953125,2.9358999999999997
6.961832061068702,-0.6870229007633588,0.061068702290076333,-0.39990234375,0.18359375,-0.291015625,2.9375999999999998
7.32824427480916,-0.732824427480916,0.15267175572519084,-0.394287109375,0.190673828125,-0.277587890625,2.9393
7.297709923664122,-1.0229007633587786,0.030534351145038167,-0.400634765625,0.185791015625,-0.281494140625,2.941
7.801526717557252,-1.083969465648855,0.3816793893129771,-0.3974609375,0.185546875,-0.281494140625,2.9427
7.9541984732824424,-1.099236641221374,-0.030534351145038167,-0.397216796875,0.184814453125,-0.279052734375,2.9444
8.091603053435115,-1.2366412213740459,0.16793893129770993,-0.40234375,0.1826171875,-0.283203125,2.9461
8.65648854961832,-1.3587786259541985,0.183206106870229,-0.401123046875,0.187255859375,-0.280517578125,2.9478
8.641221374045802,-1.4351145038167938,0.549618320610687,-0.40234375,0.184814453125,-0.2890625,2.9495
8.931297709923664,-1.6793893129770991,0.5190839694656488,-0.40087890625,0.185302734375,-0.28125,2.9512
9.16030534351145,-1.6946564885496183,0.6259541984732825,-0.40185546875,0.1865234375,-0.28662109375,2.9528999999999996
9.450381679389313,-1.6793893129770991,0.7480916030534351,-0.402099609375,0.1826171875,-0.280029296875,2.9545999999999997
9.618320610687023,-1.8778625954198473,1.0076335877862594,-0.405029296875,0.18212890625,-0.279052734375,2.9562999999999997
9.83206106870229,-1.6946564885496183,0.916030534351145,-0.39990234375,0.185791015625,-0.28173828125,2.9579999999999997
9.877862595419847,-1.8931297709923665,1.2366412213740459,-0.39990234375,0.182373046875,-0.280517578125,2.9596999999999998
10.198473282442748,-1.8778625954198473,1.1755725190839694,-0.400146484375,0.18212890625,-0.284423828125,2.9614
10.351145038167939,-1.7709923664122138,1.4809160305343512,-0.408447265625,0.188720703125,-0.27734375,2.9631
10.67175572519084,-1.7404580152671756,1.450381679389313,-0.405029296875,0.18505859375,-0.28125,2.9648
10.946564885496183,-1.6030534351145038,1.6946564885496183,-0.400390625,0.185302734375,-0.279052734375,2.9665
10.961832061068701,-1.633587786259542,1.6793893129770991,-0.40283203125,0.1826171875,-0.283203125,2.9682
11.450381679389313,-1.4961832061068703,1.7251908396946565,-0.403564453125,0.1845703125,-0.277587890625,2.9699
11.679389312977099,-1.4351145038167938,2.0763358778625953,-0.3994140625,0.181884765625,-0.279052734375,2.9716
11.923664122137405,-1.282442748091603,2.2748091603053435,-0.405517578125,0.179931640625,-0.28125,2.9733
12.106870229007633,-1.0229007633587786,2.0610687022900764,-0.404296875,0.1845703125,-0.274658203125,2.9749999999999996
12.366412213740459,-1.2671755725190839,2.3053435114503817,-0.405517578125,0.1875,-0.27734375,2.9766999999999997
12.641221374045802,-1.0381679389312977,2.366412213740458,-0.40478515625,0.184326171875,-0.281005859375,2.9783999999999997
13.099236641221374,-1.099236641221374,2.2900763358778624,-0.40625,0.1865234375,-0.276123046875,2.9800999999999997
13.465648854961833,-1.0076335877862594,2.4732824427480917,-0.404296875,0.1865234375,-0.278564453125,2.9818
13.48091603053435,-0.9007633587786259,2.4732824427480917,-0.40478515625,0.189697265625,-0.286376953125,2.9835
13.83206106870229,-0.9770992366412213,2.50381679389313,-0.40380859375,0.18701171875,-0.284912109375,2.9852
14.50381679389313,-0.9770992366412213,2.3053435114503817,-0.404541015625,0.191162109375,-0.28125,2.9869
14.977099236641221,-0.9007633587786259,2.2595419847328246,-0.410400390625,0.195556640625,-0.282470703125,2.9886
15.16030534351145,-0.6412213740458015,2.427480916030534,-0.40966796875,0.19140625,-0.28564453125,2.9903
15.709923664122137,-0.7480916030534351,2.0916030534351147,-0.407470703125,0.1923828125,-0.28271484375,2.992
16.045801526717558,-0.7022900763358778,1.9236641221374047,-0.404296875,0.18798828125,-0.28564453125,2.9937
16.442748091603054,-0.7022900763358778,1.9389312977099236,-0.408935546875,0.193115234375,-0.273193359375,2.9953999999999996
16.793893129770993,-0.6259541984732825,1.7251908396946565,-0.404296875,0.192138671875,-0.278564453125,2.9970999999999997
17.328244274809162,-0.5648854961832062,1.9083969465648856,-0.40625,0.192138671875,-0.28759765625,2.9987999999999997
17.709923664122137,-0.48854961832061067,1.6030534351145038,-0.408203125,0.19287109375,-0.2880859375,3.0004999999999997
18.045801526717558,-0.42748091603053434,1.4198473282442747,-0.408203125,0.191162109375,-0.288330078125,3.0021999999999998
18.50381679389313,-0.32061068702290074,1.3893129770992367,-0.41015625,0.1904296875,-0.278564453125,3.0039
18.82442748091603,-0.2595419847328244,0.9770992366412213,-0.407958984375,0.19091796875,-0.279541015625,3.0056
19.328244274809162,-0.07633587786259542,0.7938931297709924,-0.400390625,0.1943359375,-0.285888671875,3.0073
19.72519083969466,-0.22900763358778625,0.7633587786259542,-0.405029296875,0.1962890625,-0.27880859375,3.009
20.229007633587788,-0.15267175572519084,0.7786259541984732,-0.40869140625,0.201171875,-0.2802734375,3.0107
20.793893129770993,-0.04580152671755725,0.42748091603053434,-0.403076171875,0.20068359375,-0.285888671875,3.0124
21.114503816793892,-0.13740458015267176,0.3511450381679389,-0.402587890625,0.1962890625,-0.285400390625,3.0141
21.572519083969464,-0.3053435114503817,0.183206106870229,-0.397216796875,0.196044921875,-0.280517578125,3.0158
22.16793893129771,-0.5190839694656488,0.07633587786259542,-0.401123046875,0.1962890625,-0.2890625,3.0174999999999996
22.885496183206108,-0.6412213740458015,-0.183206106870229,-0.39892578125,0.1953125,-0.279296875,3.0191999999999997
23.282442748091604,-0.732824427480916,-0.13740458015267176,-0.39599609375,0.19384765625,-0.27880859375,3.0208999999999997
23.801526717557252,-0.8549618320610687,-0.21374045801526717,-0.3994140625,0.19482421875,-0.278076171875,3.0225999999999997
24.0,-1.0534351145038168,-0.5190839694656488,-0.3984375,0.195068359375,-0.28173828125,3.0242999999999998
24.38167938931298,-1.2671755725190839,-0.48854961832061067,-0.3955078125,0.189697265625,-0.275634765625,3.026
25.099236641221374,-1.6488549618320612,-0.5190839694656488,-0.39599609375,0.19287109375,-0.271240234375,3.0277
25.389312977099237,-1.7099236641221374,-0.549618320610687,-0.396240234375,0.190185546875,-0.27685546875,3.0294
25.66412213740458,-1.8778625954198473,-0.33587786259541985,-0.395263671875,0.18408203125,-0.283447265625,3.0311
26.045801526717558,-2.1374045801526718,-0.3816793893129771,-0.389404296875,0.184814453125,-0.28369140625,3.0328
26.3206106870229,-2.519083969465649,-0.33587786259541985,-0.398193359375,0.182373046875,-0.2763671875,3.0345
26.870229007633586,-2.5343511450381677,-0.0916030534351145,-0.394775390625,0.189453125,-0.27734375,3.0362
27.297709923664122,-2.564885496183206,-0.15267175572519084,-0.40283203125,0.18701171875,-0.284912109375,3.0379
27.374045801526716,-2.5801526717557253,-0.0916030534351145,-0.3994140625,0.184814453125,-0.281494140625,3.0395999999999996
27.801526717557252,-2.6106870229007635,-0.061068702290076333,-0.402099609375,0.181884765625,-0.274169921875,3.0412999999999997
28.061068702290076,-2.5343511450381677,0.2595419847328244,-0.400634765625,0.1826171875,-0.283447265625,3.0429999999999997
28.366412213740457,-2.4732824427480917,0.42748091603053434,-0.40380859375,0.1865234375,-0.278564453125,3.0446999999999997
28.65648854961832,-2.6106870229007635,0.6259541984732825,-0.404052734375,0.182861328125,-0.2744140625,3.0463999999999998
28.870229007633586,-2.4885496183206106,0.6564885496183206,-0.4013671875,0.18408203125,-0.286865234375,3.0481
29.221374045801525,-2.50381679389313,0.7938931297709924,-0.40380859375,0.18701171875,-0.2783203125,3.0498
29.51145038167939,-2.4885496183206106,0.9618320610687023,-0.4052734375,0.185546875,-0.278076171875,3.0515
29.984732824427482,-2.4580152671755724,1.099236641221374,-0.401611328125,0.1845703125,-0.273193359375,3.0532
30.213740458015266,-2.3969465648854964,1.282442748091603,-0.406005859375,0.18212890625,-0.276611328125,3.0549
30.396946564885496,-2.3053435114503817,1.5877862595419847,-0.408447265625,0.18505859375,-0.291748046875,3.0566
30.931297709923665,-1.9541984732824427,1.6641221374045803,-0.4091796875,0.18212890625,-0.27490234375,3.0583
31.19083969465649,-2.122137404580153,2.1068702290076335,-0.408935546875,0.1845703125,-0.28076171875,3.0599999999999996
31.31297709923664,-2.1068702290076335,2.122137404580153,-0.408447265625,0.18212890625,-0.2841796875,3.0616999999999996
31.862595419847327,-1.8931297709923665,2.16793893129771,-0.410400390625,0.184326171875,-0.279296875,3.0633999999999997
32.0763358778626,-1.7404580152671756,2.366412213740458,-0.41552734375,0.181884765625,-0.284423828125,3.0650999999999997
32.58015267175573,-1.5572519083969465,2.717557251908397,-0.41357421875,0.185546875,-0.281005859375,3.0667999999999997
32.79389312977099,-1.5877862595419847,2.5801526717557253,-0.40966796875,0.187744140625,-0.28173828125,3.0685
33.25190839694657,-1.3129770992366412,2.7938931297709924,-0.4130859375,0.185302734375,-0.282958984375,3.0702
33.786259541984734,-1.1603053435114503,2.931297709923664,-0.412841796875,0.186279296875,-0.2841796875,3.0719
34.12213740458015,-1.0076335877862594,3.1603053435114505,-0.418701171875,0.185791015625,-0.282958984375,3.0736
34.458015267175576,-0.8549618320610687,2.9923664122137406,-0.41552734375,0.192138671875,-0.280517578125,3.0753
35.02290076335878,-0.8091603053435115,3.1297709923664123,-0.408203125,0.185302734375,-0.278076171875,3.077
35.603053435114504,-0.6717557251908397,3.267175572519084,-0.413330078125,0.19140625,-0.280029296875,3.0787
36.045801526717554,-0.48854961832061067,3.312977099236641,-0.414306640625,0.189697265625,-0.28564453125,3.0804
36.56488549618321,-0.04580152671755725,3.1908396946564888,-0.416748046875,0.19189453125,-0.28271484375,3.0820999999999996
37.14503816793893,0.3053435114503817,3.2977099236641223,-0.417724609375,0.193359375,-0.28662109375,3.0837999999999997
37.541984732824424,0.44274809160305345,3.2213740458015265,-0.415283203125,0.190673828125,-0.29345703125,3.0854999999999997
38.045801526717554,0.6259541984732825,3.267175572519084,-0.421142578125,0.198974609375,-0.27587890625,3.0871999999999997
38.717557251908396,0.7633587786259542,3.068702290076336,-0.420166015625,0.196044921875,-0.281494140625,3.0888999999999998
39.45038167938932,1.2061068702290076,3.145038167938931,-0.41748046875,0.190673828125,-0.282958984375,3.0906
39.69465648854962,1.4351145038167938,2.854961832061069,-0.41162109375,0.197265625,-0.297607421875,3.0923
40.54961832061068,1.7099236641221374,3.0229007633587788,-0.414306640625,0.195556640625,-0.29052734375,3.094
41.16030534351145,1.8015267175572518,2.900763358778626,-0.41552734375,0.2021484375,-0.27685546875,3.0957
41.74045801526717,1.9389312977099236,2.931297709923664,-0.412353515625,0.198486328125,-0.2890625,3.0974
42.51908396946565,2.1374045801526718,2.931297709923664,-0.409423828125,0.201904296875,-0.288818359375,3.0991
43.02290076335878,2.0,2.931297709923664,-0.405029296875,0.201416015625,-0.291015625,3.1008
43.81679389312977,2.0610687022900764,2.946564885496183,-0.41064453125,0.198974609375,-0.281494140625,3.1025
44.50381679389313,2.1068702290076335,2.732824427480916,-0.4013671875,0.197265625,-0.284423828125,3.1041999999999996
45.038167938931295,1.8778625954198473,2.6412213740458017,-0.404296875,0.203369140625,-0.277587890625,3.1058999999999997
45.74045801526717,1.83206106870229,2.549618320610687,-0.4072265625,0.202880859375,-0.2861328125,3.1075999999999997
46.48854961832061,1.7404580152671756,2.50381679389313,-0.406494140625,0.196533203125,-0.286865234375,3.1092999999999997
47.404580152671755,1.786259541984733,2.4427480916030535,-0.40771484375,0.202392578125,-0.289306640625,3.1109999999999998
48.06106870229008,1.5572519083969465,2.381679389312977,-0.39697265625,0.19970703125,-0.2880859375,3.1127
48.6412213740458,1.3435114503816794,2.3053435114503817,-0.397216796875,0.203857421875,-0.287353515625,3.1144
49.23664122137404,1.4351145038167938,2.2595419847328246,-0.402099609375,0.199951171875,-0.290771484375,3.1161
49.969465648854964,1.099236641221374,2.427480916030534,-0.396728515625,0.204833984375,-0.289794921875,3.1178
50.88549618320611,0.9312977099236641,2.2290076335877864,-0.395263671875,0.199951171875,-0.28564453125,3.1195
51.66412213740458,0.7786259541984732,2.2442748091603053,-0.3955078125,0.203857421875,-0.287841796875,3.1212
52.29007633587786,0.5954198473282443,2.1526717557251906,-0.397216796875,0.203369140625,-0.2880859375,3.1229
53.20610687022901,0.3511450381679389,2.33587786259542,-0.395263671875,0.19873046875,-0.283935546875,3.1246
53.83206106870229,0.24427480916030533,2.351145038167939,-0.39111328125,0.197021484375,-0.28857421875,3.1262999999999996
54.58015267175573,0.0916030534351145,2.4427480916030535,-0.390380859375,0.2021484375,-0.28369140625,3.1279999999999997
55.32824427480916,-0.10687022900763359,2.33587786259542,-0.386962890625,0.202880859375,-0.281982421875,3.1296999999999997
56.274809160305345,-0.21374045801526717,2.6717557251908395,-0.389404296875,0.19677734375,-0.292724609375,3.1313999999999997
56.74809160305343,-0.5038167938931297,2.6106870229007635,-0.38623046875,0.19677734375,-0.282958984375,3.1330999999999998
57.404580152671755,-0.916030534351145,2.763358778625954,-0.38720703125,0.200927734375,-0.2861328125,3.1348
58.30534351145038,-1.0687022900763359,2.931297709923664,-0.389404296875,0.19970703125,-0.28369140625,3.1365
58.900763358778626,-1.4045801526717556,3.236641221374046,-0.387451171875,0.19580078125,-0.290283203125,3.1382
59.6793893129771,-1.633587786259542,3.3587786259541983,-0.391357421875,0.199462890625,-0.285400390625,3.1399
60.42748091603053,-1.9541984732824427,3.4656488549618323,-0.388916015625,0.193115234375,-0.287841796875,3.1416
61.038167938931295,-2.198473282442748,3.648854961832061,-0.389404296875,0.191650390625,-0.289794921875,3.1433
61.86259541984733,-2.732824427480916,4.076335877862595,-0.38916015625,0.193115234375,-0.287353515625,3.145
62.54961832061068,-2.900763358778626,4.198473282442748,-0.38525390625,0.18603515625,-0.2822265625,3.1466999999999996
63.343511450381676,-3.1908396946564888,4.351145038167939,-0.38671875,0.18701171875,-0.285400390625,3.1483999999999996
63.89312977099237,-3.480916030534351,4.549618320610687,-0.3857421875,0.189208984375,-0.283447265625,3.1500999999999997
64.61068702290076,-3.8625954198473282,5.038167938931298,-0.3857421875,0.18505859375,-0.2880859375,3.1517999999999997
65.09923664122137,-4.152671755725191,5.343511450381679,-0.3876953125,0.186279296875,-0.28759765625,3.1534999999999997
65.43511450381679,-4.290076335877862,5.862595419847328,-0.3818359375,0.1865234375,-0.287841796875,3.1552
66.3969465648855,-4.732824427480916,5.984732824427481,-0.389892578125,0.1787109375,-0.2861328125,3.1569
66.70229007633588,-4.824427480916031,6.412213740458015,-0.38720703125,0.186767578125,-0.285400390625,3.1586
67.20610687022901,-5.175572519083969,6.687022900763359,-0.390869140625,0.1796875,-0.287841796875,3.1603
67.5114503816794,-5.343511450381679,7.251908396946565,-0.389404296875,0.181884765625,-0.283203125,3.162
68.1526717557252,-5.66412213740458,7.435114503816794,-0.39306640625,0.17822265625,-0.283447265625,3.1637
68.51908396946565,-6.106870229007634,7.801526717557252,-0.3974609375,0.174560546875,-0.28955078125,3.1654
68.87022900763358,-6.122137404580153,8.106870229007633,-0.3916015625,0.17578125,-0.28076171875,3.1671
69.45038167938931,-6.290076335877862,8.412213740458014,-0.392822265625,0.175537109375,-0.291259765625,3.1687999999999996
69.63358778625954,-6.229007633587786,8.80916030534351,-0.4013671875,0.17041015625,-0.28076171875,3.1704999999999997
70.09160305343511,-6.580152671755725,9.374045801526718,-0.396484375,0.1708984375,-0.295166015625,3.1721999999999997
70.30534351145039,-6.6106870229007635,9.572519083969466,-0.39794921875,0.168212890625,-0.28564453125,3.1738999999999997
70.61068702290076,-6.778625954198473,9.770992366412214,-0.3984375,0.169189453125,-0.289794921875,3.1755999999999998
71.31297709923665,-6.656488549618321,10.13740458015267,-0.400146484375,0.16650390625,-0.287353515625,3.1773
71.55725190839695,-6.763358778625954,10.687022900763358,-0.39794921875,0.16552734375,-0.29345703125,3.179
71.81679389312977,-7.00763358778626,11.022900763358779,-0.40087890625,0.1611328125,-0.293212890625,3.1807
72.13740458015268,-6.8396946564885495,11.297709923664122,-0.398193359375,0.16162109375,-0.28662109375,3.1824
72.74809160305344,-6.977099236641221,11.664122137404581,-0.406005859375,0.16650390625,-0.2890625,3.1841
72.99236641221374,-7.00763358778626,11.923664122137405,-0.400146484375,0.1640625,-0.28857421875,3.1858
73.08396946564885,-7.129770992366412,12.244274809160306,-0.402587890625,0.16748046875,-0.290283203125,3.1875
73.31297709923665,-6.9465648854961835,12.778625954198473,-0.400634765625,0.161376953125,-0.296630859375,3.1892
73.5114503816794,-6.916030534351145,12.916030534351146,-0.40625,0.1591796875,-0.29345703125,3.1908999999999996
73.92366412213741,-6.931297709923665,13.572519083969466,-0.400634765625,0.161376953125,-0.296142578125,3.1925999999999997
74.2442748091603,-6.67175572519084,13.84732824427481,-0.405029296875,0.162841796875,-0.29345703125,3.1942999999999997
74.79389312977099,-6.6106870229007635,14.244274809160306,-0.405517578125,0.165283203125,-0.291748046875,3.1959999999999997
75.0381679389313,-6.427480916030534,14.549618320610687,-0.40478515625,0.168212890625,-0.29443359375,3.1976999999999998
75.6793893129771,-6.5038167938931295,15.129770992366412,-0.40087890625,0.169677734375,-0.296142578125,3.1994
76.01526717557252,-6.473282442748092,15.221374045801527,-0.40185546875,0.163818359375,-0.296142578125,3.2011
76.45801526717557,-6.198473282442748,15.618320610687023,-0.407470703125,0.158935546875,-0.2998046875,3.2028
76.93129770992367,-6.122137404580153,16.0,-0.4072265625,0.1650390625,-0.299072265625,3.2045
77.41984732824427,-6.015267175572519,16.30534351145038,-0.406494140625,0.16796875,-0.29296875,3.2062
77.90839694656489,-5.801526717557252,16.702290076335878,-0.406982421875,0.165771484375,-0.28515625,3.2079
78.45801526717557,-6.076335877862595,17.053435114503817,-0.40771484375,0.16943359375,-0.28564453125,3.2096
78.9618320610687,-5.984732824427481,17.541984732824428,-0.40625,0.168701171875,-0.29296875,3.2112999999999996
79.6030534351145,-6.030534351145038,17.923664122137403,-0.40478515625,0.172119140625,-0.2939453125,3.2129999999999996
80.1526717557252,-5.862595419847328,18.076335877862597,-0.4013671875,0.162841796875,-0.2958984375,3.2146999999999997
80.97709923664122,-6.091603053435114,18.595419847328245,-0.396240234375,0.162109375,-0.28857421875,3.2163999999999997
81.52671755725191,-6.290076335877862,18.977099236641223,-0.39404296875,0.16748046875,-0.29541015625,3.2180999999999997
82.25954198473282,-6.458015267175573,19.358778625954198,-0.3984375,0.16357421875,-0.289794921875,3.2197999999999998
82.67175572519083,-6.488549618320611,19.801526717557252,-0.393798828125,0.16796875,-0.30029296875,3.2215
83.49618320610686,-6.778625954198473,20.290076335877863,-0.400634765625,0.164794921875,-0.298828125,3.2232
84.06106870229007,-7.1603053435114505,20.702290076335878,-0.397705078125,0.161376953125,-0.292236328125,3.2249
84.6412213740458,-7.1603053435114505,21.236641221374047,-0.39892578125,0.162841796875,-0.2919921875,3.2266
85.34351145038168,-7.251908396946565,21.770992366412212,-0.395751953125,0.162353515625,-0.3017578125,3.2283
85.92366412213741,-7.557251908396947,22.091603053435115,-0.395751953125,0.158203125,-0.298828125,3.23
86.53435114503817,-7.9541984732824424,22.702290076335878,-0.39599609375,0.161376953125,-0.293701171875,3.2317
87.17557251908397,-8.335877862595419,23.19083969465649,-0.39794921875,0.1630859375,-0.291015625,3.2333999999999996
87.69465648854961,-8.641221374045802,23.770992366412212,-0.3896484375,0.16015625,-0.296875,3.2350999999999996
88.25954198473282,-8.992366412213741,24.015267175572518,-0.38818359375,0.159423828125,-0.289794921875,3.2367999999999997
89.0381679389313,-9.374045801526718,24.458015267175572,-0.3896484375,0.162109375,-0.29150390625,3.2384999999999997
89.63358778625954,-9.572519083969466,25.053435114503817,-0.386962890625,0.158447265625,-0.295654296875,3.2401999999999997
90.13740458015268,-9.908396946564885,25.587786259541986,-0.383544921875,0.15576171875,-0.295654296875,3.2419
90.68702290076335,-10.396946564885496,25.755725190839694,-0.389892578125,0.156982421875,-0.297607421875,3.2436
91.23664122137404,-10.977099236641221,26.229007633587788,-0.393310546875,0.156982421875,-0.3037109375,3.2453
91.87786259541984,-11.34351145038168,26.671755725190838,-0.386962890625,0.1572265625,-0.2978515625,3.247
92.42748091603053,-11.786259541984732,27.419847328244273,-0.3837890625,0.15771484375,-0.302978515625,3.2487
93.02290076335878,-12.305343511450381,27.46564885496183,-0.38720703125,0.154052734375,-0.28662109375,3.2504
93.52671755725191,-12.687022900763358,27.96946564885496,-0.3876953125,0.15625,-0.296142578125,3.2521
94.04580152671755,-13.16030534351145,28.38167938931298,-0.387451171875,0.151123046875,-0.307861328125,3.2538
94.42748091603053,-13.587786259541986,28.80916030534351,-0.39013671875,0.15234375,-0.29443359375,3.2554999999999996
95.20610687022901,-13.98473282442748,29.221374045801525,-0.3896484375,0.150390625,-0.295166015625,3.2571999999999997
95.74045801526718,-14.458015267175572,29.64885496183206,-0.3896484375,0.1513671875,-0.30615234375,3.2588999999999997
96.09160305343511,-14.83969465648855,30.045801526717558,-0.38720703125,0.15234375,-0.298583984375,3.2605999999999997
96.3969465648855,-15.083969465648854,30.519083969465647,-0.39013671875,0.151123046875,-0.302734375,3.2622999999999998
96.9618320610687,-15.236641221374045,30.793893129770993,-0.388916015625,0.1533203125,-0.295166015625,3.264
97.54198473282443,-15.664122137404581,31.297709923664122,-0.394775390625,0.147216796875,-0.2939453125,3.2657
97.40458015267176,-15.770992366412214,31.46564885496183,-0.395751953125,0.151611328125,-0.300537109375,3.2674
97.83206106870229,-15.877862595419847,31.984732824427482,-0.397705078125,0.1484375,-0.289306640625,3.2691
98.67175572519083,-16.30534351145038,32.2442748091603,-0.394775390625,0.153076171875,-0.30224609375,3.2708
99.19083969465649,-16.442748091603054,32.732824427480914,-0.395263671875,0.145263671875,-0.305908203125,3.2725
99.58778625954199,-16.47328244274809,32.88549618320611,-0.395263671875,0.149169921875,-0.30517578125,3.2742
99.87786259541984,-16.763358778625953,33.32824427480916,-0.3955078125,0.150634765625,-0.295654296875,3.2759
100.62595419847328,-16.702290076335878,33.541984732824424,-0.4052734375,0.151611328125,-0.2978515625,3.2775999999999996
100.9618320610687,-16.885496183206108,33.86259541984733,-0.40185546875,0.148193359375,-0.294921875,3.2792999999999997
101.31297709923665,-17.022900763358777,34.152671755725194,-0.40087890625,0.14501953125,-0.305419921875,3.2809999999999997
102.03053435114504,-17.022900763358777,34.25954198473283,-0.401123046875,0.14501953125,-0.30029296875,3.2826999999999997
102.4885496183206,-17.404580152671755,34.35114503816794,-0.400390625,0.14404296875,-0.298828125,3.2843999999999998
103.02290076335878,-17.435114503816795,34.83969465648855,-0.39794921875,0.145263671875,-0.300048828125,3.2861
103.58778625954199,-17.480916030534353,34.83969465648855,-0.40234375,0.14208984375,-0.303466796875,3.2878
103.95419847328245,-17.61832061068702,35.099236641221374,-0.398193359375,0.147216796875,-0.28955078125,3.2895
104.3206106870229,-17.740458015267176,35.64885496183206,-0.400634765625,0.141357421875,-0.2958984375,3.2912
104.8854961832061,-17.755725190839694,35.786259541984734,-0.398193359375,0.1435546875,-0.296630859375,3.2929
104.93129770992367,-17.87786259541985,36.10687022900763,-0.399169921875,0.13623046875,-0.302978515625,3.2946
105.32824427480917,-18.03053435114504,36.33587786259542,-0.397216796875,0.135009765625,-0.295166015625,3.2963
105.87786259541984,-18.137404580152673,36.3206106870229,-0.3984375,0.1396484375,-0.298095703125,3.2979999999999996
105.80152671755725,-18.259541984732824,36.732824427480914,-0.395263671875,0.1376953125,-0.305419921875,3.2996999999999996
106.3969465648855,-18.38167938931298,37.282442748091604,-0.3955078125,0.140380859375,-0.2998046875,3.3013999999999997
106.41221374045801,-18.717557251908396,37.45038167938932,-0.396728515625,0.135009765625,-0.295166015625,3.3030999999999997
106.67175572519083,-19.099236641221374,37.70992366412214,-0.39404296875,0.13427734375,-0.303955078125,3.3047999999999997
106.62595419847328,-19.282442748091604,38.13740458015267,-0.3955078125,0.135986328125,-0.29931640625,3.3064999999999998
107.02290076335878,-19.6793893129771,38.396946564885496,-0.391357421875,0.13134765625,-0.30126953125,3.3082
107.17557251908397,-19.908396946564885,38.51908396946565,-0.394287109375,0.1328125,-0.30029296875,3.3099
107.32824427480917,-20.061068702290076,38.82442748091603,-0.388916015625,0.13232421875,-0.301513671875,3.3116
107.72519083969466,-20.519083969465647,39.3587786259542,-0.393798828125,0.127685546875,-0.304443359375,3.3133
107.77099236641222,-21.022900763358777,39.603053435114504,-0.389892578125,0.128173828125,-0.29638671875,3.315
108.12213740458016,-21.374045801526716,40.12213740458015,-0.388671875,0.13037109375,-0.29638671875,3.3167
108.38167938931298,-21.69465648854962,40.16793893129771,-0.389892578125,0.127197265625,-0.303466796875,3.3184
108.62595419847328,-22.458015267175572,40.656488549618324,-0.392822265625,0.125732421875,-0.3017578125,3.3200999999999996
108.76335877862596,-22.870229007633586,40.76335877862596,-0.3896484375,0.129638671875,-0.299560546875,3.3217999999999996
109.12977099236642,-23.282442748091604,41.02290076335878,-0.390380859375,0.131103515625,-0.29931640625,3.3234999999999997
109.3587786259542,-23.938931297709924,41.465648854961835,-0.386962890625,0.131103515625,-0.297607421875,3.3251999999999997
109.5114503816794,-24.48854961832061,41.83206106870229,-0.3837890625,0.128662109375,-0.29443359375,3.3268999999999997
109.78625954198473,-25.068702290076335,41.83206106870229,-0.38916015625,0.122314453125,-0.29345703125,3.3286
110.16793893129771,-25.61832061068702,42.18320610687023,-0.39013671875,0.1328125,-0.293212890625,3.3303
110.44274809160305,-26.30534351145038,42.58015267175573,-0.387939453125,0.129638671875,-0.298583984375,3.332
110.53435114503817,-26.595419847328245,42.87022900763359,-0.386474609375,0.134765625,-0.298583984375,3.3337
110.90076335877863,-27.31297709923664,43.25190839694657,-0.391357421875,0.13037109375,-0.30029296875,3.3354
111.12977099236642,-27.770992366412212,43.49618320610687,-0.39208984375,0.1328125,-0.302978515625,3.3371
111.45038167938931,-28.137404580152673,43.908396946564885,-0.394775390625,0.133544921875,-0.305419921875,3.3388
112.10687022900764,-28.65648854961832,44.152671755725194,-0.39794921875,0.1337890625,-0.29443359375,3.3405
112.35114503816794,-29.16030534351145,44.2442748091603,-0.39697265625,0.12890625,-0.294189453125,3.3421999999999996
112.41221374045801,-29.267175572519083,44.70229007633588,-0.396484375,0.129150390625,-0.295166015625,3.3438999999999997
113.12977099236642,-29.770992366412212,44.82442748091603,-0.3994140625,0.130859375,-0.30224609375,3.3455999999999997
113.23664122137404,-29.87786259541985,45.16030534351145,-0.399169921875,0.130615234375,-0.298828125,3.3472999999999997
113.63358778625954,-29.938931297709924,45.38931297709924,-0.404296875,0.12744140625,-0.29638671875,3.3489999999999998
113.93893129770993,-30.27480916030534,45.9236641221374,-0.39892578125,0.1298828125,-0.303466796875,3.3507
114.1526717557252,-30.38167938931298,46.06106870229008,-0.40234375,0.1298828125,-0.30126953125,3.3524
114.18320610687023,-30.610687022900763,46.50381679389313,-0.406982421875,0.12451171875,-0.306640625,3.3541
114.45801526717557,-30.595419847328245,46.6412213740458,-0.4130859375,0.125244140625,-0.2998046875,3.3558
114.73282442748092,-30.610687022900763,47.083969465648856,-0.4072265625,0.123046875,-0.302978515625,3.3575
114.8854961832061,-30.519083969465647,47.25190839694657,-0.412841796875,0.12109375,-0.303955078125,3.3592
114.7175572519084,-30.47328244274809,47.81679389312977,-0.409423828125,0.116455078125,-0.298583984375,3.3609
114.7175572519084,-30.48854961832061,47.9236641221374,-0.41015625,0.116943359375,-0.300537109375,3.3626
114.62595419847328,-30.366412213740457,48.44274809160305,-0.41015625,0.103271484375,-0.30029296875,3.3642999999999996
114.29007633587786,-30.290076335877863,48.62595419847328,-0.41162109375,0.10888671875,-0.297607421875,3.3659999999999997
113.98473282442748,-30.106870229007633,49.221374045801525,-0.4150390625,0.107177734375,-0.29931640625,3.3676999999999997
113.66412213740458,-30.03053435114504,49.49618320610687,-0.41796875,0.100341796875,-0.3037109375,3.3693999999999997
113.43511450381679,-29.954198473282442,50.12213740458015,-0.41455078125,0.101806640625,-0.29931640625,3.3710999999999998
112.77862595419847,-29.755725190839694,50.396946564885496,-0.416259765625,0.095458984375,-0.298828125,3.3728
112.54961832061069,-29.52671755725191,50.732824427480914,-0.41064453125,0.092041015625,-0.291015625,3.3745
112.1526717557252,-29.6793893129771,50.93129770992366,-0.416748046875,0.0947265625,-0.299072265625,3.3762
111.66412213740458,-29.328244274809162,51.29770992366412,-0.41455078125,0.09521484375,-0.30322265625,3.3779
111.40458015267176,-29.129770992366414,51.69465648854962,-0.412841796875,0.095458984375,-0.301025390625,3.3796
110.97709923664122,-29.099236641221374,51.725190839694655,-0.416748046875,0.096435546875,-0.309326171875,3.3813
110.30534351145039,-29.022900763358777,52.12213740458015,-0.4150390625,0.0908203125,-0.313232421875,3.383
109.70992366412214,-28.931297709923665,52.42748091603053,-0.41796875,0.091064453125,-0.3095703125,3.3846999999999996
109.12977099236642,-28.870229007633586,52.56488549618321,-0.414306640625,0.093017578125,-0.3056640625,3.3863999999999996
108.7175572519084,-28.885496183206108,52.778625954198475,-0.411376953125,0.09619140625,-0.302978515625,3.3880999999999997
108.09160305343511,-28.38167938931298,53.038167938931295,-0.414306640625,0.08837890625,-0.301025390625,3.3897999999999997
107.29770992366412,-28.15267175572519,53.20610687022901,-0.414794921875,0.0908203125,-0.30224609375,3.3914999999999997
106.83969465648855,-28.15267175572519,53.343511450381676,-0.41943359375,0.08642578125,-0.303466796875,3.3931999999999998
106.38167938931298,-28.27480916030534,53.74045801526717,-0.412841796875,0.0888671875,-0.3046875,3.3949
105.70992366412214,-27.954198473282442,53.770992366412216,-0.41162109375,0.09130859375,-0.311279296875,3.3966
105.00763358778626,-27.786259541984734,53.89312977099237,-0.413330078125,0.08935546875,-0.306640625,3.3983
104.42748091603053,-27.633587786259543,54.16793893129771,-0.419677734375,0.08544921875,-0.309814453125,3.4
103.86259541984732,-27.435114503816795,54.3206106870229,-0.41552734375,0.087158203125,-0.2978515625,3.4017
103.2824427480916,-27.328244274809162,54.42748091603053,-0.41259765625,0.0869140625,-0.30126953125,3.4034
103.12977099236642,-27.374045801526716,54.656488549618324,-0.408935546875,0.085205078125,-0.298095703125,3.4051
102.70229007633588,-27.022900763358777,54.6412213740458,-0.413818359375,0.09130859375,-0.311767578125,3.4067999999999996
101.87786259541984,-26.778625954198475,54.778625954198475,-0.4189453125,0.09619140625,-0.3095703125,3.4084999999999996
101.48091603053435,-26.732824427480917,55.00763358778626,-0.415283203125,0.095947265625,-0.312255859375,3.4101999999999997
101.26717557251908,-26.68702290076336,54.94656488549618,-0.416015625,0.09619140625,-0.306396484375,3.4118999999999997
100.67175572519083,-26.458015267175572,54.99236641221374,-0.421142578125,0.101318359375,-0.30810546875,3.4135999999999997
100.27480916030534,-26.244274809160306,55.11450381679389,-0.415771484375,0.09130859375,-0.314697265625,3.4153
100.0,-26.106870229007633,55.099236641221374,-0.417724609375,0.09375,-0.30712890625,3.417
99.7557251908397,-25.81679389312977,55.25190839694657,-0.416259765625,0.090576171875,-0.312255859375,3.4187
99.26717557251908,-25.34351145038168,55.31297709923664,-0.419677734375,0.093017578125,-0.30419921875,3.4204
98.83969465648855,-25.068702290076335,55.221374045801525,-0.4189453125,0.096435546875,-0.314697265625,3.4221
98.4885496183206,-24.9618320610687,55.17557251908397,-0.422607421875,0.093994140625,-0.31787109375,3.4238
98.56488549618321,-24.53435114503817,55.12977099236641,-0.424072265625,0.1064453125,-0.315185546875,3.4255
98.16793893129771,-24.106870229007633,55.282442748091604,-0.42431640625,0.106689453125,-0.315673828125,3.4272
97.92366412213741,-23.603053435114504,54.94656488549618,-0.426513671875,0.10302734375,-0.308837890625,3.4288999999999996
97.69465648854961,-23.34351145038168,54.74809160305343,-0.427978515625,0.106689453125,-0.318603515625,3.4305999999999996
97.54198473282443,-22.931297709923665,54.80916030534351,-0.423828125,0.1044921875,-0.31396484375,3.4322999999999997
97.29770992366412,-22.290076335877863,54.6412213740458,-0.427978515625,0.102783203125,-0.308349609375,3.4339999999999997
96.74809160305344,-21.755725190839694,54.36641221374046,-0.4306640625,0.102294921875,-0.313232421875,3.4356999999999998
96.62595419847328,-21.358778625954198,54.19847328244275,-0.427001953125,0.101318359375,-0.31689453125,3.4374
96.27480916030534,-20.625954198473284,54.030534351145036,-0.423828125,0.099853515625,-0.302978515625,3.4391
96.12213740458016,-20.15267175572519,53.81679389312977,-0.424072265625,0.10302734375,-0.30908203125,3.4408
95.89312977099236,-19.755725190839694,53.38931297709924,-0.425048828125,0.100341796875,-0.309326171875,3.4425
95.55725190839695,-19.221374045801525,53.16030534351145,-0.421630859375,0.09814453125,-0.312255859375,3.4442
95.05343511450381,-18.99236641221374,53.00763358778626,-0.419677734375,0.10546875,-0.31103515625,3.4459
94.94656488549619,-18.595419847328245,52.48854961832061,-0.417236328125,0.1025390625,-0.314208984375,3.4476
94.82442748091603,-18.290076335877863,52.18320610687023,-0.419921875,0.111572265625,-0.3134765625,3.4492999999999996
94.59541984732824,-18.244274809160306,52.0,-0.42236328125,0.104736328125,-0.313232421875,3.4509999999999996
94.16793893129771,-18.0,51.404580152671755,-0.41748046875,0.1083984375,-0.312255859375,3.4526999999999997
93.77099236641222,-17.72519083969466,51.17557251908397,-0.4169921875,0.11083984375,-0.32275390625,3.4543999999999997
93.38931297709924,-17.541984732824428,50.79389312977099,-0.414794921875,0.109375,-0.314208984375,3.4560999999999997
93.14503816793894,-17.282442748091604,50.30534351145038,-0.414794921875,0.109375,-0.311279296875,3.4577999999999998
92.94656488549619,-16.80916030534351,49.7557251908397,-0.418701171875,0.1064453125,-0.316162109375,3.4595
92.6412213740458,-16.748091603053435,49.6793893129771,-0.414306640625,0.110107421875,-0.310302734375,3.4612
92.50381679389314,-16.778625954198475,49.3587786259542,-0.417724609375,0.11181640625,-0.313720703125,3.4629
92.19847328244275,-16.641221374045802,49.05343511450382,-0.4130859375,0.1064453125,-0.310546875,3.4646
91.80152671755725,-16.610687022900763,48.67175572519084,-0.4091796875,0.110595703125,-0.30908203125,3.4663
91.66412213740458,-16.47328244274809,48.67175572519084,-0.408447265625,0.110595703125,-0.31640625,3.468
91.29770992366412,-16.366412213740457,48.36641221374046,-0.406494140625,0.11279296875,-0.317138671875,3.4697
91.0381679389313,-16.47328244274809,48.2442748091603,-0.407470703125,0.109130859375,-0.31298828125,3.4713999999999996
91.00763358778626,-16.427480916030536,47.64885496183206,-0.4052734375,0.115478515625,-0.30517578125,3.4730999999999996
90.90076335877863,-16.50381679389313,47.57251908396947,-0.401611328125,0.115478515625,-0.31005859375,3.4747999999999997
90.83969465648855,-16.458015267175572,47.3587786259542,-0.405029296875,0.1171875,-0.31591796875,3.4764999999999997
90.50381679389314,-16.366412213740457,47.23664122137404,-0.402099609375,0.1142578125,-0.3095703125,3.4781999999999997
90.6412213740458,-16.564885496183205,46.916030534351144,-0.400390625,0.115478515625,-0.30908203125,3.4798999999999998
90.42748091603053,-16.778625954198475,46.68702290076336,-0.39892578125,0.119873046875,-0.3115234375,3.4816
90.1526717557252,-16.748091603053435,46.61068702290076,-0.4033203125,0.117431640625,-0.313720703125,3.4833
90.07633587786259,-16.717557251908396,46.35114503816794,-0.39892578125,0.11865234375,-0.307373046875,3.485
90.1526717557252,-16.9618320610687,46.06106870229008,-0.39892578125,0.116943359375,-0.316162109375,3.4867
90.06106870229007,-17.374045801526716,46.030534351145036,-0.39990234375,0.12060546875,-0.312744140625,3.4884
89.90839694656489,-17.603053435114504,45.69465648854962,-0.400634765625,0.125,-0.313720703125,3.4901
89.81679389312977,-17.633587786259543,45.52671755725191,-0.39501953125,0.125732421875,-0.302978515625,3.4918
89.66412213740458,-17.984732824427482,45.20610687022901,-0.3935546875,0.123779296875,-0.31787109375,3.4934999999999996
89.95419847328245,-18.106870229007633,44.80916030534351,-0.397216796875,0.129150390625,-0.3154296875,3.4951999999999996
89.80152671755725,-18.427480916030536,44.6412213740458,-0.399658203125,0.127685546875,-0.3212890625,3.4968999999999997
89.57251908396947,-18.717557251908396,44.274809160305345,-0.39697265625,0.127197265625,-0.302001953125,3.4985999999999997
89.98473282442748,-18.885496183206108,43.908396946564885,-0.397705078125,0.123779296875,-0.31591796875,3.5002999999999997
89.93893129770993,-19.068702290076335,43.89312977099237,-0.400390625,0.125244140625,-0.313232421875,3.502
89.96946564885496,-19.34351145038168,43.343511450381676,-0.3994140625,0.12890625,-0.30419921875,3.5037
90.12213740458016,-19.480916030534353,42.99236641221374,-0.401611328125,0.128173828125,-0.306640625,3.5054
90.09160305343511,-19.389312977099237,42.61068702290076,-0.401123046875,0.12548828125,-0.31298828125,3.5071
90.18320610687023,-19.49618320610687,42.229007633587784,-0.39990234375,0.13232421875,-0.3134765625,3.5088
90.47328244274809,-19.46564885496183,42.0763358778626,-0.405517578125,0.133544921875,-0.30712890625,3.5105
90.3206106870229,-19.251908396946565,41.66412213740458,-0.40478515625,0.1318359375,-0.3154296875,3.5122
90.38167938931298,-19.221374045801525,41.3587786259542,-0.4072265625,0.13232421875,-0.313232421875,3.5139
90.53435114503817,-19.19083969465649,41.14503816793893,-0.407470703125,0.13134765625,-0.318603515625,3.5155999999999996
90.4885496183206,-18.900763358778626,40.656488549618324,-0.406494140625,0.128173828125,-0.31591796875,3.5172999999999996
90.45801526717557,-18.900763358778626,40.396946564885496,-0.406005859375,0.12353515625,-0.3173828125,3.5189999999999997
90.1526717557252,-18.702290076335878,40.2442748091603,-0.40771484375,0.130859375,-0.3154296875,3.5206999999999997
90.1526717557252,-18.47328244274809,40.030534351145036,-0.414306640625,0.127685546875,-0.3125,3.5223999999999998
90.01526717557252,-18.229007633587788,39.69465648854962,-0.408935546875,0.122314453125,-0.31201171875,3.5241
89.92366412213741,-18.229007633587788,39.587786259541986,-0.409912109375,0.117919921875,-0.319580078125,3.5258
89.3587786259542,-18.045801526717558,39.38931297709924,-0.406005859375,0.12158203125,-0.31005859375,3.5275
89.38931297709924,-18.015267175572518,39.099236641221374,-0.41064453125,0.124267578125,-0.31689453125,3.5292
89.1145038167939,-17.786259541984734,38.87022900763359,-0.40966796875,0.128173828125,-0.3115234375,3.5309
88.83969465648855,-17.480916030534353,38.56488549618321,-0.40966796875,0.12744140625,-0.309814453125,3.5326
88.53435114503817,-17.389312977099237,38.51908396946565,-0.406982421875,0.121337890625,-0.3125,3.5343
88.18320610687023,-17.16030534351145,38.229007633587784,-0.40966796875,0.1220703125,-0.31787109375,3.5359999999999996
87.80152671755725,-17.206106870229007,37.954198473282446,-0.40625,0.122314453125,-0.3212890625,3.5376999999999996
87.52671755725191,-16.931297709923665,37.66412213740458,-0.407470703125,0.11865234375,-0.310791015625,3.5393999999999997
87.20610687022901,-16.748091603053435,37.57251908396947,-0.408935546875,0.118408203125,-0.31201171875,3.5410999999999997
86.8854961832061,-16.213740458015266,37.23664122137404,-0.40625,0.121337890625,-0.311279296875,3.5427999999999997
86.62595419847328,-16.061068702290076,36.82442748091603,-0.408935546875,0.1162109375,-0.31640625,3.5444999999999998
86.06106870229007,-16.16793893129771,36.68702290076336,-0.407470703125,0.11376953125,-0.31494140625,3.5462
85.86259541984732,-15.98473282442748,36.25954198473283,-0.406982421875,0.116455078125,-0.318359375,3.5479
85.70992366412214,-15.618320610687023,35.908396946564885,-0.41162109375,0.120361328125,-0.314697265625,3.5496
85.34351145038168,-15.557251908396946,35.7557251908397,-0.406982421875,0.118896484375,-0.3193359375,3.5513
85.09923664122137,-15.404580152671755,35.02290076335878,-0.406494140625,0.121337890625,-0.318603515625,3.553
84.80916030534351,-15.19083969465649,34.732824427480914,-0.407958984375,0.12109375,-0.312255859375,3.5547
84.73282442748092,-14.961832061068701,34.54961832061068,-0.406494140625,0.125732421875,-0.302734375,3.5564
84.58015267175573,-14.763358778625955,34.18320610687023,-0.4052734375,0.127197265625,-0.307373046875,3.5580999999999996
84.42748091603053,-14.732824427480915,33.70992366412214,-0.406005859375,0.120361328125,-0.320556640625,3.5597999999999996
84.1526717557252,-14.580152671755725,33.57251908396947,-0.409423828125,0.124755859375,-0.31640625,3.5614999999999997
84.06106870229007,-14.67175572519084,32.94656488549618,-0.407470703125,0.12060546875,-0.317626953125,3.5631999999999997
83.95419847328245,-14.351145038167939,32.54961832061068,-0.400634765625,0.123291015625,-0.320068359375,3.5648999999999997
83.83206106870229,-14.13740458015267,32.29007633587786,-0.4052734375,0.126708984375,-0.314697265625,3.5665999999999998
83.81679389312977,-13.98473282442748,31.84732824427481,-0.408447265625,0.123291015625,-0.314208984375,3.5683
83.7557251908397,-14.091603053435115,31.450381679389313,-0.405029296875,0.128173828125,-0.3203125,3.57
83.93893129770993,-14.0,31.068702290076335,-0.40869140625,0.126708984375,-0.32666015625,3.5717
83.70992366412214,-13.709923664122137,30.595419847328245,-0.412109375,0.12890625,-0.30859375,3.5734
83.57251908396947,-13.49618320610687,30.12213740458015,-0.41162109375,0.124267578125,-0.322021484375,3.5751
83.25190839694656,-13.450381679389313,29.709923664122137,-0.406005859375,0.129150390625,-0.313720703125,3.5768
83.38931297709924,-13.282442748091603,29.297709923664122,-0.408935546875,0.130615234375,-0.316650390625,3.5785
83.26717557251908,-12.854961832061068,28.870229007633586,-0.409423828125,0.126953125,-0.312744140625,3.5801999999999996
83.38931297709924,-12.534351145038167,28.427480916030536,-0.409912109375,0.11669921875,-0.316650390625,3.5818999999999996
83.2824427480916,-12.412213740458014,27.87786259541985,-0.402587890625,0.125732421875,-0.318359375,3.5835999999999997
83.1145038167939,-12.122137404580153,27.450381679389313,-0.4033203125,0.121826171875,-0.3203125,3.5852999999999997
82.87022900763358,-11.969465648854962,26.9618320610687,-0.406494140625,0.120361328125,-0.323974609375,3.5869999999999997
82.83969465648855,-11.740458015267176,26.564885496183205,-0.409912109375,0.12109375,-0.325927734375,3.5887
82.59541984732824,-11.755725190839694,25.938931297709924,-0.408447265625,0.129150390625,-0.318603515625,3.5904
82.33587786259542,-11.511450381679388,25.572519083969464,-0.4072265625,0.12060546875,-0.321533203125,3.5921
82.19847328244275,-11.099236641221374,25.068702290076335,-0.4091796875,0.119384765625,-0.317626953125,3.5938
82.04580152671755,-11.068702290076336,25.099236641221374,-0.404296875,0.118408203125,-0.31884765625,3.5955
81.98473282442748,-10.900763358778626,24.641221374045802,-0.401123046875,0.115234375,-0.3212890625,3.5972
81.46564885496183,-10.732824427480915,24.137404580152673,-0.40283203125,0.1171875,-0.316650390625,3.5989
81.20610687022901,-10.610687022900763,23.740458015267176,-0.402587890625,0.117919921875,-0.32275390625,3.6005999999999996
80.50381679389314,-10.732824427480915,23.46564885496183,-0.406005859375,0.1064453125,-0.322509765625,3.6022999999999996
80.21374045801527,-10.534351145038167,22.870229007633586,-0.405517578125,0.111083984375,-0.3212890625,3.6039999999999996
80.16793893129771,-10.351145038167939,22.47328244274809,-0.4091796875,0.11181640625,-0.315673828125,3.6056999999999997
79.96946564885496,-10.396946564885496,22.137404580152673,-0.408935546875,0.10791015625,-0.322998046875,3.6073999999999997
79.41984732824427,-10.198473282442748,22.015267175572518,-0.407958984375,0.112060546875,-0.323486328125,3.6090999999999998
79.09923664122137,-10.030534351145038,21.49618320610687,-0.407958984375,0.107177734375,-0.3193359375,3.6108
78.8854961832061,-9.801526717557252,21.221374045801525,-0.4072265625,0.103759765625,-0.3193359375,3.6125
78.38167938931298,-9.587786259541986,21.053435114503817,-0.405517578125,0.10400390625,-0.32373046875,3.6142
77.87786259541984,-9.450381679389313,20.671755725190838,-0.412841796875,0.10693359375,-0.329345703125,3.6159
77.58778625954199,-9.221374045801527,20.519083969465647,-0.4111328125,0.107421875,-0.32421875,3.6176
77.17557251908397,-8.82442748091603,20.229007633587788,-0.407958984375,0.1064453125,-0.321044921875,3.6193
76.56488549618321,-8.80916030534351,19.862595419847327,-0.408935546875,0.104248046875,-0.33056640625,3.621
76.03053435114504,-8.259541984732824,19.389312977099237,-0.412109375,0.099609375,-0.326416015625,3.6226999999999996
75.34351145038168,-7.984732824427481,18.885496183206108,-0.410400390625,0.0966796875,-0.322998046875,3.6243999999999996
74.61068702290076,-7.541984732824427,18.549618320610687,-0.40869140625,0.096435546875,-0.3291015625,3.6260999999999997
74.13740458015268,-7.404580152671755,18.106870229007633,-0.407958984375,0.094482421875,-0.32421875,3.6277999999999997
73.70992366412214,-7.068702290076335,17.64885496183206,-0.408447265625,0.097900390625,-0.322265625,3.6294999999999997
73.2824427480916,-6.778625954198473,17.34351145038168,-0.410400390625,0.1044921875,-0.3173828125,3.6311999999999998
72.9618320610687,-6.488549618320611,17.206106870229007,-0.41650390625,0.09716796875,-0.322509765625,3.6329
72.19847328244275,-6.244274809160306,16.83969465648855,-0.406005859375,0.0947265625,-0.331787109375,3.6346
71.8473282442748,-5.9541984732824424,16.53435114503817,-0.407958984375,0.096435546875,-0.330078125,3.6363
71.54198473282443,-5.770992366412214,16.091603053435115,-0.4091796875,0.096435546875,-0.33056640625,3.638
70.93129770992367,-5.587786259541985,15.969465648854962,-0.408447265625,0.098876953125,-0.3310546875,3.6397
70.3206106870229,-5.374045801526718,15.450381679389313,-0.402099609375,0.09716796875,-0.334228515625,3.6414
69.92366412213741,-5.1603053435114505,15.114503816793894,-0.4033203125,0.095458984375,-0.33544921875,3.6431
69.09923664122137,-4.9465648854961835,14.717557251908397,-0.3994140625,0.096435546875,-0.316162109375,3.6447999999999996
68.50381679389314,-4.5038167938931295,14.381679389312977,-0.4033203125,0.099609375,-0.325927734375,3.6464999999999996
68.33587786259542,-4.412213740458015,13.786259541984732,-0.401611328125,0.08984375,-0.329833984375,3.6481999999999997
67.77099236641222,-4.305343511450381,13.435114503816793,-0.405029296875,0.093505859375,-0.32861328125,3.6498999999999997
67.22137404580153,-4.351145038167939,13.007633587786259,-0.40185546875,0.091064453125,-0.33056640625,3.6515999999999997
66.67175572519083,-4.229007633587786,12.687022900763358,-0.404052734375,0.0927734375,-0.327392578125,3.6532999999999998
66.16793893129771,-3.969465648854962,12.366412213740459,-0.398193359375,0.093017578125,-0.33154296875,3.655
65.83206106870229,-3.9083969465648853,11.98473282442748,-0.399658203125,0.093994140625,-0.327880859375,3.6567
65.52671755725191,-3.83206106870229,11.435114503816793,-0.40283203125,0.093505859375,-0.33984375,3.6584
65.00763358778626,-3.7251908396946565,11.236641221374045,-0.396240234375,0.095703125,-0.334228515625,3.6601
64.22900763358778,-3.5572519083969465,10.687022900763358,-0.401123046875,0.097412109375,-0.33447265625,3.6618
64.22900763358778,-3.480916030534351,10.274809160305344,-0.40234375,0.09326171875,-0.334228515625,3.6635
63.43511450381679,-3.435114503816794,9.969465648854962,-0.400634765625,0.09619140625,-0.3349609375,3.6652
63.32824427480916,-3.099236641221374,9.801526717557252,-0.399169921875,0.09619140625,-0.33154296875,3.6668999999999996
62.916030534351144,-3.114503816793893,9.114503816793894,-0.398681640625,0.09423828125,-0.332275390625,3.6685999999999996
62.274809160305345,-3.0076335877862594,8.82442748091603,-0.405517578125,0.0927734375,-0.333984375,3.6702999999999997
61.89312977099237,-2.687022900763359,8.610687022900763,-0.40087890625,0.087890625,-0.34033203125,3.6719999999999997
61.51145038167939,-2.427480916030534,8.15267175572519,-0.398193359375,0.093017578125,-0.3349609375,3.6736999999999997
61.00763358778626,-2.3969465648854964,7.908396946564886,-0.394287109375,0.09130859375,-0.33837890625,3.6754
60.6412213740458,-2.1374045801526718,7.8320610687022905,-0.3994140625,0.0859375,-0.3330078125,3.6771
60.213740458015266,-2.045801526717557,7.358778625954199,-0.402099609375,0.08984375,-0.339111328125,3.6788
59.87786259541985,-1.8931297709923665,7.022900763358779,-0.407470703125,0.094970703125,-0.337158203125,3.6805
59.17557251908397,-1.8015267175572518,6.656488549618321,-0.401123046875,0.08984375,-0.344970703125,3.6822
58.916030534351144,-1.8015267175572518,6.595419847328245,-0.3994140625,0.08984375,-0.33740234375,3.6839
58.47328244274809,-1.450381679389313,6.229007633587786,-0.39599609375,0.089111328125,-0.33740234375,3.6856
57.80152671755725,-1.450381679389313,6.152671755725191,-0.395263671875,0.085205078125,-0.3408203125,3.6872999999999996
57.267175572519086,-1.282442748091603,5.9541984732824424,-0.396484375,0.091552734375,-0.33642578125,3.6889999999999996
56.80916030534351,-1.1145038167938932,5.801526717557252,-0.397216796875,0.089599609375,-0.3359375,3.6906999999999996
56.412213740458014,-1.2061068702290076,5.251908396946565,-0.39501953125,0.08203125,-0.3310546875,3.6923999999999997
56.030534351145036,-1.1908396946564885,5.312977099236641,-0.3994140625,0.083251953125,-0.3408203125,3.6940999999999997
55.32824427480916,-1.0534351145038168,4.885496183206107,-0.39501953125,0.087646484375,-0.343505859375,3.6957999999999998
54.76335877862596,-1.0381679389312977,4.656488549618321,-0.394775390625,0.0849609375,-0.343017578125,3.6975
54.33587786259542,-0.916030534351145,4.580152671755725,-0.3955078125,0.088134765625,-0.345703125,3.6992
53.770992366412216,-0.7633587786259542,4.229007633587786,-0.392822265625,0.08837890625,-0.341552734375,3.7009
53.3587786259542,-0.9312977099236641,3.984732824427481,-0.39404296875,0.083251953125,-0.33349609375,3.7026
52.961832061068705,-0.9770992366412213,3.9389312977099236,-0.3984375,0.079833984375,-0.33984375,3.7043
52.412213740458014,-0.9618320610687023,3.6030534351145036,-0.398681640625,0.0888671875,-0.342529296875,3.706
51.89312977099237,-1.2671755725190839,3.4198473282442747,-0.39306640625,0.087890625,-0.337890625,3.7077
51.541984732824424,-1.3129770992366412,3.2061068702290076,-0.394775390625,0.08447265625,-0.339111328125,3.7093999999999996
51.221374045801525,-1.1450381679389312,3.1297709923664123,-0.394775390625,0.085693359375,-0.339599609375,3.7110999999999996
50.88549618320611,-1.2671755725190839,3.0229007633587788,-0.39013671875,0.085693359375,-0.348876953125,3.7127999999999997
50.274809160305345,-1.3282442748091603,2.687022900763359,-0.39453125,0.08642578125,-0.34814453125,3.7144999999999997
49.69465648854962,-1.3740458015267176,2.5343511450381677,-0.39013671875,0.084716796875,-0.345947265625,3.7161999999999997
49.43511450381679,-1.3282442748091603,2.16793893129771,-0.39453125,0.085205078125,-0.342041015625,3.7178999999999998
49.038167938931295,-1.4045801526717556,2.0,-0.391845703125,0.085205078125,-0.345947265625,3.7196
48.717557251908396,-1.3587786259541985,1.7709923664122138,-0.397705078125,0.0849609375,-0.344482421875,3.7213
48.36641221374046,-1.297709923664122,1.3435114503816794,-0.393798828125,0.0888671875,-0.343505859375,3.723
48.091603053435115,-1.2061068702290076,1.450381679389313,-0.39501953125,0.079345703125,-0.3388671875,3.7247
47.52671755725191,-1.099236641221374,0.9770992366412213,-0.393798828125,0.0869140625,-0.33935546875,3.7264
47.06870229007634,-1.0076335877862594,0.8549618320610687,-0.393798828125,0.08251953125,-0.344482421875,3.7281
46.961832061068705,-1.0381679389312977,0.7022900763358778,-0.396240234375,0.08056640625,-0.352783203125,3.7298
46.44274809160305,-1.1297709923664123,0.549618320610687,-0.39501953125,0.081787109375,-0.350830078125,3.7314999999999996
45.786259541984734,-0.8091603053435115,0.42748091603053434,-0.394287109375,0.082275390625,-0.343994140625,3.7331999999999996
45.63358778625954,-0.8396946564885496,-0.030534351145038167,-0.38916015625,0.08203125,-0.345458984375,3.7348999999999997
45.25190839694657,-1.0229007633587786,-0.21374045801526717,-0.392333984375,0.078125,-0.33837890625,3.7365999999999997
44.68702290076336,-0.9618320610687023,-0.1984732824427481,-0.391845703125,0.080078125,-0.34375,3.7382999999999997
44.50381679389313,-0.8244274809160306,-0.3511450381679389,-0.391357421875,0.08544921875,-0.345458984375,3.7399999999999998
44.274809160305345,-0.9465648854961832,-0.6564885496183206,-0.391357421875,0.07958984375,-0.34521484375,3.7417
43.66412213740458,-0.7938931297709924,-0.8091603053435115,-0.39697265625,0.08203125,-0.354248046875,3.7434
43.282442748091604,-0.7938931297709924,-1.0534351145038168,-0.395263671875,0.08251953125,-0.34326171875,3.7451
42.6412213740458,-0.9312977099236641,-1.4198473282442747,-0.3974609375,0.08203125,-0.344970703125,3.7468
42.030534351145036,-0.7633587786259542,-1.6946564885496183,-0.39404296875,0.081298828125,-0.34765625,3.7485
41.45038167938932,-0.6412213740458015,-1.816793893129771,-0.392822265625,0.080810546875,-0.345703125,3.7502
41.541984732824424,-0.5190839694656488,-1.7404580152671756,-0.39697265625,0.075439453125,-0.343994140625,3.7519
41.29770992366412,-0.44274809160305345,-2.1526717557251906,-0.392333984375,0.07861328125,-0.350341796875,3.7535999999999996
40.732824427480914,-0.2900763358778626,-2.3053435114503817,-0.395263671875,0.081298828125,-0.349609375,3.7552999999999996
40.29007633587786,-0.4580152671755725,-2.198473282442748,-0.396240234375,0.076416015625,-0.34814453125,3.7569999999999997
39.6793893129771,-0.5648854961832062,-2.50381679389313,-0.3974609375,0.075439453125,-0.345703125,3.7586999999999997
39.51145038167939,-0.5190839694656488,-2.381679389312977,-0.3916015625,0.0771484375,-0.353759765625,3.7603999999999997
39.00763358778626,-0.4732824427480916,-2.5343511450381677,-0.39404296875,0.074951171875,-0.348388671875,3.7620999999999998
38.51908396946565,-0.4122137404580153,-2.6717557251908395,-0.3974609375,0.080810546875,-0.353515625,3.7638
37.954198473282446,0.015267175572519083,-2.7022900763358777,-0.39892578125,0.07470703125,-0.35986328125,3.7655
37.51145038167939,0.15267175572519084,-3.0229007633587788,-0.388427734375,0.072021484375,-0.350341796875,3.7672
37.11450381679389,0.32061068702290074,-3.1297709923664123,-0.400146484375,0.07177734375,-0.357177734375,3.7689
36.656488549618324,0.5038167938931297,-3.1603053435114505,-0.398681640625,0.069580078125,-0.352783203125,3.7706
36.18320610687023,0.6412213740458015,-3.3587786259541983,-0.393310546875,0.072509765625,-0.35693359375,3.7723
35.74045801526717,0.7022900763358778,-3.3587786259541983,-0.396240234375,0.070068359375,-0.35009765625,3.7739999999999996
35.221374045801525,0.5801526717557252,-3.5267175572519083,-0.39453125,0.071044921875,-0.3466796875,3.7756999999999996
34.80916030534351,0.5954198473282443,-3.5572519083969465,-0.393798828125,0.066650390625,-0.354736328125,3.7773999999999996
34.51908396946565,0.6259541984732825,-3.801526717557252,-0.396240234375,0.071044921875,-0.35205078125,3.7790999999999997
33.83206106870229,0.7480916030534351,-3.7099236641221376,-0.393798828125,0.075927734375,-0.35009765625,3.7807999999999997
33.6793893129771,0.8396946564885496,-3.877862595419847,-0.396240234375,0.072021484375,-0.352294921875,3.7824999999999998
33.12977099236641,0.9312977099236641,-3.9389312977099236,-0.400146484375,0.072021484375,-0.361083984375,3.7842
32.6412213740458,0.9770992366412213,-4.213740458015267,-0.39794921875,0.0673828125,-0.34814453125,3.7859
32.30534351145038,1.1755725190839694,-4.015267175572519,-0.393310546875,0.072509765625,-0.347900390625,3.7876
31.84732824427481,1.297709923664122,-4.259541984732825,-0.393798828125,0.06396484375,-0.349609375,3.7893
31.282442748091604,1.3129770992366412,-4.396946564885496,-0.39599609375,0.072265625,-0.34912109375,3.791
30.916030534351144,1.3435114503816794,-4.67175572519084,-0.39599609375,0.0703125,-0.352294921875,3.7927
30.625954198473284,1.5572519083969465,-4.549618320610687,-0.40087890625,0.068115234375,-0.355712890625,3.7944
30.137404580152673,1.6030534351145038,-4.977099236641221,-0.391357421875,0.0703125,-0.360107421875,3.7960999999999996
29.770992366412212,1.618320610687023,-5.145038167938932,-0.39794921875,0.06982421875,-0.352783203125,3.7977999999999996
29.282442748091604,1.5572519083969465,-5.297709923664122,-0.3916015625,0.071044921875,-0.357421875,3.7994999999999997
28.778625954198475,1.5877862595419847,-5.145038167938932,-0.387939453125,0.0712890625,-0.3544921875,3.8011999999999997
28.213740458015266,1.5419847328244274,-5.267175572519084,-0.39453125,0.067138671875,-0.35400390625,3.8028999999999997
27.84732824427481,1.7251908396946565,-5.343511450381679,-0.396240234375,0.0703125,-0.352783203125,3.8045999999999998
27.572519083969464,1.7251908396946565,-5.694656488549619,-0.393310546875,0.06640625,-0.35693359375,3.8063
27.068702290076335,2.015267175572519,-5.450381679389313,-0.396240234375,0.06689453125,-0.344970703125,3.808
26.80916030534351,1.9236641221374047,-5.3893129770992365,-0.395263671875,0.062255859375,-0.35400390625,3.8097
26.564885496183205,1.9541984732824427,-5.541984732824427,-0.390380859375,0.07275390625,-0.3623046875,3.8114
26.061068702290076,2.213740458015267,-5.679389312977099,-0.39501953125,0.063232421875,-0.360107421875,3.8131
25.66412213740458,2.1526717557251906,-5.709923664122138,-0.392333984375,0.068115234375,-0.358154296875,3.8148
25.221374045801525,2.351145038167939,-6.091603053435114,-0.391845703125,0.0693359375,-0.36279296875,3.8165
25.099236641221374,2.427480916030534,-6.061068702290076,-0.393310546875,0.064697265625,-0.36083984375,3.8181999999999996
24.793893129770993,2.2748091603053435,-6.351145038167939,-0.3955078125,0.063232421875,-0.356201171875,3.8198999999999996
24.38167938931298,2.2748091603053435,-6.3816793893129775,-0.392822265625,0.067138671875,-0.349609375,3.8215999999999997
24.061068702290076,2.2290076335877864,-6.595419847328245,-0.394775390625,0.062744140625,-0.360595703125,3.8232999999999997
23.557251908396946,2.122137404580153,-6.549618320610687,-0.395263671875,0.068603515625,-0.357666015625,3.8249999999999997
23.236641221374047,2.2900763358778624,-6.732824427480916,-0.3916015625,0.066162109375,-0.358642578125,3.8266999999999998
22.900763358778626,2.2442748091603053,-6.625954198473282,-0.39208984375,0.068359375,-0.358642578125,3.8284
22.549618320610687,2.3053435114503817,-7.022900763358779,-0.398681640625,0.064453125,-0.3603515625,3.8301
22.229007633587788,2.33587786259542,-6.778625954198473,-0.39794921875,0.066650390625,-0.358154296875,3.8318
22.061068702290076,2.366412213740458,-6.961832061068702,-0.3896484375,0.07080078125,-0.34912109375,3.8335
21.587786259541986,2.5343511450381677,-7.099236641221374,-0.39404296875,0.0673828125,-0.349365234375,3.8352
21.221374045801525,2.732824427480916,-7.251908396946565,-0.393798828125,0.067626953125,-0.360595703125,3.8369
20.931297709923665,2.6259541984732824,-7.206106870229007,-0.39501953125,0.065673828125,-0.3544921875,3.8385999999999996
20.702290076335878,2.564885496183206,-7.450381679389313,-0.395263671875,0.071044921875,-0.350341796875,3.8402999999999996
20.290076335877863,2.7786259541984735,-7.297709923664122,-0.393798828125,0.065185546875,-0.362548828125,3.8419999999999996
19.893129770992367,2.9770992366412212,-7.3893129770992365,-0.3935546875,0.06982421875,-0.358642578125,3.8436999999999997
19.66412213740458,2.7786259541984735,-7.297709923664122,-0.39599609375,0.0615234375,-0.36181640625,3.8453999999999997
19.282442748091604,2.9923664122137406,-7.557251908396947,-0.39794921875,0.06640625,-0.35205078125,3.8470999999999997
18.900763358778626,3.0839694656488548,-7.465648854961832,-0.396484375,0.063232421875,-0.349609375,3.8487999999999998
18.717557251908396,2.9160305343511452,-7.679389312977099,-0.397216796875,0.063720703125,-0.357421875,3.8505
18.625954198473284,3.0381679389312977,-7.648854961832061,-0.390625,0.063232421875,-0.357666015625,3.8522
18.0,3.099236641221374,-7.786259541984733,-0.390625,0.0625,-0.370849609375,3.8539
17.770992366412212,3.068702290076336,-7.603053435114504,-0.392333984375,0.065185546875,-0.35498046875,3.8556
17.52671755725191,3.0381679389312977,-7.969465648854962,-0.391357421875,0.067626953125,-0.357666015625,3.8573
16.9618320610687,3.114503816793893,-7.816793893129771,-0.3955078125,0.06494140625,-0.3466796875,3.859
16.763358778625953,3.068702290076336,-8.091603053435115,-0.39501953125,0.062255859375,-0.355712890625,3.8606999999999996
16.625954198473284,3.0076335877862594,-7.755725190839694,-0.394775390625,0.0595703125,-0.360595703125,3.8623999999999996
16.30534351145038,3.0076335877862594,-7.8320610687022905,-0.39404296875,0.063232421875,-0.357421875,3.8640999999999996
15.954198473282442,2.885496183206107,-7.816793893129771,-0.39013671875,0.059814453125,-0.359130859375,3.8657999999999997
15.557251908396946,2.9770992366412212,-7.786259541984733,-0.39404296875,0.061279296875,-0.35888671875,3.8674999999999997
15.358778625954198,3.0076335877862594,-7.908396946564886,-0.39453125,0.06298828125,-0.357421875,3.8691999999999998
14.778625954198473,2.9160305343511452,-7.938931297709924,-0.392333984375,0.061767578125,-0.357177734375,3.8709
14.610687022900763,3.0381679389312977,-7.6183206106870225,-0.392822265625,0.0576171875,-0.354736328125,3.8726
14.290076335877863,2.885496183206107,-7.603053435114504,-0.399658203125,0.061767578125,-0.35546875,3.8743
14.045801526717558,2.931297709923664,-7.648854961832061,-0.390625,0.054443359375,-0.3515625,3.876
13.541984732824428,2.732824427480916,-7.7251908396946565,-0.394287109375,0.056640625,-0.3544921875,3.8777
13.068702290076336,2.7786259541984735,-7.603053435114504,-0.3896484375,0.058837890625,-0.359619140625,3.8794
12.778625954198473,2.6259541984732824,-7.709923664122138,-0.39404296875,0.05517578125,-0.359619140625,3.8811
12.702290076335878,2.763358778625954,-7.526717557251908,-0.394775390625,0.05859375,-0.36962890625,3.8827999999999996
12.183206106870228,2.4580152671755724,-7.450381679389313,-0.390869140625,0.057861328125,-0.35888671875,3.8844999999999996
11.84732824427481,2.33587786259542,-7.282442748091603,-0.3935546875,0.059326171875,-0.354248046875,3.8861999999999997
11.48091603053435,2.3969465648854964,-7.557251908396947,-0.389404296875,0.0595703125,-0.354736328125,3.8878999999999997
11.267175572519085,2.2748091603053435,-7.3893129770992365,-0.392333984375,0.057373046875,-0.3603515625,3.8895999999999997
11.022900763358779,2.2900763358778624,-7.221374045801527,-0.394775390625,0.058349609375,-0.359619140625,3.8912999999999998
10.534351145038167,2.16793893129771,-7.404580152671755,-0.392822265625,0.061279296875,-0.360595703125,3.893
10.091603053435115,2.1068702290076335,-7.4961832061068705,-0.392578125,0.05810546875,-0.357666015625,3.8947
10.01526717557252,2.0916030534351147,-7.190839694656488,-0.3955078125,0.0615234375,-0.370361328125,3.8964
9.786259541984732,2.1526717557251906,-7.1603053435114505,-0.39990234375,0.059814453125,-0.359130859375,3.8981
9.267175572519085,1.9236641221374047,-7.297709923664122,-0.39599609375,0.05615234375,-0.359619140625,3.8998
9.083969465648854,1.8473282442748091,-7.0534351145038165,-0.39501953125,0.058349609375,-0.354736328125,3.9015
8.854961832061068,2.0,-7.251908396946565,-0.39794921875,0.060791015625,-0.364013671875,3.9032
8.595419847328245,2.0610687022900764,-7.129770992366412,-0.39697265625,0.059326171875,-0.359375,3.9048999999999996
8.305343511450381,1.9541984732824427,-6.99236641221374,-0.395263671875,0.057861328125,-0.35791015625,3.9065999999999996
8.183206106870228,1.9541984732824427,-7.1603053435114505,-0.394775390625,0.0615234375,-0.365234375,3.9082999999999997
7.770992366412214,2.030534351145038,-6.99236641221374,-0.396728515625,0.064208984375,-0.365478515625,3.9099999999999997
7.648854961832061,2.16793893129771,-6.961832061068702,-0.393798828125,0.062744140625,-0.362060546875,3.9116999999999997
7.4961832061068705,2.183206106870229,-7.114503816793893,-0.398193359375,0.06201171875,-0.361328125,3.9133999999999998
7.145038167938932,2.2595419847328246,-7.145038167938932,-0.394287109375,0.056640625,-0.35986328125,3.9151
6.916030534351145,2.183206106870229,-7.068702290076335,-0.3984375,0.0556640625,-0.358154296875,3.9168
6.732824427480916,2.183206106870229,-7.0534351145038165,-0.397705078125,0.056640625,-0.36474609375,3.9185
6.778625954198473,2.427480916030534,-7.099236641221374,-0.401611328125,0.068603515625,-0.359375,3.9202
6.290076335877862,2.3053435114503817,-7.267175572519084,-0.39453125,0.06201171875,-0.35693359375,3.9219
6.061068702290076,2.3206106870229006,-7.221374045801527,-0.395751953125,0.060546875,-0.361572265625,3.9236
5.847328244274809,2.6564885496183206,-7.083969465648855,-0.40234375,0.063720703125,-0.359619140625,3.9252999999999996
5.465648854961832,2.732824427480916,-7.0534351145038165,-0.39599609375,0.0595703125,-0.35986328125,3.9269999999999996
5.572519083969466,3.0076335877862594,-6.854961832061068,-0.4013671875,0.060302734375,-0.35546875,3.9286999999999996
5.480916030534351,3.1297709923664123,-7.1603053435114505,-0.401123046875,0.062744140625,-0.357421875,3.9303999999999997
5.190839694656488,3.2519083969465647,-7.1603053435114505,-0.40380859375,0.06494140625,-0.351318359375,3.9320999999999997
4.99236641221374,3.236641221374046,-6.961832061068702,-0.396484375,0.063720703125,-0.359375,3.9337999999999997
4.8396946564885495,3.404580152671756,-7.022900763358779,-0.40478515625,0.060546875,-0.345703125,3.9354999999999998
4.916030534351145,3.618320610687023,-7.114503816793893,-0.400634765625,0.068603515625,-0.360107421875,3.9372
4.534351145038168,3.786259541984733,-7.083969465648855,-0.4013671875,0.0654296875,-0.363037109375,3.9389
4.351145038167939,3.984732824427481,-7.236641221374046,-0.395751953125,0.062744140625,-0.35693359375,3.9406
4.33587786259542,3.9389312977099236,-7.175572519083969,-0.40234375,0.0625,-0.36181640625,3.9423
4.320610687022901,4.259541984732825,-7.251908396946565,-0.397705078125,0.062744140625,-0.356201171875,3.944
4.198473282442748,4.412213740458015,-6.870229007633588,-0.397705078125,0.0625,-0.357177734375,3.9457
3.8625954198473282,4.427480916030534,-7.190839694656488,-0.396484375,0.064208984375,-0.358154296875,3.9473999999999996
4.030534351145038,4.259541984732825,-7.267175572519084,-0.399658203125,0.0634765625,-0.3583984375,3.9490999999999996
3.8625954198473282,4.5038167938931295,-7.022900763358779,-0.403076171875,0.062744140625,-0.36474609375,3.9507999999999996
3.7404580152671754,4.625954198473282,-7.114503816793893,-0.3974609375,0.066650390625,-0.363525390625,3.9524999999999997
3.435114503816794,4.595419847328245,-7.206106870229007,-0.397705078125,0.065673828125,-0.35888671875,3.9541999999999997
3.49618320610687,4.687022900763359,-7.190839694656488,-0.39990234375,0.0654296875,-0.35986328125,3.9558999999999997
3.312977099236641,4.763358778625954,-6.961832061068702,-0.40185546875,0.064453125,-0.3408203125,3.9576
3.0839694656488548,4.763358778625954,-7.0534351145038165,-0.397216796875,0.06396484375,-0.361083984375,3.9593
3.0229007633587788,4.763358778625954,-7.206106870229007,-0.39501953125,0.063720703125,-0.359130859375,3.961
2.8091603053435112,4.702290076335878,-6.916030534351145,-0.395751953125,0.06689453125,-0.361572265625,3.9627
2.854961832061069,4.763358778625954,-6.793893129770993,-0.396484375,0.064208984375,-0.359375,3.9644
2.8702290076335877,4.9465648854961835,-6.900763358778626,-0.400146484375,0.061767578125,-0.35986328125,3.9661
2.564885496183206,4.931297709923665,-6.961832061068702,-0.39453125,0.063232421875,-0.364013671875,3.9678
2.5343511450381677,4.641221374045801,-6.656488549618321,-0.390625,0.06494140625,-0.35595703125,3.9694999999999996
2.0916030534351147,4.702290076335878,-6.8396946564885495,-0.39306640625,0.06884765625,-0.35400390625,3.9711999999999996
2.2595419847328246,4.793893129770993,-6.67175572519084,-0.3955078125,0.0673828125,-0.3564453125,3.9728999999999997
1.9694656488549618,4.717557251908397,-6.778625954198473,-0.3955078125,0.06494140625,-0.357666015625,3.9745999999999997
1.9083969465648856,4.656488549618321,-6.6106870229007635,-0.3935546875,0.065185546875,-0.365478515625,3.9762999999999997
1.633587786259542,4.625954198473282,-6.717557251908397,-0.397216796875,0.062255859375,-0.365966796875,3.9779999999999998
1.4351145038167938,4.473282442748092,-6.702290076335878,-0.393310546875,0.0673828125,-0.357177734375,3.9797
1.4045801526717556,4.656488549618321,-6.67175572519084,-0.3916015625,0.0625,-0.35791015625,3.9814
1.3740458015267176,4.473282442748092,-6.488549618320611,-0.392822265625,0.067626953125,-0.358154296875,3.9831
1.083969465648855,4.473282442748092,-6.580152671755725,-0.39306640625,0.064208984375,-0.363037109375,3.9848
1.282442748091603,4.3816793893129775,-6.427480916030534,-0.393798828125,0.06494140625,-0.349853515625,3.9865
0.8091603053435115,4.259541984732825,-6.702290076335878,-0.398681640625,0.064697265625,-0.35986328125,3.9882
0.9618320610687023,4.580152671755725,-6.5038167938931295,-0.394287109375,0.064453125,-0.3603515625,3.9898999999999996
0.9770992366412213,4.183206106870229,-6.580152671755725,-0.391845703125,0.0693359375,-0.350341796875,3.9915999999999996
0.6412213740458015,4.076335877862595,-6.854961832061068,-0.39453125,0.06005859375,-0.356689453125,3.9932999999999996
0.7633587786259542,4.152671755725191,-6.793893129770993,-0.390869140625,0.068359375,-0.3603515625,3.9949999999999997
0.5648854961832062,4.33587786259542,-6.6106870229007635,-0.393798828125,0.0634765625,-0.358642578125,3.9966999999999997
0.6412213740458015,4.076335877862595,-6.809160305343512,-0.396240234375,0.064453125,-0.353759765625,3.9983999999999997
0.6564885496183206,4.183206106870229,-6.824427480916031,-0.3955078125,0.06640625,-0.357177734375,4.0001
0.6717557251908397,4.366412213740458,-6.763358778625954,-0.39404296875,0.064208984375,-0.3544921875,4.001799999999999
0.2595419847328244,4.2748091603053435,-6.809160305343512,-0.394775390625,0.066650390625,-0.35400390625,4.0035
0.183206106870229,4.366412213740458,-6.732824427480916,-0.390625,0.068115234375,-0.361083984375,4.005199999999999
0.22900763358778625,4.5038167938931295,-6.625954198473282,-0.391357421875,0.06689453125,-0.362548828125,4.0069
0.21374045801526717,4.732824427480916,-6.885496183206107,-0.400390625,0.063232421875,-0.35302734375,4.0085999999999995
0.16793893129770993,4.625954198473282,-6.778625954198473,-0.396728515625,0.06884765625,-0.355224609375,4.0103
0.24427480916030533,4.717557251908397,-6.702290076335878,-0.393798828125,0.066162109375,-0.360107421875,4.012
0.42748091603053434,4.702290076335878,-6.67175572519084,-0.39794921875,0.066162109375,-0.35498046875,4.0137
-0.061068702290076333,4.778625954198473,-6.885496183206107,-0.39306640625,0.065673828125,-0.3642578125,4.0154
0.2748091603053435,4.870229007633588,-6.778625954198473,-0.39697265625,0.063720703125,-0.352783203125,4.0171
0.030534351145038167,4.961832061068702,-6.763358778625954,-0.391845703125,0.066162109375,-0.35888671875,4.0188
0.3969465648854962,4.870229007633588,-6.870229007633588,-0.3974609375,0.068115234375,-0.36181640625,4.0205
0.21374045801526717,4.732824427480916,-6.977099236641221,-0.401611328125,0.067626953125,-0.361083984375,4.0222
0.015267175572519083,4.99236641221374,-6.870229007633588,-0.398681640625,0.0673828125,-0.356689453125,4.023899999999999
0.3053435114503817,4.809160305343512,-7.068702290076335,-0.389892578125,0.06396484375,-0.361328125,4.0256
0.1984732824427481,5.038167938931298,-6.870229007633588,-0.39453125,0.06298828125,-0.363525390625,4.027299999999999
0.22900763358778625,5.00763358778626,-6.8396946564885495,-0.392822265625,0.072021484375,-0.353515625,4.029
0.3053435114503817,5.083969465648855,-6.885496183206107,-0.395751953125,0.069580078125,-0.358154296875,4.0306999999999995
0.0,4.977099236641221,-6.8396946564885495,-0.394287109375,0.071533203125,-0.3583984375,4.0324
0.04580152671755725,5.099236641221374,-6.916030534351145,-0.3916015625,0.0693359375,-0.352294921875,4.0341
0.0916030534351145,5.068702290076335,-7.022900763358779,-0.39404296875,0.06982421875,-0.369140625,4.0358
0.183206106870229,5.374045801526718,-6.900763358778626,-0.393798828125,0.067138671875,-0.362548828125,4.0375
-0.04580152671755725,5.1603053435114505,-6.99236641221374,-0.397216796875,0.0703125,-0.36083984375,4.0392
0.10687022900763359,5.083969465648855,-6.8396946564885495,-0.39501953125,0.0732421875,-0.361083984375,4.0409
0.04580152671755725,5.236641221374046,-6.885496183206107,-0.393310546875,0.0673828125,-0.361328125,4.0426
0.13740458015267176,5.374045801526718,-6.442748091603053,-0.397705078125,0.06591796875,-0.357421875,4.0443
0.10687022900763359,5.404580152671755,-6.625954198473282,-0.3984375,0.066162109375,-0.361328125,4.045999999999999
0.22900763358778625,5.282442748091603,-6.67175572519084,-0.393310546875,0.071044921875,-0.354248046875,4.0477
0.0,5.3893129770992365,-6.580152671755725,-0.39501953125,0.068115234375,-0.362548828125,4.0493999999999994
0.04580152671755725,5.374045801526718,-6.5038167938931295,-0.3955078125,0.06884765625,-0.352783203125,4.0511
0.030534351145038167,5.526717557251908,-6.641221374045801,-0.400390625,0.068603515625,-0.35693359375,4.0527999999999995
0.061068702290076333,5.648854961832061,-6.351145038167939,-0.400390625,0.068603515625,-0.352294921875,4.0545
0.13740458015267176,5.541984732824427,-6.427480916030534,-0.398193359375,0.0673828125,-0.349853515625,4.0562
0.15267175572519084,5.816793893129771,-6.488549618320611,-0.398193359375,0.0693359375,-0.35888671875,4.0579
0.0916030534351145,5.8320610687022905,-6.33587786259542,-0.398193359375,0.0673828125,-0.35595703125,4.0596
0.0916030534351145,6.015267175572519,-6.33587786259542,-0.39892578125,0.069580078125,-0.353271484375,4.0613
0.15267175572519084,6.0458015267175576,-6.183206106870229,-0.399169921875,0.067138671875,-0.3564453125,4.063
0.16793893129770993,6.106870229007634,-6.015267175572519,-0.398681640625,0.068115234375,-0.35400390625,4.0647
0.366412213740458,6.137404580152672,-6.320610687022901,-0.40234375,0.067626953125,-0.3525390625,4.0664
0.33587786259541985,6.213740458015267,-6.0,-0.400634765625,0.070556640625,-0.362060546875,4.068099999999999
0.0916030534351145,6.152671755725191,-6.0,-0.39990234375,0.0654296875,-0.35498046875,4.0698
0.0916030534351145,6.305343511450381,-6.061068702290076,-0.399169921875,0.06689453125,-0.3642578125,4.0714999999999995
0.1984732824427481,6.2748091603053435,-5.847328244274809,-0.399169921875,0.068115234375,-0.36669921875,4.0732
0.183206106870229,6.213740458015267,-5.816793893129771,-0.402099609375,0.064453125,-0.35693359375,4.0748999999999995
0.2748091603053435,6.427480916030534,-5.8320610687022905,-0.398681640625,0.062744140625,-0.363037109375,4.0766
0.13740458015267176,6.351145038167939,-5.786259541984733,-0.3994140625,0.06494140625,-0.36083984375,4.0783
0.24427480916030533,6.33587786259542,-5.6183206106870225,-0.40185546875,0.0703125,-0.35498046875,4.08
0.33587786259541985,6.5038167938931295,-5.587786259541985,-0.400146484375,0.06982421875,-0.356689453125,4.0817
0.15267175572519084,6.641221374045801,-5.435114503816794,-0.400390625,0.068115234375,-0.35595703125,4.0834
0.10687022900763359,6.442748091603053,-5.465648854961832,-0.39501953125,0.067626953125,-0.359375,4.0851
0.12213740458015267,6.33587786259542,-5.480916030534351,-0.393798828125,0.070068359375,-0.35986328125,4.0868
0.0,6.442748091603053,-5.358778625954199,-0.39306640625,0.0673828125,-0.35546875,4.0885
-0.061068702290076333,6.549618320610687,-5.267175572519084,-0.3955078125,0.067626953125,-0.35791015625,4.090199999999999
-0.030534351145038167,6.458015267175573,-5.206106870229007,-0.39990234375,0.070068359375,-0.35986328125,4.0919
-0.12213740458015267,6.351145038167939,-5.297709923664122,-0.396484375,0.066162109375,-0.363037109375,4.0935999999999995
-0.07633587786259542,6.229007633587786,-5.129770992366412,-0.38671875,0.071044921875,-0.35693359375,4.0953
0.015267175572519083,6.2748091603053435,-5.083969465648855,-0.399169921875,0.0615234375,-0.363525390625,4.0969999999999995
-0.2595419847328244,6.213740458015267,-5.221374045801527,-0.396728515625,0.0673828125,-0.35693359375,4.0987
-0.16793893129770993,6.366412213740458,-4.870229007633588,-0.398681640625,0.064697265625,-0.358154296875,4.1004
0.030534351145038167,6.473282442748092,-4.900763358778626,-0.39501953125,0.063232421875,-0.356201171875,4.1021
0.0,6.2748091603053435,-4.99236641221374,-0.3935546875,0.05810546875,-0.366455078125,4.1038
-0.366412213740458,6.320610687022901,-4.870229007633588,-0.39111328125,0.06103515625,-0.364501953125,4.1055
-0.015267175572519083,6.519083969465649,-4.824427480916031,-0.3916015625,0.0673828125,-0.352783203125,4.1072
-0.07633587786259542,6.320610687022901,-4.9465648854961835,-0.3935546875,0.068115234375,-0.349853515625,4.108899999999999
-0.12213740458015267,6.351145038167939,-4.793893129770993,-0.388916015625,0.069580078125,-0.36083984375,4.1106
-0.16793893129770993,6.351145038167939,-4.931297709923665,-0.390380859375,0.066650390625,-0.357177734375,4.112299999999999
-0.3511450381679389,6.198473282442748,-4.641221374045801,-0.386962890625,0.0654296875,-0.361328125,4.114
-0.3816793893129771,6.106870229007634,-4.900763358778626,-0.3916015625,0.063720703125,-0.365234375,4.1156999999999995
-0.366412213740458,6.091603053435114,-4.595419847328245,-0.394287109375,0.0634765625,-0.359375,4.1174
-0.32061068702290074,6.106870229007634,-4.6106870229007635,-0.390869140625,0.06982421875,-0.353271484375,4.1190999999999995
-0.44274809160305345,5.893129770992366,-4.625954198473282,-0.396240234375,0.06689453125,-0.368896484375,4.1208
-0.3816793893129771,5.862595419847328,-4.717557251908397,-0.39306640625,0.068603515625,-0.363037109375,4.1225
-0.366412213740458,6.213740458015267,-4.534351145038168,-0.390380859375,0.0673828125,-0.35400390625,4.1242
-0.3816793893129771,6.061068702290076,-4.534351145038168,-0.399658203125,0.065673828125,-0.359619140625,4.1259
-0.2748091603053435,6.030534351145038,-4.488549618320611,-0.400390625,0.071533203125,-0.35595703125,4.1276
-0.3511450381679389,5.969465648854962,-4.488549618320611,-0.400390625,0.0654296875,-0.365234375,4.1293
-0.15267175572519084,5.984732824427481,-4.442748091603053,-0.393310546875,0.064697265625,-0.362548828125,4.130999999999999
-0.44274809160305345,6.076335877862595,-4.641221374045801,-0.40234375,0.072509765625,-0.35400390625,4.1327
-0.4580152671755725,6.152671755725191,-4.396946564885496,-0.4013671875,0.067626953125,-0.356201171875,4.134399999999999
-0.32061068702290074,6.213740458015267,-4.366412213740458,-0.396728515625,0.0732421875,-0.368408203125,4.1361
-0.44274809160305345,6.351145038167939,-4.412213740458015,-0.399169921875,0.071533203125,-0.3701171875,4.1377999999999995
-0.2748091603053435,6.412213740458015,-4.519083969465649,-0.3994140625,0.067138671875,-0.364990234375,4.1395
-0.21374045801526717,6.595419847328245,-4.442748091603053,-0.39453125,0.068359375,-0.35693359375,4.1411999999999995
-0.3969465648854962,6.534351145038168,-4.564885496183206,-0.396240234375,0.06884765625,-0.362060546875,4.1429
-0.16793893129770993,6.67175572519084,-4.259541984732825,-0.39794921875,0.072509765625,-0.35791015625,4.1446
-0.10687022900763359,6.8396946564885495,-4.442748091603053,-0.398681640625,0.06689453125,-0.364013671875,4.1463
-0.4122137404580153,6.99236641221374,-4.473282442748092,-0.393798828125,0.06689453125,-0.370361328125,4.148
-0.015267175572519083,7.083969465648855,-4.427480916030534,-0.395751953125,0.066162109375,-0.365234375,4.1497
0.015267175572519083,7.297709923664122,-4.198473282442748,-0.3955078125,0.06494140625,-0.359619140625,4.1514
-0.061068702290076333,7.297709923664122,-4.442748091603053,-0.389404296875,0.072265625,-0.360595703125,4.153099999999999
-0.16793893129770993,7.404580152671755,-4.427480916030534,-0.3974609375,0.0693359375,-0.362548828125,4.1548
-0.04580152671755725,7.32824427480916,-4.427480916030534,-0.39453125,0.068359375,-0.360595703125,4.156499999999999
0.07633587786259542,7.450381679389313,-4.412213740458015,-0.390869140625,0.07177734375,-0.3681640625,4.1582
0.15267175572519084,7.450381679389313,-4.33587786259542,-0.394287109375,0.066650390625,-0.3681640625,4.1598999999999995
0.10687022900763359,7.526717557251908,-4.076335877862595,-0.39501953125,0.065185546875,-0.368408203125,4.1616
0.0916030534351145,7.557251908396947,-4.244274809160306,-0.393310546875,0.06787109375,-0.362060546875,4.1633
0.16793893129770993,7.572519083969466,-4.030534351145038,-0.397216796875,0.069091796875,-0.36962890625,4.165
0.07633587786259542,7.4961832061068705,-4.198473282442748,-0.393310546875,0.066650390625,-0.3671875,4.1667
0.15267175572519084,7.435114503816794,-4.015267175572519,-0.389892578125,0.07275390625,-0.366455078125,4.1684
0.2595419847328244,7.4961832061068705,-3.9083969465648853,-0.395751953125,0.06591796875,-0.3583984375,4.1701
0.12213740458015267,7.404580152671755,-4.0,-0.3955078125,0.067138671875,-0.355224609375,4.1718
0.16793893129770993,7.3893129770992365,-4.061068702290076,-0.39501953125,0.06640625,-0.355712890625,4.1735
0.15267175572519084,7.572519083969466,-3.984732824427481,-0.390869140625,0.068603515625,-0.361328125,4.175199999999999
0.32061068702290074,7.572519083969466,-3.984732824427481,-0.390625,0.06591796875,-0.36181640625,4.1769
0.1984732824427481,7.480916030534351,-3.7557251908396947,-0.39306640625,0.06494140625,-0.35302734375,4.178599999999999
0.0916030534351145,7.587786259541985,-3.877862595419847,-0.39501953125,0.064208984375,-0.357177734375,4.1803
0.2748091603053435,7.7251908396946565,-3.8473282442748094,-0.39111328125,0.06689453125,-0.359619140625,4.1819999999999995
-0.015267175572519083,7.6183206106870225,-3.801526717557252,-0.394287109375,0.0732421875,-0.357177734375,4.1837
0.2748091603053435,7.572519083969466,-3.6030534351145036,-0.390625,0.063720703125,-0.362548828125,4.1854
0.15267175572519084,7.541984732824427,-3.7099236641221376,-0.3896484375,0.06689453125,-0.37353515625,4.1871
0.13740458015267176,7.587786259541985,-3.618320610687023,-0.39208984375,0.06591796875,-0.369140625,4.1888
0.183206106870229,7.557251908396947,-3.572519083969466,-0.395751953125,0.068603515625,-0.3662109375,4.1905
-0.0916030534351145,7.480916030534351,-3.3740458015267176,-0.393310546875,0.06689453125,-0.363037109375,4.1922
-0.04580152671755725,7.465648854961832,-3.6030534351145036,-0.392822265625,0.0703125,-0.369140625,4.1939
-0.07633587786259542,7.358778625954199,-3.6030534351145036,-0.391357421875,0.070068359375,-0.363037109375,4.1956
0.07633587786259542,7.511450381679389,-3.633587786259542,-0.389404296875,0.06298828125,-0.36279296875,4.197299999999999
0.030534351145038167,7.480916030534351,-3.312977099236641,-0.390625,0.071044921875,-0.37109375,4.199
0.0,7.190839694656488,-3.3587786259541983,-0.3896484375,0.06787109375,-0.368896484375,4.200699999999999
-0.2595419847328244,7.236641221374046,-3.1908396946564888,-0.3896484375,0.068603515625,-0.3662109375,4.2024
-0.061068702290076333,7.190839694656488,-3.2977099236641223,-0.389404296875,0.06298828125,-0.3662109375,4.2040999999999995
0.030534351145038167,7.129770992366412,-3.053435114503817,-0.388916015625,0.0673828125,-0.356689453125,4.2058
-0.16793893129770993,6.900763358778626,-3.1297709923664123,-0.387451171875,0.067138671875,-0.369384765625,4.2075
0.04580152671755725,7.068702290076335,-3.145038167938931,-0.394287109375,0.066162109375,-0.3662109375,4.2092
0.0,7.068702290076335,-3.099236641221374,-0.3876953125,0.068603515625,-0.369873046875,4.2109
-0.10687022900763359,7.236641221374046,-2.946564885496183,-0.388671875,0.067138671875,-0.36865234375,4.2126
-0.3053435114503817,7.190839694656488,-3.0229007633587788,-0.389404296875,0.0673828125,-0.364013671875,4.2143
-0.061068702290076333,6.99236641221374,-3.0076335877862594,-0.39306640625,0.06591796875,-0.366943359375,4.216
-0.12213740458015267,7.190839694656488,-2.946564885496183,-0.38818359375,0.0654296875,-0.362060546875,4.2177
-0.10687022900763359,7.00763358778626,-2.9618320610687023,-0.388671875,0.061279296875,-0.36572265625,4.219399999999999
-0.24427480916030533,6.885496183206107,-2.717557251908397,-0.3896484375,0.064208984375,-0.364013671875,4.2211
-0.183206106870229,6.870229007633588,-2.5801526717557253,-0.387939453125,0.0654296875,-0.36474609375,4.222799999999999
-0.22900763358778625,6.870229007633588,-2.732824427480916,-0.39013671875,0.06884765625,-0.356689453125,4.2245
-0.0916030534351145,6.732824427480916,-2.6106870229007635,-0.3857421875,0.06689453125,-0.36669921875,4.2261999999999995
-0.10687022900763359,7.00763358778626,-2.6717557251908395,-0.38427734375,0.06298828125,-0.3701171875,4.2279
-0.183206106870229,6.885496183206107,-2.549618320610687,-0.38525390625,0.065673828125,-0.370361328125,4.2296
-0.1984732824427481,6.870229007633588,-2.6412213740458017,-0.384521484375,0.060546875,-0.363037109375,4.2313
-0.13740458015267176,6.778625954198473,-2.4885496183206106,-0.38525390625,0.06298828125,-0.363525390625,4.233
-0.22900763358778625,6.717557251908397,-2.4427480916030535,-0.38818359375,0.068115234375,-0.360595703125,4.2347
-0.24427480916030533,6.717557251908397,-2.50381679389313,-0.3896484375,0.06298828125,-0.37109375,4.2364
-0.2748091603053435,6.748091603053435,-2.595419847328244,-0.385498046875,0.068115234375,-0.365478515625,4.2381
-0.7022900763358778,6.824427480916031,-2.366412213740458,-0.38720703125,0.063720703125,-0.363037109375,4.2398
-0.3053435114503817,6.564885496183206,-2.595419847328244,-0.385498046875,0.064453125,-0.36279296875,4.241499999999999
-0.3053435114503817,6.549618320610687,-2.33587786259542,-0.38818359375,0.06787109375,-0.366943359375,4.2432
-0.3969465648854962,6.625954198473282,-2.351145038167939,-0.39111328125,0.07177734375,-0.37255859375,4.2448999999999995
-0.4732824427480916,6.702290076335878,-2.2290076335877864,-0.384521484375,0.0693359375,-0.362548828125,4.2466
-0.4732824427480916,6.809160305343512,-2.366412213740458,-0.384765625,0.0703125,-0.3681640625,4.2482999999999995
-0.3053435114503817,6.748091603053435,-2.351145038167939,-0.38916015625,0.06689453125,-0.373046875,4.25
-0.3969465648854962,6.625954198473282,-2.3206106870229006,-0.39208984375,0.06396484375,-0.373046875,4.2517
-0.4580152671755725,6.732824427480916,-2.33587786259542,-0.3935546875,0.06640625,-0.364501953125,4.2534
-0.22900763358778625,6.778625954198473,-2.4732824427480917,-0.386962890625,0.0654296875,-0.36572265625,4.2551
-0.4580152671755725,6.809160305343512,-2.2900763358778624,-0.3896484375,0.070556640625,-0.370361328125,4.2568
-0.5648854961832062,6.854961832061068,-2.2748091603053435,-0.38916015625,0.06640625,-0.36767578125,4.2585
-0.6412213740458015,6.854961832061068,-2.2442748091603053,-0.386474609375,0.07080078125,-0.37451171875,4.260199999999999
-0.42748091603053434,6.900763358778626,-2.2595419847328246,-0.390625,0.072021484375,-0.37109375,4.2619
-0.5801526717557252,6.8396946564885495,-2.16793893129771,-0.39453125,0.071533203125,-0.372802734375,4.263599999999999
-0.5954198473282443,6.931297709923665,-1.8625954198473282,-0.396728515625,0.06884765625,-0.3671875,4.2653
-0.366412213740458,7.0534351145038165,-1.8931297709923665,-0.387939453125,0.066650390625,-0.37353515625,4.2669999999999995
-0.2900763358778626,7.129770992366412,-2.030534351145038,-0.39111328125,0.06982421875,-0.366455078125,4.2687
-0.48854961832061067,7.145038167938932,-2.0,-0.388671875,0.0703125,-0.36474609375,4.2703999999999995
-0.5648854961832062,7.114503816793893,-1.984732824427481,-0.3837890625,0.0693359375,-0.370849609375,4.2721
-0.4732824427480916,7.175572519083969,-1.9694656488549618,-0.386962890625,0.066650390625,-0.37451171875,4.2738
-0.3816793893129771,7.129770992366412,-2.045801526717557,-0.3876953125,0.072998046875,-0.375244140625,4.2755
-0.5038167938931297,7.358778625954199,-1.8778625954198473,-0.3876953125,0.071044921875,-0.373291015625,4.2772
-0.3816793893129771,7.343511450381679,-1.8625954198473282,-0.389892578125,0.070556640625,-0.374267578125,4.2789
-0.3816793893129771,7.251908396946565,-1.9236641221374047,-0.382568359375,0.068603515625,-0.368896484375,4.2806
-0.3969465648854962,7.236641221374046,-1.786259541984733,-0.38720703125,0.069580078125,-0.37109375,4.282299999999999
-0.3053435114503817,7.083969465648855,-1.6793893129770991,-0.38671875,0.06689453125,-0.375,4.284
-0.2900763358778626,7.038167938931298,-1.618320610687023,-0.3837890625,0.0703125,-0.3720703125,4.285699999999999
-0.2748091603053435,7.083969465648855,-1.7099236641221374,-0.386474609375,0.06787109375,-0.3701171875,4.2874
-0.2900763358778626,6.977099236641221,-1.5419847328244274,-0.38330078125,0.07470703125,-0.37109375,4.2890999999999995
-0.24427480916030533,7.251908396946565,-1.618320610687023,-0.38427734375,0.072021484375,-0.369873046875,4.2908
-0.3816793893129771,7.083969465648855,-1.4198473282442747,-0.379150390625,0.069091796875,-0.375,4.2924999999999995
-0.5648854961832062,6.900763358778626,-1.5877862595419847,-0.3828125,0.07470703125,-0.368408203125,4.2942
-0.48854961832061067,6.931297709923665,-1.465648854961832,-0.384521484375,0.068603515625,-0.366943359375,4.2959
-0.5954198473282443,6.854961832061068,-1.5725190839694656,-0.38232421875,0.065673828125,-0.382568359375,4.2976
-0.5801526717557252,6.793893129770993,-1.5114503816793894,-0.38134765625,0.068359375,-0.371337890625,4.2993
-0.7175572519083969,6.763358778625954,-1.4351145038167938,-0.38720703125,0.067138671875,-0.37548828125,4.301
-0.6259541984732825,6.824427480916031,-1.4198473282442747,-0.385498046875,0.06640625,-0.37109375,4.3027
-0.5954198473282443,6.687022900763359,-1.4045801526717556,-0.384521484375,0.068115234375,-0.371337890625,4.304399999999999
-0.7480916030534351,6.687022900763359,-1.1145038167938932,-0.388671875,0.069091796875,-0.369873046875,4.3061
-0.7938931297709924,6.6106870229007635,-1.2366412213740459,-0.382080078125,0.0703125,-0.3701171875,4.307799999999999
-0.9770992366412213,6.67175572519084,-1.083969465648855,-0.385009765625,0.067626953125,-0.37255859375,4.3095
-0.6106870229007634,6.67175572519084,-1.1297709923664123,-0.385986328125,0.076171875,-0.377685546875,4.3111999999999995
-0.7175572519083969,6.748091603053435,-1.1145038167938932,-0.38330078125,0.066650390625,-0.374267578125,4.3129
-0.7786259541984732,6.641221374045801,-1.0076335877862594,-0.382080078125,0.067138671875,-0.37451171875,4.3145999999999995
-0.8244274809160306,6.564885496183206,-1.1145038167938932,-0.382568359375,0.067626953125,-0.3662109375,4.3163
-0.916030534351145,6.473282442748092,-1.099236641221374,-0.384765625,0.06787109375,-0.372314453125,4.318
-1.0381679389312977,6.412213740458015,-0.8549618320610687,-0.3798828125,0.061279296875,-0.375,4.3197
-0.8702290076335878,6.412213740458015,-1.0687022900763359,-0.3876953125,0.0654296875,-0.3798828125,4.3214
-1.0381679389312977,6.137404580152672,-1.0534351145038168,-0.38232421875,0.07080078125,-0.3759765625,4.3231
-1.0229007633587786,6.213740458015267,-0.7786259541984732,-0.386474609375,0.067626953125,-0.366943359375,4.3248
-1.1145038167938932,6.1679389312977095,-0.732824427480916,-0.383544921875,0.06787109375,-0.37158203125,4.326499999999999
-1.099236641221374,6.152671755725191,-0.8091603053435115,-0.384765625,0.06982421875,-0.36572265625,4.3282
-1.1145038167938932,5.8320610687022905,-0.6870229007633588,-0.385498046875,0.0703125,-0.375732421875,4.329899999999999
-0.9770992366412213,6.030534351145038,-0.8396946564885496,-0.373779296875,0.067626953125,-0.376220703125,4.3316
-0.916030534351145,5.9541984732824424,-0.6412213740458015,-0.37744140625,0.068359375,-0.373291015625,4.3332999999999995
-0.9770992366412213,5.816793893129771,-0.8854961832061069,-0.380859375,0.06591796875,-0.374267578125,4.335
-1.251908396946565,5.740458015267175,-0.9007633587786259,-0.386962890625,0.0712890625,-0.384765625,4.3366999999999996
-1.2061068702290076,5.770992366412214,-0.9312977099236641,-0.3798828125,0.067138671875,-0.375732421875,4.3384
-1.0534351145038168,5.7251908396946565,-0.6717557251908397,-0.384033203125,0.072265625,-0.379150390625,4.3401
-0.916030534351145,5.572519083969466,-0.916030534351145,-0.381591796875,0.069580078125,-0.37109375,4.3418
-1.0229007633587786,5.4961832061068705,-0.8396946564885496,-0.38232421875,0.070556640625,-0.378173828125,4.3435
-1.1908396946564885,5.435114503816794,-0.7786259541984732,-0.377685546875,0.06884765625,-0.3720703125,4.3452
-1.1755725190839694,5.32824427480916,-0.6412213740458015,-0.38134765625,0.076171875,-0.371826171875,4.3469
-1.3893129770992367,5.32824427480916,-0.7938931297709924,-0.38330078125,0.064453125,-0.376708984375,4.348599999999999
-0.9923664122137404,5.221374045801527,-0.8549618320610687,-0.38623046875,0.07470703125,-0.375244140625,4.3503
-1.0076335877862594,5.206106870229007,-0.9770992366412213,-0.380126953125,0.0673828125,-0.374267578125,4.351999999999999
-1.3282442748091603,5.129770992366412,-0.9465648854961832,-0.379150390625,0.06982421875,-0.37841796875,4.3537
-1.2366412213740459,4.961832061068702,-0.916030534351145,-0.384765625,0.072509765625,-0.374755859375,4.3553999999999995
-1.2213740458015268,5.038167938931298,-0.8244274809160306,-0.3818359375,0.075927734375,-0.37158203125,4.3571
-1.1297709923664123,4.793893129770993,-0.9007633587786259,-0.37939453125,0.0703125,-0.376220703125,4.3588
-0.8702290076335878,4.702290076335878,-0.9312977099236641,-0.37939453125,0.07275390625,-0.376220703125,4.3605
-1.0534351145038168,4.778625954198473,-1.0381679389312977,-0.376220703125,0.072265625,-0.368896484375,4.3622
-1.0229007633587786,4.687022900763359,-1.0076335877862594,-0.3818359375,0.075927734375,-0.376708984375,4.3639
-0.7786259541984732,4.488549618320611,-1.0076335877862594,-0.377197265625,0.07275390625,-0.375,4.3656
-0.732824427480916,4.458015267175573,-0.9465648854961832,-0.383544921875,0.069091796875,-0.374755859375,4.3673
-0.6870229007633588,4.564885496183206,-1.2061068702290076,-0.378173828125,0.074462890625,-0.376953125,4.369
-0.44274809160305345,4.595419847328245,-1.297709923664122,-0.379150390625,0.079833984375,-0.383544921875,4.370699999999999
-0.44274809160305345,4.259541984732825,-1.4809160305343512,-0.3798828125,0.074462890625,-0.375732421875,4.3724
-0.48854961832061067,4.305343511450381,-1.251908396946565,-0.385009765625,0.07275390625,-0.374267578125,4.374099999999999
-0.44274809160305345,4.290076335877862,-1.3740458015267176,-0.376220703125,0.07666015625,-0.377197265625,4.3758
-0.16793893129770993,4.229007633587786,-1.4198473282442747,-0.384033203125,0.074462890625,-0.3798828125,4.3774999999999995
-0.2595419847328244,4.122137404580153,-1.6488549618320612,-0.379638671875,0.076904296875,-0.374755859375,4.3792
-0.366412213740458,4.2748091603053435,-1.465648854961832,-0.3818359375,0.071533203125,-0.3740234375,4.3809
-0.015267175572519083,4.305343511450381,-1.4351145038167938,-0.379150390625,0.071044921875,-0.38330078125,4.3826
0.0916030534351145,4.137404580152672,-1.5419847328244274,-0.379150390625,0.0732421875,-0.363037109375,4.3843
0.07633587786259542,4.244274809160306,-1.8778625954198473,-0.381591796875,0.075439453125,-0.370361328125,4.386
0.15267175572519084,4.076335877862595,-1.5725190839694656,-0.382568359375,0.0712890625,-0.378662109375,4.3877
0.12213740458015267,4.106870229007634,-1.6793893129770991,-0.380859375,0.074951171875,-0.374755859375,4.3894
0.3053435114503817,4.122137404580153,-1.6641221374045803,-0.380126953125,0.076416015625,-0.37841796875,4.3911
0.21374045801526717,4.137404580152672,-1.7099236641221374,-0.378662109375,0.07470703125,-0.372314453125,4.392799999999999
0.3511450381679389,3.8931297709923665,-1.7099236641221374,-0.380126953125,0.07373046875,-0.373291015625,4.3945
0.32061068702290074,4.076335877862595,-1.9694656488549618,-0.379638671875,0.070068359375,-0.380615234375,4.396199999999999
0.3511450381679389,3.8931297709923665,-1.6946564885496183,-0.380126953125,0.07470703125,-0.370849609375,4.3979
0.32061068702290074,3.633587786259542,-1.7251908396946565,-0.37939453125,0.0732421875,-0.372802734375,4.3995999999999995
0.33587786259541985,3.6793893129770994,-1.7251908396946565,-0.37548828125,0.0732421875,-0.376220703125,4.4013
0.2748091603053435,3.66412213740458,-1.618320610687023,-0.384521484375,0.0751953125,-0.381103515625,4.403
0.5343511450381679,3.648854961832061,-1.6946564885496183,-0.38232421875,0.0712890625,-0.36962890625,4.4047
0.22900763358778625,3.4198473282442747,-1.8015267175572518,-0.3779296875,0.07470703125,-0.37548828125,4.4064
0.2748091603053435,3.435114503816794,-1.5725190839694656,-0.376220703125,0.0732421875,-0.3720703125,4.4081
0.5190839694656488,3.267175572519084,-1.5877862595419847,-0.37939453125,0.076171875,-0.373046875,4.4098
0.5190839694656488,3.2061068702290076,-1.5419847328244274,-0.382080078125,0.06884765625,-0.38232421875,4.411499999999999
0.5801526717557252,3.145038167938931,-1.6793893129770991,-0.380859375,0.070556640625,-0.38232421875,4.4132
0.6412213740458015,3.053435114503817,-1.465648854961832,-0.380615234375,0.07763671875,-0.375244140625,4.414899999999999
0.549618320610687,3.1755725190839694,-1.5114503816793894,-0.38134765625,0.0771484375,-0.38525390625,4.4166
0.42748091603053434,3.2061068702290076,-1.5877862595419847,-0.38134765625,0.0791015625,-0.385498046875,4.4182999999999995
0.5801526717557252,3.0229007633587788,-1.5725190839694656,-0.382080078125,0.06884765625,-0.380126953125,4.42
0.3816793893129771,2.7786259541984735,-1.4961832061068703,-0.382568359375,0.07080078125,-0.374267578125,4.4216999999999995
0.549618320610687,2.8702290076335877,-1.5267175572519085,-0.381103515625,0.072509765625,-0.373046875,4.4234
0.5343511450381679,2.946564885496183,-1.7099236641221374,-0.381103515625,0.070068359375,-0.375244140625,4.4251
0.6106870229007634,2.6564885496183206,-1.5114503816793894,-0.382568359375,0.075439453125,-0.37060546875,4.4268
0.5801526717557252,2.717557251908397,-1.4961832061068703,-0.386962890625,0.072509765625,-0.383056640625,4.4285
0.5954198473282443,2.687022900763359,-1.5725190839694656,-0.384521484375,0.072509765625,-0.38330078125,4.4302
0.48854961832061067,2.519083969465649,-1.450381679389313,-0.378662109375,0.07373046875,-0.374267578125,4.4319
0.5801526717557252,2.4732824427480917,-1.3740458015267176,-0.376708984375,0.071533203125,-0.379150390625,4.433599999999999
0.7938931297709924,2.3053435114503817,-1.4198473282442747,-0.376953125,0.069091796875,-0.374267578125,4.4353
0.6564885496183206,2.381679389312977,-1.450381679389313,-0.374755859375,0.07666015625,-0.380126953125,4.436999999999999
0.5648854961832062,2.213740458015267,-1.4045801526717556,-0.3818359375,0.071533203125,-0.368896484375,4.4387
0.8091603053435115,2.3206106870229006,-1.4809160305343512,-0.380126953125,0.07177734375,-0.374267578125,4.4403999999999995
0.6259541984732825,2.1374045801526718,-1.1755725190839694,-0.37841796875,0.0732421875,-0.37890625,4.4421
0.6870229007633588,1.984732824427481,-1.3587786259541985,-0.3837890625,0.07421875,-0.3798828125,4.4437999999999995
0.7022900763358778,1.984732824427481,-1.4198473282442747,-0.384521484375,0.068603515625,-0.372314453125,4.4455
0.6412213740458015,1.8015267175572518,-1.3893129770992367,-0.37890625,0.071533203125,-0.371337890625,4.4472
1.0381679389312977,1.7251908396946565,-1.3282442748091603,-0.379150390625,0.067626953125,-0.376953125,4.4489
0.8854961832061069,1.7099236641221374,-1.3129770992366412,-0.3779296875,0.067626953125,-0.37109375,4.4506
0.9007633587786259,1.465648854961832,-1.4045801526717556,-0.381103515625,0.07080078125,-0.370849609375,4.4523
0.8396946564885496,1.5419847328244274,-1.4045801526717556,-0.380615234375,0.07177734375,-0.37646484375,4.454
0.8549618320610687,1.3893129770992367,-1.3129770992366412,-0.38134765625,0.072998046875,-0.37158203125,4.455699999999999
0.8549618320610687,1.3129770992366412,-1.4198473282442747,-0.381103515625,0.06640625,-0.3759765625,4.4574
0.8702290076335878,1.2671755725190839,-1.4961832061068703,-0.37841796875,0.06982421875,-0.373779296875,4.459099999999999
1.0381679389312977,1.1450381679389312,-1.5267175572519085,-0.378662109375,0.07373046875,-0.376953125,4.4608
0.9923664122137404,1.1603053435114503,-1.3129770992366412,-0.380615234375,0.07373046875,-0.373046875,4.4624999999999995
0.9007633587786259,1.2061068702290076,-1.4961832061068703,-0.381591796875,0.07568359375,-0.37646484375,4.4642
1.0229007633587786,1.0381679389312977,-1.7099236641221374,-0.379638671875,0.073486328125,-0.37548828125,4.4658999999999995
1.0687022900763359,1.1755725190839694,-1.618320610687023,-0.381591796875,0.075439453125,-0.3779296875,4.4676
1.2061068702290076,1.0076335877862594,-1.5572519083969465,-0.384521484375,0.075439453125,-0.3779296875,4.4693
1.1908396946564885,0.9007633587786259,-1.3129770992366412,-0.381591796875,0.072998046875,-0.373291015625,4.471
1.3587786259541985,1.099236641221374,-1.6030534351145038,-0.388427734375,0.072509765625,-0.374267578125,4.4727
1.3282442748091603,0.9923664122137404,-1.618320610687023,-0.38525390625,0.06884765625,-0.369873046875,4.4744
1.1297709923664123,0.9465648854961832,-1.465648854961832,-0.38330078125,0.0751953125,-0.3759765625,4.4761
1.251908396946565,1.099236641221374,-1.4198473282442747,-0.38671875,0.072509765625,-0.37060546875,4.477799999999999
1.4809160305343512,1.2366412213740459,-1.4351145038167938,-0.387939453125,0.074951171875,-0.378173828125,4.4795
1.3435114503816794,0.9312977099236641,-1.6793893129770991,-0.386962890625,0.07177734375,-0.373779296875,4.481199999999999
1.5114503816793894,1.0381679389312977,-1.633587786259542,-0.380859375,0.071044921875,-0.37939453125,4.4829
1.4045801526717556,1.2061068702290076,-1.6488549618320612,-0.386962890625,0.070556640625,-0.37939453125,4.4845999999999995
1.4351145038167938,1.251908396946565,-1.7251908396946565,-0.384765625,0.06884765625,-0.3759765625,4.4863
1.5267175572519085,1.251908396946565,-1.450381679389313,-0.3828125,0.07666015625,-0.37109375,4.4879999999999995
1.5572519083969465,1.3587786259541985,-1.6641221374045803,-0.38427734375,0.075439453125,-0.379638671875,4.4897
1.5572519083969465,1.2366412213740459,-1.3893129770992367,-0.38720703125,0.072021484375,-0.36962890625,4.4914
1.6793893129770991,1.5114503816793894,-1.5877862595419847,-0.38330078125,0.06884765625,-0.368896484375,4.4931
1.6793893129770991,1.3740458015267176,-1.6030534351145038,-0.384765625,0.06982421875,-0.374755859375,4.4948
1.8625954198473282,1.3587786259541985,-1.4961832061068703,-0.38232421875,0.072021484375,-0.37548828125,4.4965
1.618320610687023,1.5572519083969465,-1.4045801526717556,-0.383544921875,0.0732421875,-0.37255859375,4.4982
1.6641221374045803,1.5572519083969465,-1.5572519083969465,-0.38525390625,0.072509765625,-0.38037109375,4.499899999999999
1.9083969465648856,1.6946564885496183,-1.7709923664122138,-0.384521484375,0.07080078125,-0.376220703125,4.5016
1.6946564885496183,1.5419847328244274,-1.4961832061068703,-0.384765625,0.06884765625,-0.37841796875,4.503299999999999
1.633587786259542,1.5114503816793894,-1.4351145038167938,-0.3837890625,0.072509765625,-0.370849609375,4.505
1.83206106870229,1.5877862595419847,-1.6946564885496183,-0.385498046875,0.073974609375,-0.374267578125,4.5066999999999995
1.7557251908396947,1.4198473282442747,-1.6488549618320612,-0.385498046875,0.0732421875,-0.3720703125,4.5084
1.8473282442748091,1.465648854961832,-1.5419847328244274,-0.386474609375,0.07421875,-0.378662109375,4.5100999999999996
1.7404580152671756,1.5572519083969465,-1.5419847328244274,-0.382568359375,0.070068359375,-0.376220703125,4.5118
1.816793893129771,1.4351145038167938,-1.6030534351145038,-0.385009765625,0.069091796875,-0.370361328125,4.5135
2.0,1.4351145038167938,-1.5572519083969465,-0.3876953125,0.068359375,-0.370849609375,4.5152
2.0,1.4198473282442747,-1.618320610687023,-0.385986328125,0.0693359375,-0.37451171875,4.5169
1.9083969465648856,1.465648854961832,-1.5267175572519085,-0.38623046875,0.070068359375,-0.380126953125,4.5186
2.0,1.4045801526717556,-1.6641221374045803,-0.3857421875,0.07275390625,-0.3779296875,4.5203
2.0610687022900764,1.2671755725190839,-1.3435114503816794,-0.383056640625,0.074951171875,-0.37548828125,4.521999999999999
2.122137404580153,1.2671755725190839,-1.5725190839694656,-0.3896484375,0.071044921875,-0.37841796875,4.5237
2.122137404580153,1.465648854961832,-1.4198473282442747,-0.386962890625,0.06982421875,-0.365966796875,4.525399999999999
2.1068702290076335,1.4809160305343512,-1.2061068702290076,-0.383056640625,0.07373046875,-0.374755859375,4.5271
2.0763358778625953,1.2671755725190839,-1.3893129770992367,-0.3818359375,0.06982421875,-0.368408203125,4.5287999999999995
2.213740458015267,1.2213740458015268,-1.5114503816793894,-0.383544921875,0.070556640625,-0.373779296875,4.5305
2.122137404580153,1.3129770992366412,-1.3587786259541985,-0.38525390625,0.070556640625,-0.376708984375,4.5322
2.198473282442748,1.2671755725190839,-1.3435114503816794,-0.384765625,0.07373046875,-0.3779296875,4.5339
2.3206106870229006,1.3282442748091603,-1.3740458015267176,-0.384033203125,0.074462890625,-0.369140625,4.5356
2.1068702290076335,1.1603053435114503,-1.2366412213740459,-0.37841796875,0.070068359375,-0.373291015625,4.5373
2.50381679389313,1.1908396946564885,-1.1450381679389312,-0.388916015625,0.071533203125,-0.37255859375,4.539
2.3053435114503817,1.2671755725190839,-1.1603053435114503,-0.385498046875,0.070068359375,-0.367919921875,4.5407
2.351145038167939,1.2671755725190839,-1.1755725190839694,-0.381103515625,0.066162109375,-0.372802734375,4.5424
2.2290076335877864,1.2061068702290076,-1.3893129770992367,-0.385498046875,0.070068359375,-0.3828125,4.544099999999999
2.2900763358778624,1.1908396946564885,-1.2061068702290076,-0.385498046875,0.074951171875,-0.371337890625,4.5458
2.4122137404580153,1.099236641221374,-1.1145038167938932,-0.383056640625,0.06787109375,-0.38232421875,4.547499999999999
2.1526717557251906,0.9465648854961832,-1.1755725190839694,-0.380859375,0.06591796875,-0.3828125,4.5492
2.2748091603053435,1.0229007633587786,-1.1908396946564885,-0.38134765625,0.06982421875,-0.371337890625,4.5508999999999995
2.198473282442748,1.0687022900763359,-1.1908396946564885,-0.3857421875,0.06689453125,-0.378662109375,4.5526
2.213740458015267,0.9770992366412213,-1.1603053435114503,-0.385498046875,0.06396484375,-0.373779296875,4.5543
2.2748091603053435,0.8854961832061069,-0.8854961832061069,-0.389404296875,0.070068359375,-0.373291015625,4.556
2.2595419847328246,0.8702290076335878,-1.0534351145038168,-0.38671875,0.06591796875,-0.373291015625,4.5577
2.2290076335877864,0.9312977099236641,-1.0381679389312977,-0.385009765625,0.0712890625,-0.362060546875,4.5594
2.2442748091603053,0.8244274809160306,-0.8396946564885496,-0.384033203125,0.07177734375,-0.37841796875,4.5611
2.0916030534351147,0.9770992366412213,-0.6870229007633588,-0.3818359375,0.07177734375,-0.3798828125,4.5628
2.3053435114503817,1.0381679389312977,-1.0534351145038168,-0.3837890625,0.069091796875,-0.38671875,4.5645
2.0916030534351147,0.8854961832061069,-0.8244274809160306,-0.390625,0.0634765625,-0.366943359375,4.566199999999999
2.183206106870229,1.0076335877862594,-0.7938931297709924,-0.387451171875,0.0703125,-0.373779296875,4.5679
2.3969465648854964,0.9007633587786259,-0.9312977099236641,-0.386962890625,0.07421875,-0.37109375,4.569599999999999
2.3969465648854964,0.8396946564885496,-0.8702290076335878,-0.388671875,0.0673828125,-0.380615234375,4.5713
2.183206106870229,0.8702290076335878,-0.6717557251908397,-0.38427734375,0.0693359375,-0.38232421875,4.5729999999999995
2.183206106870229,0.8396946564885496,-0.7786259541984732,-0.382568359375,0.069580078125,-0.374267578125,4.5747
2.351145038167939,0.7938931297709924,-0.5190839694656488,-0.3857421875,0.0654296875,-0.37744140625,4.5764
2.1526717557251906,0.7022900763358778,-0.7480916030534351,-0.3876953125,0.0673828125,-0.38427734375,4.5781
2.1374045801526718,0.8854961832061069,-0.6412213740458015,-0.387451171875,0.0654296875,-0.375244140625,4.5798
2.1526717557251906,0.8091603053435115,-0.7022900763358778,-0.389404296875,0.065185546875,-0.37890625,4.5815
2.122137404580153,0.7480916030534351,-0.3511450381679389,-0.385009765625,0.0673828125,-0.379150390625,4.5832
2.1068702290076335,0.7786259541984732,-0.549618320610687,-0.384521484375,0.06884765625,-0.375,4.584899999999999
2.0763358778625953,0.7633587786259542,-0.6717557251908397,-0.38720703125,0.06982421875,-0.375732421875,4.5866
1.9083969465648856,0.8549618320610687,-0.6564885496183206,-0.38232421875,0.066650390625,-0.371826171875,4.588299999999999
2.183206106870229,0.7022900763358778,-0.5190839694656488,-0.386962890625,0.0693359375,-0.367431640625,4.59
1.9389312977099236,0.6259541984732825,-0.4122137404580153,-0.38232421875,0.067626953125,-0.3779296875,4.5916999999999994
2.045801526717557,0.5954198473282443,-0.4732824427480916,-0.38720703125,0.072021484375,-0.3779296875,4.5934
2.0610687022900764,0.6259541984732825,-0.5801526717557252,-0.385009765625,0.0693359375,-0.371826171875,4.5950999999999995
1.786259541984733,0.42748091603053434,-0.6870229007633588,-0.384765625,0.063720703125,-0.369140625,4.5968
2.0763358778625953,0.3816793893129771,-0.5954198473282443,-0.384033203125,0.067626953125,-0.370361328125,4.5985
2.030534351145038,0.3969465648854962,-0.2900763358778626,-0.38134765625,0.0712890625,-0.365234375,4.6002
1.7099236641221374,0.4122137404580153,-0.4580152671755725,-0.38916015625,0.07470703125,-0.376953125,4.6019
2.030534351145038,0.4122137404580153,-0.6717557251908397,-0.392333984375,0.066162109375,-0.37158203125,4.6036
1.9541984732824427,0.5190839694656488,-0.48854961832061067,-0.3876953125,0.067626953125,-0.37451171875,4.6053
1.8473282442748091,0.6412213740458015,-0.5038167938931297,-0.386962890625,0.072265625,-0.367919921875,4.606999999999999
1.7099236641221374,0.6870229007633588,-0.5648854961832062,-0.390380859375,0.064697265625,-0.375244140625,4.6087
1.7404580152671756,0.7938931297709924,-0.48854961832061067,-0.387939453125,0.06884765625,-0.377197265625,4.610399999999999
1.816793893129771,0.6564885496183206,-0.5343511450381679,-0.388671875,0.0693359375,-0.390625,4.6121
1.9236641221374047,0.9007633587786259,-0.5038167938931297,-0.390380859375,0.06591796875,-0.38037109375,4.6137999999999995
1.8931297709923665,1.0076335877862594,-0.7022900763358778,-0.387939453125,0.066650390625,-0.3720703125,4.6155
1.7099236641221374,0.8091603053435115,-0.5190839694656488,-0.385498046875,0.062255859375,-0.382568359375,4.6171999999999995
1.6946564885496183,0.9007633587786259,-0.3053435114503817,-0.38671875,0.066162109375,-0.369873046875,4.6189
1.786259541984733,0.8244274809160306,-0.4580152671755725,-0.388427734375,0.06982421875,-0.37353515625,4.6206
1.816793893129771,0.9618320610687023,-0.6564885496183206,-0.384033203125,0.063720703125,-0.37158203125,4.6223
1.7709923664122138,1.0076335877862594,-0.4732824427480916,-0.387451171875,0.07080078125,-0.374267578125,4.624
1.5419847328244274,1.083969465648855,-0.3816793893129771,-0.384765625,0.0654296875,-0.369873046875,4.6257
1.7709923664122138,1.2061068702290076,-0.48854961832061067,-0.384521484375,0.06494140625,-0.381591796875,4.6274
1.6793893129770991,1.2366412213740459,-0.5343511450381679,-0.380859375,0.062255859375,-0.369873046875,4.629099999999999
1.5572519083969465,1.1145038167938932,-0.33587786259541985,-0.381103515625,0.063232421875,-0.376953125,4.6308
1.7404580152671756,1.4198473282442747,-0.2748091603053435,-0.383544921875,0.069580078125,-0.376953125,4.632499999999999
1.7251908396946565,1.3282442748091603,-0.33587786259541985,-0.3818359375,0.068359375,-0.38037109375,4.6342
1.633587786259542,1.3129770992366412,-0.4122137404580153,-0.385498046875,0.06640625,-0.37841796875,4.6358999999999995
1.6488549618320612,1.4198473282442747,-0.33587786259541985,-0.382568359375,0.070068359375,-0.372314453125,4.6376
1.5725190839694656,1.3435114503816794,-0.3053435114503817,-0.384521484375,0.067626953125,-0.3818359375,4.6392999999999995
1.3129770992366412,1.2366412213740459,-0.22900763358778625,-0.387451171875,0.068603515625,-0.374267578125,4.641
1.4198473282442747,1.1755725190839694,-0.2595419847328244,-0.3818359375,0.06884765625,-0.374755859375,4.6427
1.3587786259541985,1.3129770992366412,-0.3511450381679389,-0.378173828125,0.06982421875,-0.382568359375,4.6444
1.2213740458015268,1.0687022900763359,-0.12213740458015267,-0.38427734375,0.063232421875,-0.370361328125,4.6461
1.3129770992366412,1.1450381679389312,-0.3969465648854962,-0.38720703125,0.066162109375,-0.37109375,4.6478
1.1908396946564885,1.282442748091603,-0.4732824427480916,-0.382080078125,0.064453125,-0.370849609375,4.6495
1.1755725190839694,1.2213740458015268,-0.4732824427480916,-0.38671875,0.067626953125,-0.373779296875,4.651199999999999
1.3129770992366412,1.083969465648855,-0.33587786259541985,-0.389892578125,0.072021484375,-0.37890625,4.6529
1.1297709923664123,1.0381679389312977,-0.3969465648854962,-0.383544921875,0.0673828125,-0.3779296875,4.654599999999999
1.0229007633587786,1.2213740458015268,-0.16793893129770993,-0.383056640625,0.0712890625,-0.373779296875,4.6563
1.1145038167938932,1.1145038167938932,-0.4732824427480916,-0.386962890625,0.068603515625,-0.3671875,4.6579999999999995
0.9465648854961832,1.2213740458015268,-0.2748091603053435,-0.386474609375,0.072509765625,-0.376708984375,4.6597
1.0381679389312977,1.3435114503816794,-0.2595419847328244,-0.38818359375,0.0654296875,-0.369140625,4.6613999999999995
0.9770992366412213,1.0687022900763359,-0.44274809160305345,-0.38916015625,0.06103515625,-0.375244140625,4.6631
1.1297709923664123,1.1603053435114503,-0.42748091603053434,-0.384521484375,0.065673828125,-0.36962890625,4.6648
1.0534351145038168,1.297709923664122,-0.21374045801526717,-0.384765625,0.06982421875,-0.373046875,4.6665
0.8702290076335878,1.3435114503816794,-0.4580152671755725,-0.39111328125,0.06494140625,-0.372314453125,4.6682
0.9312977099236641,1.1908396946564885,-0.5038167938931297,-0.383544921875,0.06494140625,-0.370361328125,4.6699
1.0381679389312977,1.2213740458015268,-0.6106870229007634,-0.387451171875,0.063720703125,-0.36572265625,4.6716
0.8702290076335878,1.3129770992366412,-0.4732824427480916,-0.382568359375,0.068115234375,-0.375,4.673299999999999
0.8091603053435115,1.1297709923664123,-0.6106870229007634,-0.383544921875,0.068115234375,-0.3671875,4.675
0.8244274809160306,1.099236641221374,-0.183206106870229,-0.3779296875,0.06494140625,-0.368408203125,4.676699999999999
0.5801526717557252,1.2671755725190839,-0.5343511450381679,-0.3837890625,0.06494140625,-0.370361328125,4.6784
0.7175572519083969,1.2213740458015268,-0.3969465648854962,-0.379638671875,0.07177734375,-0.37451171875,4.6800999999999995
0.7022900763358778,1.0534351145038168,-0.4580152671755725,-0.378173828125,0.072998046875,-0.377197265625,4.6818
0.7633587786259542,1.0534351145038168,-0.5038167938931297,-0.383056640625,0.06591796875,-0.36669921875,4.6834999999999996
0.4122137404580153,1.1755725190839694,-0.5038167938931297,-0.379638671875,0.06494140625,-0.377197265625,4.6852
0.3816793893129771,0.9312977099236641,-0.4580152671755725,-0.378173828125,0.06494140625,-0.375244140625,4.6869
0.5190839694656488,0.9312977099236641,-0.5038167938931297,-0.38623046875,0.06640625,-0.379150390625,4.6886
0.4122137404580153,1.1450381679389312,-0.2748091603053435,-0.3818359375,0.068359375,-0.3671875,4.6903
0.3053435114503817,0.7938931297709924,-0.3816793893129771,-0.380859375,0.0703125,-0.37158203125,4.692
0.32061068702290074,0.9923664122137404,-0.44274809160305345,-0.388671875,0.068359375,-0.37158203125,4.6937
0.12213740458015267,0.7633587786259542,-0.4122137404580153,-0.37939453125,0.06689453125,-0.371337890625,4.695399999999999
0.2900763358778626,0.5954198473282443,-0.21374045801526717,-0.3837890625,0.066650390625,-0.378662109375,4.6971
0.12213740458015267,0.9923664122137404,-0.549618320610687,-0.3837890625,0.0693359375,-0.3720703125,4.698799999999999
0.2900763358778626,0.6259541984732825,-0.6106870229007634,-0.387939453125,0.074951171875,-0.37060546875,4.7005
0.10687022900763359,0.6412213740458015,-0.7022900763358778,-0.390625,0.07177734375,-0.3837890625,4.7021999999999995
0.07633587786259542,0.6717557251908397,-0.4122137404580153,-0.385986328125,0.07275390625,-0.37548828125,4.7039
0.10687022900763359,0.8549618320610687,-0.6259541984732825,-0.3896484375,0.0673828125,-0.376220703125,4.7056
0.15267175572519084,0.7786259541984732,-0.6412213740458015,-0.388916015625,0.06884765625,-0.373046875,4.7073
0.0916030534351145,0.7175572519083969,-0.7786259541984732,-0.38525390625,0.070068359375,-0.37451171875,4.709
0.2595419847328244,0.9312977099236641,-0.4580152671755725,-0.386962890625,0.071044921875,-0.3779296875,4.7107
0.04580152671755725,1.0076335877862594,-0.7480916030534351,-0.38916015625,0.07421875,-0.378662109375,4.7124
0.2748091603053435,1.0534351145038168,-0.48854961832061067,-0.390380859375,0.070556640625,-0.384765625,4.7141
0.04580152671755725,1.1145038167938932,-0.9007633587786259,-0.390380859375,0.0673828125,-0.371337890625,4.7158
0.0916030534351145,1.3893129770992367,-0.549618320610687,-0.39306640625,0.07568359375,-0.37158203125,4.717499999999999
0.183206106870229,1.251908396946565,-0.7786259541984732,-0.385498046875,0.0732421875,-0.377197265625,4.7192
0.24427480916030533,1.3129770992366412,-0.4732824427480916,-0.390625,0.070068359375,-0.36865234375,4.720899999999999
0.183206106870229,1.6793893129770991,-0.8091603053435115,-0.388671875,0.07568359375,-0.37353515625,4.7226
0.183206106870229,1.465648854961832,-0.7633587786259542,-0.3896484375,0.072998046875,-0.380615234375,4.7242999999999995
-0.015267175572519083,1.6030534351145038,-0.7786259541984732,-0.385986328125,0.072998046875,-0.37744140625,4.726
0.3053435114503817,1.5725190839694656,-0.7938931297709924,-0.39208984375,0.068359375,-0.380859375,4.7277
0.2748091603053435,1.5419847328244274,-1.0687022900763359,-0.384765625,0.074951171875,-0.37646484375,4.7294
0.2900763358778626,1.6030534351145038,-0.9618320610687023,-0.384765625,0.072509765625,-0.370849609375,4.7311
0.12213740458015267,1.633587786259542,-1.1908396946564885,-0.3828125,0.073974609375,-0.364013671875,4.7328
0.33587786259541985,1.5725190839694656,-1.0229007633587786,-0.384765625,0.075927734375,-0.3798828125,4.7345
0.3511450381679389,1.5114503816793894,-0.9923664122137404,-0.385009765625,0.07373046875,-0.368408203125,4.736199999999999
0.366412213740458,1.450381679389313,-1.2366412213740459,-0.38525390625,0.072998046875,-0.364990234375,4.7379
0.5038167938931297,1.465648854961832,-1.282442748091603,-0.3837890625,0.07470703125,-0.37255859375,4.739599999999999
0.32061068702290074,1.3435114503816794,-1.3129770992366412,-0.38671875,0.07080078125,-0.369140625,4.7413
0.5343511450381679,1.3740458015267176,-1.4045801526717556,-0.38525390625,0.07275390625,-0.362060546875,4.742999999999999
0.5190839694656488,1.3740458015267176,-1.1755725190839694,-0.3837890625,0.071044921875,-0.375244140625,4.7447
0.7175572519083969,1.1908396946564885,-1.1908396946564885,-0.391357421875,0.067626953125,-0.38134765625,4.7463999999999995
0.549618320610687,1.2061068702290076,-1.2671755725190839,-0.388427734375,0.0693359375,-0.375,4.7481
0.732824427480916,1.3587786259541985,-1.4045801526717556,-0.386962890625,0.072265625,-0.37060546875,4.7498
0.7633587786259542,1.3129770992366412,-1.3893129770992367,-0.3857421875,0.068603515625,-0.374267578125,4.7515
0.5343511450381679,1.1908396946564885,-1.297709923664122,-0.3798828125,0.072021484375,-0.373291015625,4.7532
0.732824427480916,1.0687022900763359,-1.282442748091603,-0.3837890625,0.07470703125,-0.37939453125,4.7549
0.5648854961832062,1.0687022900763359,-1.3282442748091603,-0.381591796875,0.072021484375,-0.36767578125,4.7566
0.48854961832061067,0.9618320610687023,-1.1755725190839694,-0.385498046875,0.074951171875,-0.37109375,4.758299999999999
0.48854961832061067,0.8854961832061069,-1.3740458015267176,-0.3876953125,0.068115234375,-0.377197265625,4.76
0.44274809160305345,0.732824427480916,-1.3587786259541985,-0.3818359375,0.068359375,-0.376220703125,4.761699999999999
0.5648854961832062,0.7633587786259542,-1.1145038167938932,-0.37744140625,0.078369140625,-0.375244140625,4.7634
0.44274809160305345,0.732824427480916,-1.4198473282442747,-0.378662109375,0.079833984375,-0.37109375,4.7650999999999994
0.3053435114503817,0.732824427480916,-1.5419847328244274,-0.3837890625,0.06982421875,-0.369873046875,4.7668
0.4732824427480916,0.6564885496183206,-1.2671755725190839,-0.388427734375,0.075439453125,-0.364501953125,4.7684999999999995
0.6106870229007634,0.5343511450381679,-1.3587786259541985,-0.384033203125,0.06787109375,-0.3671875,4.7702
0.3816793893129771,0.5954198473282443,-1.297709923664122,-0.385986328125,0.07080078125,-0.372314453125,4.7719
0.15267175572519084,0.6412213740458015,-1.2366412213740459,-0.388916015625,0.073974609375,-0.37353515625,4.7736
0.13740458015267176,0.6870229007633588,-1.0381679389312977,-0.384033203125,0.06494140625,-0.3681640625,4.7753
0.183206106870229,0.6717557251908397,-1.1145038167938932,-0.382080078125,0.0693359375,-0.3740234375,4.777
0.22900763358778625,0.549618320610687,-0.9770992366412213,-0.381103515625,0.071044921875,-0.37744140625,4.7787
0.22900763358778625,0.5648854961832062,-1.297709923664122,-0.38818359375,0.071044921875,-0.3701171875,4.780399999999999
0.1984732824427481,0.6870229007633588,-1.1908396946564885,-0.38818359375,0.068359375,-0.36474609375,4.7821
-0.015267175572519083,0.6564885496183206,-1.1908396946564885,-0.3837890625,0.07568359375,-0.37255859375,4.783799999999999
0.1984732824427481,0.5801526717557252,-1.297709923664122,-0.3857421875,0.06884765625,-0.37890625,4.7855
0.2595419847328244,0.5801526717557252,-1.2366412213740459,-0.38818359375,0.068603515625,-0.367919921875,4.7871999999999995
0.10687022900763359,0.732824427480916,-1.1297709923664123,-0.385986328125,0.07177734375,-0.373779296875,4.7889
0.15267175572519084,0.8091603053435115,-1.099236641221374,-0.391357421875,0.0712890625,-0.37060546875,4.7905999999999995
0.10687022900763359,0.8091603053435115,-1.1908396946564885,-0.390625,0.072265625,-0.373779296875,4.7923
0.3816793893129771,0.7480916030534351,-1.2061068702290076,-0.384765625,0.075927734375,-0.368896484375,4.794
0.16793893129770993,0.6870229007633588,-1.0534351145038168,-0.380859375,0.0751953125,-0.369384765625,4.7957
-0.015267175572519083,0.9465648854961832,-1.0381679389312977,-0.385498046875,0.07275390625,-0.364501953125,4.7974
0.183206106870229,0.8396946564885496,-0.9465648854961832,-0.38818359375,0.0703125,-0.369873046875,4.7991
0.1984732824427481,0.8854961832061069,-1.1145038167938932,-0.38671875,0.07275390625,-0.373291015625,4.8008
0.21374045801526717,0.9465648854961832,-1.0076335877862594,-0.38720703125,0.072998046875,-0.376708984375,4.802499999999999
0.3816793893129771,0.9618320610687023,-1.0381679389312977,-0.3857421875,0.072998046875,-0.377685546875,4.8042
0.33587786259541985,0.8702290076335878,-0.9770992366412213,-0.388427734375,0.07177734375,-0.374755859375,4.805899999999999
0.13740458015267176,1.0229007633587786,-1.1908396946564885,-0.38671875,0.071533203125,-0.35693359375,4.8076
0.366412213740458,0.8244274809160306,-1.1603053435114503,-0.38818359375,0.06591796875,-0.369873046875,4.8092999999999995
0.1984732824427481,0.8549618320610687,-1.1297709923664123,-0.381103515625,0.072998046875,-0.372802734375,4.811
0.3511450381679389,0.9618320610687023,-1.1145038167938932,-0.386474609375,0.072509765625,-0.369873046875,4.8126999999999995
0.5343511450381679,0.9923664122137404,-1.0687022900763359,-0.387451171875,0.07080078125,-0.373779296875,4.8144
0.5038167938931297,0.7786259541984732,-1.1450381679389312,-0.38427734375,0.075439453125,-0.369384765625,4.8161
0.44274809160305345,0.6870229007633588,-1.1755725190839694,-0.38525390625,0.076416015625,-0.37060546875,4.8178
0.4580152671755725,0.8549618320610687,-1.0381679389312977,-0.387939453125,0.076171875,-0.37255859375,4.8195
0.3511450381679389,0.9007633587786259,-1.1755725190839694,-0.3818359375,0.07373046875,-0.372802734375,4.8212
0.6106870229007634,0.8244274809160306,-1.2213740458015268,-0.3916015625,0.074462890625,-0.37255859375,4.8229
0.42748091603053434,0.8091603053435115,-1.0229007633587786,-0.38818359375,0.066650390625,-0.36962890625,4.824599999999999
0.5801526717557252,1.0229007633587786,-1.1908396946564885,-0.387939453125,0.070556640625,-0.367919921875,4.8263
0.6870229007633588,0.9618320610687023,-1.251908396946565,-0.388427734375,0.068359375,-0.376220703125,4.827999999999999
0.5038167938931297,1.0381679389312977,-1.251908396946565,-0.3828125,0.072509765625,-0.3740234375,4.8297
0.4580152671755725,1.2213740458015268,-1.099236641221374,-0.38916015625,0.070556640625,-0.373779296875,4.8313999999999995
0.7175572519083969,1.083969465648855,-1.1908396946564885,-0.387939453125,0.07470703125,-0.372314453125,4.8331
0.8244274809160306,1.282442748091603,-1.0687022900763359,-0.390869140625,0.07666015625,-0.373046875,4.8347999999999995
0.32061068702290074,1.3893129770992367,-1.2671755725190839,-0.387451171875,0.076416015625,-0.37158203125,4.8365
0.6259541984732825,1.297709923664122,-1.1297709923664123,-0.3876953125,0.0703125,-0.369140625,4.8382
0.732824427480916,1.297709923664122,-1.2061068702290076,-0.38623046875,0.075927734375,-0.3662109375,4.8399
0.5801526717557252,1.5725190839694656,-1.3129770992366412,-0.390625,0.076171875,-0.37744140625,4.8416
0.7938931297709924,1.6030534351145038,-1.465648854961832,-0.39111328125,0.076171875,-0.37939453125,4.8433
0.9007633587786259,1.6488549618320612,-1.2213740458015268,-0.38671875,0.07275390625,-0.372314453125,4.845
0.732824427480916,1.7557251908396947,-1.2213740458015268,-0.389892578125,0.071533203125,-0.3798828125,4.846699999999999
0.8091603053435115,1.618320610687023,-1.099236641221374,-0.38330078125,0.069580078125,-0.37158203125,4.8484
0.8091603053435115,1.8473282442748091,-1.0381679389312977,-0.39013671875,0.072998046875,-0.367431640625,4.850099999999999
0.8396946564885496,1.8931297709923665,-1.1297709923664123,-0.384765625,0.078125,-0.377197265625,4.8518
0.8244274809160306,1.984732824427481,-1.0534351145038168,-0.39111328125,0.07373046875,-0.36572265625,4.8534999999999995
0.7175572519083969,1.7099236641221374,-1.0381679389312977,-0.39501953125,0.071533203125,-0.37158203125,4.8552
0.7938931297709924,1.8931297709923665,-1.1450381679389312,-0.3896484375,0.072998046875,-0.37109375,4.8568999999999996
0.916030534351145,2.0916030534351147,-0.9923664122137404,-0.39208984375,0.07373046875,-0.365966796875,4.8586
0.8396946564885496,1.8778625954198473,-1.1145038167938932,-0.388427734375,0.07861328125,-0.369140625,4.8603
1.0687022900763359,1.9389312977099236,-0.8702290076335878,-0.385009765625,0.072998046875,-0.37353515625,4.862
1.1450381679389312,2.0916030534351147,-1.099236641221374,-0.388427734375,0.078857421875,-0.375244140625,4.8637
0.732824427480916,2.183206106870229,-1.0229007633587786,-0.38427734375,0.073486328125,-0.36669921875,4.8654
0.8091603053435115,1.9083969465648856,-1.0687022900763359,-0.390869140625,0.06982421875,-0.374267578125,4.8671
0.732824427480916,1.83206106870229,-0.9465648854961832,-0.389892578125,0.07177734375,-0.37255859375,4.868799999999999
0.732824427480916,1.9083969465648856,-0.9770992366412213,-0.387451171875,0.072509765625,-0.373779296875,4.8705
0.7022900763358778,1.8778625954198473,-0.916030534351145,-0.388427734375,0.076171875,-0.37255859375,4.872199999999999
0.5648854961832062,1.83206106870229,-0.8549618320610687,-0.38623046875,0.073486328125,-0.37353515625,4.8739
0.6870229007633588,2.045801526717557,-0.8549618320610687,-0.386962890625,0.070556640625,-0.37158203125,4.8755999999999995
0.7633587786259542,2.0,-1.083969465648855,-0.387451171875,0.07568359375,-0.36767578125,4.8773
0.6564885496183206,2.1068702290076335,-0.6717557251908397,-0.391357421875,0.07373046875,-0.373291015625,4.879
0.6412213740458015,1.9236641221374047,-0.9770992366412213,-0.392822265625,0.072509765625,-0.37060546875,4.8807
0.5190839694656488,2.198473282442748,-0.8549618320610687,-0.392822265625,0.073486328125,-0.366455078125,4.8824
0.5190839694656488,2.213740458015267,-0.732824427480916,-0.388671875,0.075927734375,-0.36962890625,4.8841
0.6717557251908397,2.198473282442748,-0.5954198473282443,-0.389892578125,0.070556640625,-0.370361328125,4.8858
0.732824427480916,2.366412213740458,-0.7786259541984732,-0.3876953125,0.068115234375,-0.373779296875,4.887499999999999
0.7633587786259542,2.6717557251908395,-0.6870229007633588,-0.38916015625,0.0732421875,-0.366455078125,4.8892
0.6412213740458015,2.564885496183206,-0.9618320610687023,-0.3876953125,0.0673828125,-0.36376953125,4.890899999999999
0.42748091603053434,2.6717557251908395,-0.8396946564885496,-0.39013671875,0.0732421875,-0.368408203125,4.8926
0.6412213740458015,2.6259541984732824,-0.8244274809160306,-0.38720703125,0.07275390625,-0.370361328125,4.894299999999999
0.5038167938931297,2.6717557251908395,-0.8702290076335878,-0.390625,0.071044921875,-0.375244140625,4.896
0.4580152671755725,2.6106870229007635,-0.8396946564885496,-0.382568359375,0.072021484375,-0.369873046875,4.8976999999999995
0.6870229007633588,2.717557251908397,-0.8244274809160306,-0.38623046875,0.076416015625,-0.376220703125,4.8994
0.6717557251908397,2.6259541984732824,-0.8396946564885496,-0.388671875,0.07421875,-0.372802734375,4.9011
0.6870229007633588,2.6412213740458017,-0.7022900763358778,-0.385986328125,0.07275390625,-0.37744140625,4.9028
0.6564885496183206,2.6717557251908395,-0.9618320610687023,-0.387451171875,0.07470703125,-0.368408203125,4.9045
0.5954198473282443,2.7022900763358777,-0.8549618320610687,-0.386962890625,0.074951171875,-0.3759765625,4.9062
0.7022900763358778,2.8091603053435112,-0.732824427480916,-0.386474609375,0.07470703125,-0.375,4.9079
0.7175572519083969,2.732824427480916,-0.5648854961832062,-0.3896484375,0.070556640625,-0.380126953125,4.909599999999999
0.7633587786259542,2.8702290076335877,-0.8244274809160306,-0.38818359375,0.070556640625,-0.374267578125,4.9113
0.7175572519083969,3.068702290076336,-0.8702290076335878,-0.388916015625,0.070068359375,-0.373779296875,4.912999999999999
0.6717557251908397,3.0839694656488548,-0.9465648854961832,-0.385986328125,0.07421875,-0.375244140625,4.9147
0.7786259541984732,3.1908396946564888,-0.8091603053435115,-0.38671875,0.070556640625,-0.373779296875,4.916399999999999
0.7938931297709924,3.114503816793893,-0.8091603053435115,-0.385498046875,0.07421875,-0.3759765625,4.9181
0.7786259541984732,3.2213740458015265,-0.8396946564885496,-0.389404296875,0.069580078125,-0.3720703125,4.9197999999999995
0.9007633587786259,3.282442748091603,-0.9312977099236641,-0.387451171875,0.075439453125,-0.3740234375,4.9215
0.7633587786259542,3.0381679389312977,-0.8396946564885496,-0.39208984375,0.072998046875,-0.37158203125,4.9232
0.7938931297709924,3.2213740458015265,-1.0534351145038168,-0.388916015625,0.0771484375,-0.37255859375,4.9249
0.7175572519083969,3.2519083969465647,-0.8396946564885496,-0.389892578125,0.074462890625,-0.3662109375,4.9266
0.7022900763358778,3.3435114503816794,-1.1297709923664123,-0.385986328125,0.0751953125,-0.3779296875,4.9283
0.7786259541984732,3.236641221374046,-0.8244274809160306,-0.38671875,0.070556640625,-0.36865234375,4.93
0.916030534351145,3.2061068702290076,-0.916030534351145,-0.389404296875,0.073486328125,-0.375,4.931699999999999
0.8702290076335878,3.404580152671756,-0.8702290076335878,-0.385498046875,0.075927734375,-0.376953125,4.9334
0.9007633587786259,3.267175572519084,-1.1755725190839694,-0.39111328125,0.0693359375,-0.3740234375,4.935099999999999
0.8854961832061069,3.2519083969465647,-1.0076335877862594,-0.384033203125,0.0703125,-0.370361328125,4.9368
0.7786259541984732,3.1908396946564888,-0.9923664122137404,-0.38623046875,0.073974609375,-0.3740234375,4.9384999999999994
1.0381679389312977,3.2519083969465647,-1.0076335877862594,-0.38525390625,0.071044921875,-0.37353515625,4.9402
1.1297709923664123,3.1603053435114505,-1.1450381679389312,-0.380615234375,0.072021484375,-0.380615234375,4.9418999999999995
0.9923664122137404,3.1297709923664123,-1.083969465648855,-0.384521484375,0.076416015625,-0.37939453125,4.9436
1.1450381679389312,3.145038167938931,-1.4198473282442747,-0.385498046875,0.074951171875,-0.368408203125,4.9453
1.1603053435114503,3.0076335877862594,-1.0381679389312977,-0.390625,0.070556640625,-0.37158203125,4.947
1.1603053435114503,3.1603053435114505,-1.099236641221374,-0.3828125,0.07470703125,-0.37548828125,4.9487
1.2061068702290076,2.885496183206107,-1.2366412213740459,-0.38525390625,0.072021484375,-0.373291015625,4.9504
1.2671755725190839,3.0381679389312977,-1.251908396946565,-0.383544921875,0.077880859375,-0.365966796875,4.9521
1.2213740458015268,3.0381679389312977,-0.9923664122137404,-0.38134765625,0.079345703125,-0.3740234375,4.953799999999999
1.282442748091603,3.099236641221374,-1.1908396946564885,-0.38427734375,0.077392578125,-0.376220703125,4.9555
1.3587786259541985,3.0229007633587788,-0.9618320610687023,-0.388671875,0.072998046875,-0.382568359375,4.957199999999999
1.4045801526717556,3.145038167938931,-1.1297709923664123,-0.385986328125,0.07177734375,-0.375244140625,4.9589
1.0687022900763359,3.1908396946564888,-0.9923664122137404,-0.382080078125,0.06982421875,-0.377197265625,4.9605999999999995
1.3282442748091603,3.3282442748091605,-0.9312977099236641,-0.3828125,0.07275390625,-0.368896484375,4.9623
1.297709923664122,3.2061068702290076,-1.0381679389312977,-0.38671875,0.072998046875,-0.3740234375,4.9639999999999995
1.1297709923664123,3.3282442748091605,-1.0534351145038168,-0.385009765625,0.0703125,-0.376708984375,4.9657
1.5267175572519085,3.2061068702290076,-0.9312977099236641,-0.386474609375,0.073974609375,-0.377685546875,4.9674
1.0381679389312977,3.435114503816794,-0.9770992366412213,-0.384033203125,0.071533203125,-0.373779296875,4.9691
1.0381679389312977,3.450381679389313,-0.7786259541984732,-0.387939453125,0.070556640625,-0.3779296875,4.9708
1.2366412213740459,3.3740458015267176,-0.7786259541984732,-0.379638671875,0.071044921875,-0.371337890625,4.9725
1.099236641221374,3.435114503816794,-0.8244274809160306,-0.3837890625,0.072021484375,-0.3779296875,4.9742
1.1908396946564885,3.4656488549618323,-0.7786259541984732,-0.38525390625,0.07421875,-0.3681640625,4.975899999999999
0.7938931297709924,3.2977099236641223,-0.6259541984732825,-0.38134765625,0.06884765625,-0.372314453125,4.9776
1.2061068702290076,3.1603053435114505,-0.5954198473282443,-0.3818359375,0.070556640625,-0.373046875,4.979299999999999
0.9923664122137404,3.3282442748091605,-0.8091603053435115,-0.387451171875,0.075927734375,-0.369140625,4.981
0.9465648854961832,3.0839694656488548,-0.6717557251908397,-0.38671875,0.072021484375,-0.376708984375,4.9826999999999995
0.7938931297709924,3.1755725190839694,-0.549618320610687,-0.38427734375,0.0654296875,-0.369384765625,4.9844
1.1755725190839694,3.0381679389312977,-0.6412213740458015,-0.384521484375,0.074462890625,-0.37255859375,4.9860999999999995
1.0229007633587786,2.9923664122137406,-0.7633587786259542,-0.377685546875,0.071533203125,-0.380126953125,4.9878
0.9465648854961832,3.1603053435114505,-0.6717557251908397,-0.38330078125,0.07470703125,-0.376708984375,4.9895
0.916030534351145,2.9618320610687023,-0.5801526717557252,-0.384521484375,0.075439453125,-0.372802734375,4.9912
0.8091603053435115,2.9618320610687023,-0.732824427480916,-0.37841796875,0.068603515625,-0.373779296875,4.9929
0.7786259541984732,2.854961832061069,-0.5801526717557252,-0.382080078125,0.0673828125,-0.37841796875,4.9946
0.8396946564885496,2.8396946564885495,-0.5648854961832062,-0.387451171875,0.0703125,-0.3681640625,4.9963
0.916030534351145,2.9770992366412212,-0.6412213740458015,-0.384033203125,0.074951171875,-0.366455078125,4.997999999999999
0.8854961832061069,2.9770992366412212,-0.5038167938931297,-0.3837890625,0.07568359375,-0.375244140625,4.9997
0.9618320610687023,2.854961832061069,-0.6106870229007634,-0.38671875,0.075439453125,-0.375244140625,5.001399999999999
0.7480916030534351,3.068702290076336,-0.6870229007633588,-0.38232421875,0.07568359375,-0.375732421875,5.0031
0.8549618320610687,3.145038167938931,-0.5343511450381679,-0.386962890625,0.074951171875,-0.37353515625,5.0047999999999995
0.8396946564885496,2.9160305343511452,-0.5801526717557252,-0.37939453125,0.07763671875,-0.370361328125,5.0065
0.9923664122137404,2.854961832061069,-0.7175572519083969,-0.384521484375,0.072998046875,-0.374755859375,5.0081999999999995
0.9007633587786259,3.0381679389312977,-0.3511450381679389,-0.38525390625,0.068359375,-0.373046875,5.0099
0.732824427480916,2.9770992366412212,-0.8091603053435115,-0.38671875,0.06689453125,-0.379638671875,5.0116
0.8549618320610687,2.8702290076335877,-0.7022900763358778,-0.38330078125,0.0712890625,-0.376220703125,5.0133
1.0381679389312977,3.0229007633587788,-0.5648854961832062,-0.384521484375,0.076416015625,-0.3720703125,5.015
0.9923664122137404,2.900763358778626,-0.7022900763358778,-0.385009765625,0.072265625,-0.372802734375,5.0167
0.7480916030534351,2.8396946564885495,-0.732824427480916,-0.38330078125,0.0791015625,-0.37890625,5.0184
0.7938931297709924,2.885496183206107,-0.5954198473282443,-0.3857421875,0.077880859375,-0.375732421875,5.020099999999999
0.6870229007633588,2.8091603053435112,-0.8396946564885496,-0.38232421875,0.069580078125,-0.377685546875,5.0218
1.083969465648855,2.687022900763359,-0.6564885496183206,-0.389892578125,0.07373046875,-0.37548828125,5.023499999999999
1.0534351145038168,2.8396946564885495,-0.7480916030534351,-0.387451171875,0.07666015625,-0.37841796875,5.0252
0.916030534351145,2.7022900763358777,-0.7022900763358778,-0.381591796875,0.075927734375,-0.381103515625,5.0268999999999995
0.9465648854961832,2.6717557251908395,-0.8549618320610687,-0.381103515625,0.072021484375,-0.375244140625,5.0286
1.0381679389312977,2.854961832061069,-0.732824427480916,-0.383056640625,0.077880859375,-0.369140625,5.0302999999999995
1.0076335877862594,2.9160305343511452,-0.6412213740458015,-0.38037109375,0.074951171875,-0.3720703125,5.032
1.1450381679389312,2.900763358778626,-0.7786259541984732,-0.38427734375,0.073974609375,-0.376708984375,5.0337
1.0534351145038168,2.931297709923664,-0.8549618320610687,-0.390625,0.076416015625,-0.37109375,5.0354
0.9770992366412213,2.7938931297709924,-0.8854961832061069,-0.386474609375,0.075927734375,-0.3779296875,5.0371
1.2213740458015268,2.7938931297709924,-1.0229007633587786,-0.382080078125,0.072021484375,-0.37451171875,5.038799999999999
1.083969465648855,2.854961832061069,-0.8549618320610687,-0.383544921875,0.073974609375,-0.3720703125,5.0405
0.9465648854961832,3.0076335877862594,-1.0687022900763359,-0.3818359375,0.0751953125,-0.385986328125,5.042199999999999
0.9312977099236641,3.0229007633587788,-0.9770992366412213,-0.38330078125,0.078369140625,-0.38232421875,5.0439
1.083969465648855,3.0381679389312977,-0.9312977099236641,-0.384765625,0.07470703125,-0.381591796875,5.045599999999999
1.0381679389312977,2.8244274809160306,-0.8244274809160306,-0.38232421875,0.076416015625,-0.373046875,5.0473
1.0687022900763359,3.145038167938931,-1.0381679389312977,-0.388427734375,0.071533203125,-0.3662109375,5.0489999999999995
1.1450381679389312,3.0839694656488548,-0.9770992366412213,-0.390625,0.078369140625,-0.369384765625,5.0507
0.9465648854961832,3.099236641221374,-1.0534351145038168,-0.389404296875,0.072998046875,-0.37646484375,5.0524
0.9923664122137404,3.2519083969465647,-1.0687022900763359,-0.38916015625,0.0751953125,-0.37744140625,5.0541
1.1908396946564885,3.2061068702290076,-1.0687022900763359,-0.390380859375,0.07861328125,-0.376953125,5.0558
1.1145038167938932,3.2977099236641223,-1.0687022900763359,-0.384521484375,0.071533203125,-0.3681640625,5.0575
1.3435114503816794,3.3435114503816794,-1.2671755725190839,-0.38720703125,0.072265625,-0.37255859375,5.0592
1.0381679389312977,3.312977099236641,-1.2061068702290076,-0.386474609375,0.075439453125,-0.371337890625,5.060899999999999
1.2061068702290076,3.480916030534351,-1.2061068702290076,-0.38330078125,0.076904296875,-0.387451171875,5.0626
1.3435114503816794,3.5114503816793894,-1.0229007633587786,-0.385009765625,0.078857421875,-0.371337890625,5.064299999999999
1.1908396946564885,3.3587786259541983,-1.3740458015267176,-0.381103515625,0.07275390625,-0.380126953125,5.066
0.9770992366412213,3.3893129770992365,-1.0229007633587786,-0.38818359375,0.0703125,-0.37548828125,5.067699999999999
1.1297709923664123,3.480916030534351,-1.3129770992366412,-0.3828125,0.076171875,-0.3740234375,5.0694
1.0076335877862594,3.3435114503816794,-1.297709923664122,-0.383056640625,0.07568359375,-0.3818359375,5.0710999999999995
1.0229007633587786,3.4656488549618323,-1.282442748091603,-0.383544921875,0.074462890625,-0.381591796875,5.0728
1.251908396946565,3.572519083969466,-1.1603053435114503,-0.377197265625,0.072021484375,-0.374755859375,5.0745
1.0381679389312977,3.282442748091603,-1.4351145038167938,-0.380859375,0.07470703125,-0.374755859375,5.0762
1.2213740458015268,3.404580152671756,-1.2061068702290076,-0.381103515625,0.071533203125,-0.372802734375,5.0779
1.1145038167938932,3.5267175572519083,-1.2366412213740459,-0.380859375,0.07421875,-0.378662109375,5.0796
1.1908396946564885,3.450381679389313,-1.1145038167938932,-0.388916015625,0.077880859375,-0.373779296875,5.0813
1.282442748091603,3.404580152671756,-1.3129770992366412,-0.381591796875,0.070068359375,-0.374755859375,5.082999999999999
1.0687022900763359,3.3587786259541983,-1.1755725190839694,-0.37939453125,0.07275390625,-0.376953125,5.0847
1.2671755725190839,3.5114503816793894,-1.297709923664122,-0.384521484375,0.0771484375,-0.37939453125,5.086399999999999
1.083969465648855,3.572519083969466,-1.3129770992366412,-0.38232421875,0.074462890625,-0.373779296875,5.0881
0.8854961832061069,3.435114503816794,-1.3587786259541985,-0.380615234375,0.07275390625,-0.371337890625,5.089799999999999
1.297709923664122,3.312977099236641,-1.251908396946565,-0.379638671875,0.071533203125,-0.360107421875,5.0915
1.1297709923664123,3.5419847328244276,-1.4351145038167938,-0.381103515625,0.072021484375,-0.379150390625,5.0931999999999995
1.1145038167938932,3.4198473282442747,-1.1450381679389312,-0.384765625,0.0771484375,-0.37451171875,5.0949
1.0534351145038168,3.3893129770992365,-1.282442748091603,-0.3818359375,0.070068359375,-0.374267578125,5.0966
0.9770992366412213,3.3893129770992365,-1.251908396946565,-0.381103515625,0.075439453125,-0.37255859375,5.0983
1.1297709923664123,3.4656488549618323,-1.251908396946565,-0.3857421875,0.074462890625,-0.37646484375,5.1
1.099236641221374,3.480916030534351,-1.0381679389312977,-0.382080078125,0.07275390625,-0.374267578125,5.1017
0.9923664122137404,3.4198473282442747,-1.3282442748091603,-0.383056640625,0.0751953125,-0.37548828125,5.1034
1.0687022900763359,3.3740458015267176,-1.1603053435114503,-0.38232421875,0.074951171875,-0.380126953125,5.105099999999999
1.1145038167938932,3.3740458015267176,-1.2061068702290076,-0.380859375,0.076171875,-0.374267578125,5.1068
0.9007633587786259,3.2977099236641223,-1.3282442748091603,-0.382568359375,0.072021484375,-0.375,5.108499999999999
0.9770992366412213,3.5877862595419847,-1.4198473282442747,-0.3828125,0.07421875,-0.385009765625,5.1102
1.1908396946564885,3.3893129770992365,-1.2213740458015268,-0.384521484375,0.080810546875,-0.376953125,5.1118999999999994
1.0076335877862594,3.267175572519084,-1.3282442748091603,-0.385498046875,0.071533203125,-0.36962890625,5.1136
1.0534351145038168,3.2977099236641223,-1.1450381679389312,-0.380126953125,0.07421875,-0.375,5.1152999999999995
1.099236641221374,3.1908396946564888,-1.2671755725190839,-0.37890625,0.073974609375,-0.375732421875,5.117
1.083969465648855,3.267175572519084,-1.450381679389313,-0.388916015625,0.074462890625,-0.3828125,5.1187
1.0076335877862594,3.282442748091603,-1.3282442748091603,-0.383056640625,0.072265625,-0.36669921875,5.1204
1.2671755725190839,3.1755725190839694,-1.099236641221374,-0.38623046875,0.07666015625,-0.37451171875,5.1221
1.0534351145038168,3.4198473282442747,-1.4045801526717556,-0.386474609375,0.0712890625,-0.384033203125,5.1238
1.3587786259541985,3.312977099236641,-1.3129770992366412,-0.38037109375,0.075927734375,-0.378662109375,5.1255
1.1297709923664123,3.312977099236641,-1.251908396946565,-0.382568359375,0.07470703125,-0.375244140625,5.127199999999999
0.9770992366412213,3.435114503816794,-1.2366412213740459,-0.378662109375,0.07470703125,-0.377685546875,5.1289
1.297709923664122,3.3893129770992365,-1.3587786259541985,-0.38427734375,0.073974609375,-0.37109375,5.130599999999999
1.2671755725190839,3.2519083969465647,-1.3587786259541985,-0.382080078125,0.071533203125,-0.37646484375,5.1323
1.251908396946565,3.1755725190839694,-1.3435114503816794,-0.380126953125,0.07421875,-0.374267578125,5.1339999999999995
1.1603053435114503,3.2213740458015265,-1.1145038167938932,-0.3818359375,0.072998046875,-0.37890625,5.1357
1.4198473282442747,3.2977099236641223,-1.2213740458015268,-0.3818359375,0.072021484375,-0.376953125,5.1373999999999995
1.4045801526717556,3.2977099236641223,-1.2366412213740459,-0.38134765625,0.07177734375,-0.375,5.1391
1.2671755725190839,3.3740458015267176,-1.282442748091603,-0.386962890625,0.07861328125,-0.371337890625,5.1408
1.2366412213740459,3.3435114503816794,-1.083969465648855,-0.38525390625,0.0771484375,-0.381103515625,5.1425
1.4198473282442747,3.3740458015267176,-1.1145038167938932,-0.382568359375,0.07373046875,-0.37109375,5.1442
1.450381679389313,3.3740458015267176,-1.2213740458015268,-0.3828125,0.077392578125,-0.37841796875,5.1459
1.3282442748091603,3.282442748091603,-1.2213740458015268,-0.3828125,0.0732421875,-0.379638671875,5.1476
1.4351145038167938,3.2061068702290076,-1.2671755725190839,-0.376953125,0.07470703125,-0.37451171875,5.149299999999999
1.4351145038167938,3.267175572519084,-1.2213740458015268,-0.383544921875,0.074951171875,-0.375244140625,5.151
1.450381679389313,3.2061068702290076,-1.297709923664122,-0.383056640625,0.072998046875,-0.373291015625,5.152699999999999
1.3893129770992367,3.1603053435114505,-1.251908396946565,-0.37744140625,0.0732421875,-0.380615234375,5.1544
1.618320610687023,3.0229007633587788,-1.251908396946565,-0.377685546875,0.0712890625,-0.37646484375,5.1560999999999995
1.6946564885496183,3.0076335877862594,-1.4045801526717556,-0.384033203125,0.081298828125,-0.375732421875,5.1578
1.6488549618320612,3.2519083969465647,-1.0534351145038168,-0.38525390625,0.075927734375,-0.376220703125,5.1594999999999995
1.6793893129770991,3.2977099236641223,-1.1450381679389312,-0.384521484375,0.07666015625,-0.37939453125,5.1612
1.4045801526717556,3.3282442748091605,-1.1297709923664123,-0.382080078125,0.07470703125,-0.376220703125,5.1629
1.618320610687023,3.2061068702290076,-1.282442748091603,-0.384521484375,0.074462890625,-0.37841796875,5.1646
1.8778625954198473,3.2061068702290076,-1.4045801526717556,-0.38134765625,0.07177734375,-0.378662109375,5.1663
1.5877862595419847,3.2519083969465647,-1.1755725190839694,-0.38037109375,0.0771484375,-0.380859375,5.168
1.5725190839694656,3.3893129770992365,-1.0381679389312977,-0.387939453125,0.07861328125,-0.38330078125,5.1697
1.8473282442748091,3.2213740458015265,-1.099236641221374,-0.3857421875,0.07666015625,-0.379150390625,5.171399999999999
1.7557251908396947,3.2213740458015265,-1.251908396946565,-0.383544921875,0.078369140625,-0.377685546875,5.1731
1.7557251908396947,3.1908396946564888,-1.4198473282442747,-0.38134765625,0.072021484375,-0.380126953125,5.174799999999999
1.7709923664122138,3.267175572519084,-1.3435114503816794,-0.3818359375,0.076904296875,-0.379150390625,5.1765
1.6793893129770991,3.404580152671756,-1.2671755725190839,-0.38525390625,0.071533203125,-0.375244140625,5.1781999999999995
1.816793893129771,3.282442748091603,-1.2061068702290076,-0.380859375,0.072265625,-0.375244140625,5.1799
1.9389312977099236,3.099236641221374,-1.083969465648855,-0.380126953125,0.07470703125,-0.384521484375,5.1815999999999995
1.7557251908396947,3.1908396946564888,-1.1297709923664123,-0.37939453125,0.071044921875,-0.382568359375,5.1833
1.83206106870229,3.2977099236641223,-1.1603053435114503,-0.37939453125,0.074951171875,-0.376708984375,5.185
1.786259541984733,3.1755725190839694,-1.2213740458015268,-0.381591796875,0.076416015625,-0.3818359375,5.1867
1.6793893129770991,3.2061068702290076,-1.1297709923664123,-0.38427734375,0.0732421875,-0.3779296875,5.1884
1.786259541984733,3.068702290076336,-1.1755725190839694,-0.379638671875,0.075439453125,-0.3828125,5.190099999999999
1.8931297709923665,3.1908396946564888,-1.099236641221374,-0.380615234375,0.074951171875,-0.3779296875,5.1918
1.8778625954198473,3.099236641221374,-1.1145038167938932,-0.375,0.076416015625,-0.3779296875,5.193499999999999
1.9694656488549618,2.9770992366412212,-1.2061068702290076,-0.37646484375,0.07421875,-0.383056640625,5.1952
1.816793893129771,3.0076335877862594,-1.0534351145038168,-0.37548828125,0.07275390625,-0.3701171875,5.196899999999999
1.9236641221374047,3.114503816793893,-0.9007633587786259,-0.375732421875,0.070068359375,-0.37744140625,5.1986
1.9541984732824427,3.1755725190839694,-1.1603053435114503,-0.3818359375,0.073486328125,-0.3759765625,5.2002999999999995
1.9694656488549618,2.9618320610687023,-1.0534351145038168,-0.3779296875,0.068115234375,-0.381591796875,5.202
1.816793893129771,2.8091603053435112,-1.0229007633587786,-0.38134765625,0.06982421875,-0.3759765625,5.2036999999999995
1.8015267175572518,2.8702290076335877,-0.9770992366412213,-0.377685546875,0.071533203125,-0.375244140625,5.2054
1.9236641221374047,2.8091603053435112,-1.0229007633587786,-0.382568359375,0.074951171875,-0.369873046875,5.2071
1.6793893129770991,2.7480916030534353,-0.7633587786259542,-0.38134765625,0.077392578125,-0.373291015625,5.2088
1.7251908396946565,2.595419847328244,-0.7786259541984732,-0.38427734375,0.069580078125,-0.380615234375,5.2105
1.8778625954198473,2.4732824427480917,-0.9312977099236641,-0.381591796875,0.070556640625,-0.38232421875,5.212199999999999
1.7099236641221374,2.595419847328244,-0.8549618320610687,-0.37646484375,0.06396484375,-0.377197265625,5.2139
1.8625954198473282,2.6106870229007635,-0.5648854961832062,-0.385986328125,0.07275390625,-0.390869140625,5.215599999999999
1.633587786259542,2.549618320610687,-0.8396946564885496,-0.383544921875,0.07421875,-0.388671875,5.2173
1.8473282442748091,2.4427480916030535,-0.7480916030534351,-0.385009765625,0.07373046875,-0.379638671875,5.218999999999999
1.6030534351145038,2.4732824427480917,-0.7022900763358778,-0.38134765625,0.073974609375,-0.3798828125,5.2207
1.5572519083969465,2.5343511450381677,-0.7938931297709924,-0.3837890625,0.0732421875,-0.38330078125,5.2223999999999995
1.4961832061068703,2.5801526717557253,-0.7022900763358778,-0.38671875,0.0732421875,-0.375732421875,5.2241
1.7251908396946565,2.4732824427480917,-0.7480916030534351,-0.38037109375,0.073486328125,-0.3779296875,5.2258
1.5877862595419847,2.5801526717557253,-0.8396946564885496,-0.381103515625,0.07763671875,-0.385009765625,5.2275
1.4351145038167938,2.4732824427480917,-0.7633587786259542,-0.383544921875,0.070556640625,-0.382568359375,5.2292
1.5114503816793894,2.732824427480916,-0.8702290076335878,-0.378662109375,0.06591796875,-0.380126953125,5.2309
1.4961832061068703,2.6717557251908395,-0.6106870229007634,-0.38330078125,0.07421875,-0.3828125,5.2326
1.6488549618320612,2.687022900763359,-0.7786259541984732,-0.380126953125,0.0673828125,-0.3828125,5.234299999999999
1.7099236641221374,2.7022900763358777,-0.7633587786259542,-0.380126953125,0.073974609375,-0.37109375,5.236
1.6946564885496183,2.427480916030534,-0.7786259541984732,-0.3837890625,0.071533203125,-0.382568359375,5.237699999999999
1.6946564885496183,2.5343511450381677,-0.6717557251908397,-0.379638671875,0.070556640625,-0.37841796875,5.2394
1.618320610687023,2.5801526717557253,-0.9770992366412213,-0.382568359375,0.072021484375,-0.383056640625,5.241099999999999
1.6946564885496183,2.381679389312977,-0.6870229007633588,-0.379638671875,0.07568359375,-0.385498046875,5.2428
1.297709923664122,2.3053435114503817,-0.7633587786259542,-0.376220703125,0.072509765625,-0.380126953125,5.2444999999999995
1.4809160305343512,2.2290076335877864,-0.6259541984732825,-0.38232421875,0.06982421875,-0.3818359375,5.2462
1.4351145038167938,2.2442748091603053,-0.6106870229007634,-0.380126953125,0.0693359375,-0.373779296875,5.2479
1.5114503816793894,2.183206106870229,-0.7633587786259542,-0.37353515625,0.067138671875,-0.37255859375,5.2496
1.465648854961832,2.213740458015267,-0.732824427480916,-0.374267578125,0.068359375,-0.37158203125,5.2513
1.3587786259541985,2.2900763358778624,-0.3969465648854962,-0.376953125,0.068115234375,-0.375,5.253
1.2366412213740459,2.2595419847328246,-0.6106870229007634,-0.37646484375,0.064453125,-0.37158203125,5.2547
1.2213740458015268,2.122137404580153,-0.5190839694656488,-0.3759765625,0.069580078125,-0.37060546875,5.256399999999999
1.1908396946564885,2.1374045801526718,-0.7175572519083969,-0.382080078125,0.0751953125,-0.37646484375,5.2581
1.1755725190839694,2.0916030534351147,-0.3816793893129771,-0.376220703125,0.0703125,-0.388916015625,5.259799999999999
0.916030534351145,2.1068702290076335,-0.4732824427480916,-0.38671875,0.068115234375,-0.384765625,5.2615
1.0687022900763359,1.984732824427481,-0.4122137404580153,-0.38134765625,0.07177734375,-0.381591796875,5.263199999999999
1.0229007633587786,1.8931297709923665,-0.5343511450381679,-0.37451171875,0.07763671875,-0.3779296875,5.2649
0.9312977099236641,1.8931297709923665,-0.5954198473282443,-0.381591796875,0.071533203125,-0.3759765625,5.2665999999999995
0.8549618320610687,1.9389312977099236,-0.7633587786259542,-0.37646484375,0.0712890625,-0.3798828125,5.2683
0.9923664122137404,2.045801526717557,-0.7022900763358778,-0.37939453125,0.07275390625,-0.377197265625,5.27
1.1145038167938932,1.8473282442748091,-0.7480916030534351,-0.380615234375,0.0703125,-0.375732421875,5.2717
1.0534351145038168,1.8931297709923665,-0.7175572519083969,-0.37890625,0.071044921875,-0.379150390625,5.2734
0.7786259541984732,2.1374045801526718,-0.8702290076335878,-0.38623046875,0.0732421875,-0.373291015625,5.2751
1.0229007633587786,2.122137404580153,-0.6870229007633588,-0.3916015625,0.07421875,-0.3857421875,5.2768
0.9770992366412213,1.9694656488549618,-0.7938931297709924,-0.381591796875,0.070556640625,-0.381103515625,5.278499999999999
1.1145038167938932,2.0916030534351147,-0.7175572519083969,-0.38134765625,0.072265625,-0.384033203125,5.2802
0.9007633587786259,2.1526717557251906,-0.916030534351145,-0.381103515625,0.0703125,-0.376220703125,5.281899999999999
0.732824427480916,1.9389312977099236,-0.7633587786259542,-0.386474609375,0.076904296875,-0.382080078125,5.2836
0.9923664122137404,2.16793893129771,-0.9618320610687023,-0.385498046875,0.07373046875,-0.373046875,5.285299999999999
0.8702290076335878,2.3206106870229006,-0.7633587786259542,-0.387451171875,0.06591796875,-0.37939453125,5.287
0.7938931297709924,2.198473282442748,-0.8702290076335878,-0.37939453125,0.075439453125,-0.37890625,5.2886999999999995
0.6412213740458015,2.3206106870229006,-0.8244274809160306,-0.381103515625,0.07666015625,-0.383544921875,5.2904
0.9618320610687023,2.2595419847328246,-1.0534351145038168,-0.383056640625,0.0703125,-0.372802734375,5.2921
0.8244274809160306,2.16793893129771,-1.1297709923664123,-0.382568359375,0.075439453125,-0.3759765625,5.2938
1.0229007633587786,2.2442748091603053,-1.1755725190839694,-0.38134765625,0.0703125,-0.378173828125,5.2955
0.7786259541984732,2.198473282442748,-1.0534351145038168,-0.38037109375,0.07421875,-0.382080078125,5.2972
1.083969465648855,2.2900763358778624,-1.2213740458015268,-0.378662109375,0.076416015625,-0.373779296875,5.2989
1.0076335877862594,2.16793893129771,-1.2671755725190839,-0.375244140625,0.074951171875,-0.380126953125,5.300599999999999
0.9312977099236641,2.198473282442748,-1.297709923664122,-0.37841796875,0.072998046875,-0.37841796875,5.3023
1.1908396946564885,2.015267175572519,-1.3893129770992367,-0.3798828125,0.066650390625,-0.380126953125,5.303999999999999
1.1908396946564885,1.9083969465648856,-1.5877862595419847,-0.383544921875,0.07275390625,-0.38037109375,5.3057
1.1603053435114503,1.9083969465648856,-1.5725190839694656,-0.383056640625,0.072265625,-0.380615234375,5.3073999999999995
1.2213740458015268,1.7557251908396947,-1.6793893129770991,-0.38232421875,0.073486328125,-0.37548828125,5.3091
1.2213740458015268,1.9236641221374047,-1.7404580152671756,-0.38134765625,0.07177734375,-0.378662109375,5.3107999999999995
1.5419847328244274,1.8015267175572518,-1.8473282442748091,-0.378173828125,0.072998046875,-0.385986328125,5.3125
1.3435114503816794,1.6793893129770991,-1.7557251908396947,-0.375,0.077880859375,-0.3828125,5.3142
1.2671755725190839,1.6488549618320612,-1.9083969465648856,-0.38427734375,0.0751953125,-0.374267578125,5.3159
1.3129770992366412,1.5267175572519085,-1.83206106870229,-0.380615234375,0.07666015625,-0.38232421875,5.3176
1.3282442748091603,1.3893129770992367,-1.83206106870229,-0.38134765625,0.071044921875,-0.385498046875,5.3193
0.9618320610687023,1.4198473282442747,-1.618320610687023,-0.38037109375,0.075927734375,-0.371826171875,5.321
1.251908396946565,1.5114503816793894,-1.6946564885496183,-0.38232421875,0.07275390625,-0.375,5.322699999999999
1.3740458015267176,1.5114503816793894,-1.7557251908396947,-0.3828125,0.0712890625,-0.3779296875,5.3244
1.2213740458015268,1.2671755725190839,-1.816793893129771,-0.38330078125,0.071533203125,-0.38427734375,5.326099999999999
1.0687022900763359,1.1450381679389312,-1.8625954198473282,-0.37939453125,0.07861328125,-0.3720703125,5.3278
1.0687022900763359,1.0687022900763359,-1.7404580152671756,-0.381591796875,0.070068359375,-0.374755859375,5.3294999999999995
1.0229007633587786,1.2671755725190839,-1.6488549618320612,-0.3798828125,0.072021484375,-0.373779296875,5.3312
1.0687022900763359,0.9770992366412213,-1.786259541984733,-0.3798828125,0.071533203125,-0.38037109375,5.3328999999999995
1.0534351145038168,0.9923664122137404,-1.7709923664122138,-0.37646484375,0.069091796875,-0.37646484375,5.3346
1.099236641221374,0.9770992366412213,-1.8015267175572518,-0.37939453125,0.071533203125,-0.382568359375,5.3363
0.9007633587786259,0.9007633587786259,-1.6793893129770991,-0.38232421875,0.068603515625,-0.381591796875,5.338
0.8549618320610687,0.8854961832061069,-1.6793893129770991,-0.375732421875,0.070068359375,-0.37451171875,5.3397
0.7175572519083969,1.0076335877862594,-1.816793893129771,-0.380859375,0.07373046875,-0.369384765625,5.341399999999999
0.7480916030534351,0.9465648854961832,-1.786259541984733,-0.384765625,0.070556640625,-0.3837890625,5.3431
0.8396946564885496,0.8244274809160306,-1.618320610687023,-0.3828125,0.070556640625,-0.3837890625,5.344799999999999
