gyrox1,gyroy1,gyroz1,accelx1,accely1,accelz1,Time
0.6259541984732825,2.015267175572519,0.22900763358778625,-0.467041015625,-0.016357421875,-0.1083984375,0.0
0.6259541984732825,2.0,0.0916030534351145,-0.46923828125,-0.011962890625,-0.104736328125,0.0017
0.6564885496183206,2.1374045801526718,0.015267175572519083,-0.467041015625,-0.009765625,-0.111083984375,0.0034
0.6106870229007634,1.9389312977099236,-0.07633587786259542,-0.468017578125,-0.011962890625,-0.107421875,0.0050999999999999995
0.8396946564885496,1.8625954198473282,0.061068702290076333,-0.466064453125,-0.009765625,-0.098388671875,0.0068
0.9618320610687023,1.8473282442748091,0.0,-0.46875,-0.00927734375,-0.10791015625,0.008499999999999999
0.6717557251908397,1.8625954198473282,0.015267175572519083,-0.471923828125,-0.00927734375,-0.096435546875,0.010199999999999999
0.8549618320610687,2.122137404580153,0.07633587786259542,-0.470458984375,-0.012451171875,-0.093994140625,0.011899999999999999
1.0076335877862594,1.9083969465648856,0.04580152671755725,-0.46923828125,-0.012939453125,-0.10546875,0.0136
0.9923664122137404,1.8625954198473282,-0.061068702290076333,-0.470458984375,-0.0107421875,-0.104248046875,0.0153
0.916030534351145,1.83206106870229,0.15267175572519084,-0.468994140625,-0.013916015625,-0.099365234375,0.016999999999999998
1.0534351145038168,1.8778625954198473,0.04580152671755725,-0.4716796875,-0.010498046875,-0.10693359375,0.018699999999999998
0.8702290076335878,2.0916030534351147,0.015267175572519083,-0.475341796875,-0.005859375,-0.1015625,0.020399999999999998
0.9770992366412213,1.984732824427481,-0.13740458015267176,-0.470458984375,-0.0107421875,-0.105224609375,0.022099999999999998
1.1450381679389312,2.3053435114503817,-0.04580152671755725,-0.473388671875,-0.0126953125,-0.110107421875,0.023799999999999998
1.282442748091603,2.16793893129771,-0.42748091603053434,-0.4716796875,-0.009765625,-0.098388671875,0.0255
1.297709923664122,2.1374045801526718,-0.4580152671755725,-0.474853515625,-0.008544921875,-0.105224609375,0.0272
1.4351145038167938,2.183206106870229,-0.44274809160305345,-0.46875,-0.009765625,-0.1083984375,0.0289
1.3740458015267176,2.3969465648854964,-0.3816793893129771,-0.47216796875,-0.010986328125,-0.109130859375,0.0306
1.3587786259541985,2.427480916030534,-0.5343511450381679,-0.464599609375,-0.003173828125,-0.103271484375,0.032299999999999995
1.5572519083969465,2.4122137404580153,-0.6106870229007634,-0.46826171875,-0.00732421875,-0.10009765625,0.033999999999999996
1.6946564885496183,2.5801526717557253,-0.7938931297709924,-0.47314453125,-0.009521484375,-0.105712890625,0.035699999999999996
1.633587786259542,2.549618320610687,-0.5648854961832062,-0.4677734375,-0.011962890625,-0.1064453125,0.037399999999999996
1.5725190839694656,2.6106870229007635,-0.6259541984732825,-0.472412109375,-0.012939453125,-0.1083984375,0.039099999999999996
1.4961832061068703,2.6259541984732824,-0.732824427480916,-0.46826171875,-0.0107421875,-0.099365234375,0.040799999999999996
1.7099236641221374,2.549618320610687,-0.7480916030534351,-0.466064453125,-0.008544921875,-0.10009765625,0.042499999999999996
1.984732824427481,2.564885496183206,-0.6870229007633588,-0.468017578125,-0.00830078125,-0.09765625,0.044199999999999996
1.9389312977099236,2.8396946564885495,-0.7022900763358778,-0.468994140625,-0.010498046875,-0.099609375,0.045899999999999996
1.7709923664122138,2.8244274809160306,-0.8396946564885496,-0.464599609375,-0.008056640625,-0.107177734375,0.047599999999999996
1.8778625954198473,2.5801526717557253,-0.9465648854961832,-0.461669921875,-0.013671875,-0.1015625,0.0493
1.7709923664122138,2.7480916030534353,-1.1297709923664123,-0.465576171875,-0.012939453125,-0.104248046875,0.051
1.7404580152671756,2.8091603053435112,-1.083969465648855,-0.46630859375,-0.0107421875,-0.1044921875,0.0527
2.0610687022900764,2.8091603053435112,-1.1603053435114503,-0.466552734375,-0.00927734375,-0.105712890625,0.0544
2.213740458015267,2.6106870229007635,-1.3129770992366412,-0.463623046875,-0.00634765625,-0.097900390625,0.0561
2.2595419847328246,2.7938931297709924,-1.282442748091603,-0.46435546875,-0.012451171875,-0.1025390625,0.0578
2.33587786259542,2.8244274809160306,-1.2671755725190839,-0.463623046875,-0.0126953125,-0.1044921875,0.0595
2.0763358778625953,2.717557251908397,-1.2213740458015268,-0.46630859375,-0.01123046875,-0.103515625,0.0612
2.50381679389313,2.595419847328244,-1.4198473282442747,-0.46728515625,-0.00927734375,-0.10693359375,0.0629
2.3206106870229006,2.8244274809160306,-1.4809160305343512,-0.468505859375,-0.011962890625,-0.102294921875,0.06459999999999999
2.1068702290076335,2.9618320610687023,-1.5114503816793894,-0.465087890625,-0.010986328125,-0.10888671875,0.0663
2.3206106870229006,2.687022900763359,-1.4809160305343512,-0.46337890625,-0.009033203125,-0.09765625,0.06799999999999999
2.4427480916030535,2.6259541984732824,-1.4198473282442747,-0.46630859375,-0.009765625,-0.103271484375,0.0697
2.4122137404580153,2.6717557251908395,-1.3129770992366412,-0.46728515625,-0.0126953125,-0.112548828125,0.07139999999999999
2.015267175572519,2.8244274809160306,-1.5267175572519085,-0.470703125,-0.01708984375,-0.11181640625,0.0731
2.427480916030534,2.6564885496183206,-1.6488549618320612,-0.4619140625,-0.0146484375,-0.1015625,0.07479999999999999
2.5343511450381677,2.7480916030534353,-1.465648854961832,-0.461669921875,-0.01416015625,-0.103271484375,0.0765
2.4580152671755724,2.8091603053435112,-1.6030534351145038,-0.466064453125,-0.011962890625,-0.109375,0.07819999999999999
2.4122137404580153,2.7022900763358777,-1.3282442748091603,-0.4677734375,-0.01416015625,-0.107177734375,0.0799
2.4122137404580153,2.6412213740458017,-1.450381679389313,-0.46142578125,-0.010986328125,-0.11181640625,0.08159999999999999
2.763358778625954,2.549618320610687,-1.4809160305343512,-0.46240234375,-0.009033203125,-0.10546875,0.0833
2.381679389312977,2.717557251908397,-1.5267175572519085,-0.4677734375,-0.010009765625,-0.107666015625,0.08499999999999999
2.3969465648854964,2.4580152671755724,-1.4045801526717556,-0.458740234375,-0.01416015625,-0.111572265625,0.0867
2.366412213740458,2.6259541984732824,-1.5114503816793894,-0.4677734375,-0.016845703125,-0.107421875,0.08839999999999999
2.4580152671755724,2.4885496183206106,-1.4198473282442747,-0.469970703125,-0.011474609375,-0.111328125,0.0901
2.6106870229007635,2.381679389312977,-1.6030534351145038,-0.467529296875,-0.012451171875,-0.115478515625,0.09179999999999999
2.3053435114503817,2.366412213740458,-1.5877862595419847,-0.460205078125,-0.010498046875,-0.103271484375,0.0935
2.2900763358778624,2.2290076335877864,-1.5572519083969465,-0.462890625,-0.01220703125,-0.10107421875,0.09519999999999999
2.33587786259542,2.183206106870229,-1.7709923664122138,-0.464111328125,-0.0185546875,-0.1142578125,0.0969
2.4732824427480917,2.3053435114503817,-1.7099236641221374,-0.46630859375,-0.015380859375,-0.10302734375,0.0986
2.3206106870229006,2.2595419847328246,-1.4809160305343512,-0.462890625,-0.01171875,-0.10107421875,0.1003
1.83206106870229,2.1526717557251906,-1.7099236641221374,-0.46337890625,-0.010009765625,-0.112548828125,0.102
2.5343511450381677,1.9541984732824427,-1.5725190839694656,-0.4580078125,-0.016357421875,-0.101318359375,0.1037
2.4885496183206106,1.8931297709923665,-1.5419847328244274,-0.466064453125,-0.010498046875,-0.10791015625,0.1054
2.519083969465649,2.0763358778625953,-1.5572519083969465,-0.46337890625,-0.0107421875,-0.118896484375,0.1071
2.351145038167939,1.816793893129771,-1.5725190839694656,-0.4619140625,-0.011962890625,-0.105224609375,0.1088
2.33587786259542,1.6946564885496183,-1.4961832061068703,-0.46240234375,-0.015380859375,-0.1064453125,0.11049999999999999
2.213740458015267,1.7251908396946565,-1.633587786259542,-0.463623046875,-0.0087890625,-0.106689453125,0.1122
2.198473282442748,1.4809160305343512,-1.618320610687023,-0.467041015625,-0.0146484375,-0.10400390625,0.11389999999999999
2.198473282442748,1.4351145038167938,-1.5572519083969465,-0.46337890625,-0.017578125,-0.11181640625,0.1156
2.198473282442748,1.5419847328244274,-1.450381679389313,-0.466064453125,-0.012939453125,-0.11083984375,0.11729999999999999
2.2595419847328246,1.297709923664122,-1.5419847328244274,-0.4638671875,-0.0146484375,-0.103515625,0.119
2.381679389312977,1.5114503816793894,-1.4809160305343512,-0.46142578125,-0.013671875,-0.103759765625,0.12069999999999999
2.3053435114503817,1.450381679389313,-1.618320610687023,-0.461181640625,-0.010498046875,-0.09814453125,0.1224
2.4122137404580153,1.3587786259541985,-1.5725190839694656,-0.4599609375,-0.01123046875,-0.107421875,0.12409999999999999
2.351145038167939,1.3587786259541985,-1.7557251908396947,-0.466064453125,-0.013671875,-0.10498046875,0.1258
2.3053435114503817,1.297709923664122,-1.5572519083969465,-0.460693359375,-0.0078125,-0.118896484375,0.1275
2.2290076335877864,0.9312977099236641,-1.6793893129770991,-0.460693359375,-0.009765625,-0.10791015625,0.12919999999999998
2.351145038167939,1.1908396946564885,-1.816793893129771,-0.464599609375,-0.0146484375,-0.11279296875,0.1309
2.2748091603053435,1.0381679389312977,-1.816793893129771,-0.46630859375,-0.015869140625,-0.109375,0.1326
2.381679389312977,1.0534351145038168,-1.8015267175572518,-0.456298828125,-0.012939453125,-0.109130859375,0.1343
2.33587786259542,0.8091603053435115,-1.9236641221374047,-0.460205078125,-0.009033203125,-0.110595703125,0.13599999999999998
2.16793893129771,0.916030534351145,-1.7557251908396947,-0.4619140625,-0.01416015625,-0.1044921875,0.1377
2.198473282442748,0.7175572519083969,-2.0763358778625953,-0.466064453125,-0.010009765625,-0.104248046875,0.1394
2.351145038167939,0.7633587786259542,-1.9236641221374047,-0.462158203125,-0.0107421875,-0.10693359375,0.1411
2.3969465648854964,0.6717557251908397,-2.045801526717557,-0.464111328125,-0.01513671875,-0.106689453125,0.14279999999999998
2.381679389312977,0.7175572519083969,-1.9694656488549618,-0.4638671875,-0.009765625,-0.109130859375,0.1445
2.213740458015267,0.7175572519083969,-1.9694656488549618,-0.467529296875,-0.01416015625,-0.1103515625,0.1462
2.2290076335877864,0.7175572519083969,-1.984732824427481,-0.46240234375,-0.015380859375,-0.107666015625,0.1479
2.1374045801526718,0.8244274809160306,-2.16793893129771,-0.4619140625,-0.017333984375,-0.11083984375,0.14959999999999998
2.0916030534351147,0.7175572519083969,-1.8931297709923665,-0.467529296875,-0.01416015625,-0.111083984375,0.1513
2.351145038167939,0.7938931297709924,-2.015267175572519,-0.469970703125,-0.014404296875,-0.110595703125,0.153
2.351145038167939,0.8091603053435115,-2.045801526717557,-0.4658203125,-0.014404296875,-0.110595703125,0.1547
2.198473282442748,0.7633587786259542,-2.015267175572519,-0.46728515625,-0.017333984375,-0.1103515625,0.15639999999999998
2.33587786259542,0.9312977099236641,-1.9541984732824427,-0.467529296875,-0.015625,-0.115478515625,0.1581
1.8778625954198473,0.9770992366412213,-1.7404580152671756,-0.461181640625,-0.014404296875,-0.116455078125,0.1598
2.030534351145038,0.9770992366412213,-1.7709923664122138,-0.46484375,-0.015869140625,-0.10400390625,0.1615
2.1068702290076335,1.1908396946564885,-1.786259541984733,-0.466552734375,-0.0166015625,-0.10009765625,0.16319999999999998
1.9694656488549618,1.282442748091603,-1.5725190839694656,-0.463623046875,-0.016845703125,-0.1103515625,0.1649
1.816793893129771,1.2061068702290076,-1.7251908396946565,-0.467041015625,-0.011962890625,-0.102783203125,0.1666
1.8015267175572518,1.251908396946565,-1.6030534351145038,-0.467041015625,-0.0087890625,-0.108642578125,0.16829999999999998
1.9694656488549618,1.1755725190839694,-1.7404580152671756,-0.46533203125,-0.010498046875,-0.10791015625,0.16999999999999998
1.8931297709923665,1.3587786259541985,-1.5877862595419847,-0.46630859375,-0.018310546875,-0.09765625,0.1717
1.8931297709923665,1.3435114503816794,-1.6030534351145038,-0.46728515625,-0.015380859375,-0.10595703125,0.1734
1.8473282442748091,1.083969465648855,-1.6488549618320612,-0.468017578125,-0.015380859375,-0.112548828125,0.17509999999999998
1.9236641221374047,1.1755725190839694,-1.7709923664122138,-0.46728515625,-0.01416015625,-0.1083984375,0.17679999999999998
1.8778625954198473,1.1603053435114503,-1.7557251908396947,-0.466064453125,-0.017578125,-0.10595703125,0.1785
1.7099236641221374,1.099236641221374,-1.7099236641221374,-0.4619140625,-0.015625,-0.1064453125,0.1802
1.7404580152671756,1.099236641221374,-1.8778625954198473,-0.46630859375,-0.012451171875,-0.115478515625,0.18189999999999998
1.5267175572519085,1.2366412213740459,-1.8778625954198473,-0.46484375,-0.013916015625,-0.11181640625,0.18359999999999999
1.633587786259542,1.1755725190839694,-1.8625954198473282,-0.466552734375,-0.01416015625,-0.12158203125,0.1853
1.7557251908396947,1.2366412213740459,-1.7557251908396947,-0.466796875,-0.01904296875,-0.11376953125,0.187
1.3740458015267176,1.5572519083969465,-1.6793893129770991,-0.47119140625,-0.016845703125,-0.111572265625,0.18869999999999998
1.3587786259541985,1.5114503816793894,-1.816793893129771,-0.467529296875,-0.01318359375,-0.10595703125,0.19039999999999999
1.5877862595419847,1.3435114503816794,-1.6793893129770991,-0.467529296875,-0.02001953125,-0.110595703125,0.1921
1.4351145038167938,1.2671755725190839,-1.618320610687023,-0.462646484375,-0.012451171875,-0.1015625,0.1938
1.3893129770992367,1.1755725190839694,-1.6946564885496183,-0.46484375,-0.019775390625,-0.111572265625,0.19549999999999998
1.4809160305343512,1.4198473282442747,-1.83206106870229,-0.466552734375,-0.02001953125,-0.107421875,0.1972
1.251908396946565,1.5267175572519085,-1.7099236641221374,-0.465087890625,-0.016357421875,-0.109130859375,0.1989
1.2061068702290076,1.5114503816793894,-1.633587786259542,-0.468017578125,-0.018798828125,-0.10693359375,0.2006
1.2671755725190839,1.4809160305343512,-1.618320610687023,-0.465576171875,-0.0244140625,-0.11572265625,0.20229999999999998
1.4045801526717556,1.450381679389313,-1.4351145038167938,-0.466796875,-0.015380859375,-0.108154296875,0.204
1.2366412213740459,1.450381679389313,-1.4961832061068703,-0.465087890625,-0.0146484375,-0.112060546875,0.2057
1.282442748091603,1.7404580152671756,-1.465648854961832,-0.462890625,-0.0146484375,-0.106689453125,0.2074
1.1908396946564885,1.5267175572519085,-1.2671755725190839,-0.46923828125,-0.0166015625,-0.106689453125,0.20909999999999998
1.0076335877862594,1.6946564885496183,-1.2366412213740459,-0.4638671875,-0.017333984375,-0.107177734375,0.2108
0.9618320610687023,1.7404580152671756,-1.1297709923664123,-0.46875,-0.01904296875,-0.10791015625,0.2125
1.1450381679389312,1.6641221374045803,-1.1145038167938932,-0.462890625,-0.019287109375,-0.107421875,0.2142
1.1145038167938932,1.6488549618320612,-1.1450381679389312,-0.4677734375,-0.018310546875,-0.10498046875,0.21589999999999998
0.9923664122137404,1.8015267175572518,-0.9312977099236641,-0.467529296875,-0.0146484375,-0.10595703125,0.2176
0.9923664122137404,1.9389312977099236,-1.099236641221374,-0.463623046875,-0.0185546875,-0.121826171875,0.2193
1.099236641221374,1.8778625954198473,-0.7633587786259542,-0.470458984375,-0.016845703125,-0.105224609375,0.22099999999999997
1.1450381679389312,1.816793893129771,-0.8549618320610687,-0.469970703125,-0.017333984375,-0.1083984375,0.22269999999999998
0.8549618320610687,1.7557251908396947,-1.3129770992366412,-0.47021484375,-0.01611328125,-0.11669921875,0.2244
1.083969465648855,1.6030534351145038,-1.0687022900763359,-0.4677734375,-0.01220703125,-0.1142578125,0.2261
1.1297709923664123,1.7251908396946565,-1.1297709923664123,-0.465087890625,-0.011962890625,-0.10107421875,0.22779999999999997
0.8854961832061069,1.6946564885496183,-1.1450381679389312,-0.466796875,-0.013671875,-0.103515625,0.22949999999999998
1.099236641221374,1.5419847328244274,-1.1755725190839694,-0.4677734375,-0.011474609375,-0.10888671875,0.2312
0.8702290076335878,1.7099236641221374,-1.0381679389312977,-0.467529296875,-0.012939453125,-0.10205078125,0.2329
0.916030534351145,1.8473282442748091,-1.1603053435114503,-0.470703125,-0.01220703125,-0.10498046875,0.23459999999999998
0.916030534351145,1.618320610687023,-1.1603053435114503,-0.473388671875,-0.010498046875,-0.10205078125,0.23629999999999998
1.0229007633587786,1.816793893129771,-1.3129770992366412,-0.466064453125,-0.0107421875,-0.1103515625,0.238
1.099236641221374,1.8778625954198473,-1.3129770992366412,-0.46630859375,-0.0087890625,-0.108154296875,0.2397
0.7480916030534351,1.9694656488549618,-1.3587786259541985,-0.46435546875,-0.011962890625,-0.11328125,0.24139999999999998
1.0076335877862594,1.9389312977099236,-1.3282442748091603,-0.46240234375,-0.010498046875,-0.0986328125,0.24309999999999998
1.083969465648855,2.045801526717557,-1.3435114503816794,-0.469482421875,-0.009765625,-0.109130859375,0.2448
1.099236641221374,1.8931297709923665,-1.4961832061068703,-0.46533203125,-0.01171875,-0.107421875,0.2465
1.0687022900763359,1.7099236641221374,-1.5114503816793894,-0.467041015625,-0.01513671875,-0.10400390625,0.24819999999999998
1.2366412213740459,2.0763358778625953,-1.6946564885496183,-0.466064453125,-0.01220703125,-0.1123046875,0.24989999999999998
1.1450381679389312,1.7709923664122138,-1.816793893129771,-0.4619140625,-0.017822265625,-0.107666015625,0.2516
1.1145038167938932,1.83206106870229,-1.7557251908396947,-0.46484375,-0.014404296875,-0.106201171875,0.25329999999999997
1.1450381679389312,1.7099236641221374,-1.6488549618320612,-0.46875,-0.010009765625,-0.111328125,0.255
1.3282442748091603,1.6946564885496183,-1.8473282442748091,-0.46533203125,-0.011474609375,-0.115234375,0.2567
1.2366412213740459,1.5572519083969465,-1.9236641221374047,-0.4619140625,-0.012939453125,-0.1025390625,0.25839999999999996
1.2061068702290076,1.3893129770992367,-1.9541984732824427,-0.46240234375,-0.013427734375,-0.116943359375,0.2601
1.0687022900763359,1.3587786259541985,-1.984732824427481,-0.461669921875,-0.01416015625,-0.111572265625,0.2618
1.282442748091603,1.1603053435114503,-1.8931297709923665,-0.462890625,-0.0185546875,-0.110107421875,0.2635
1.1755725190839694,1.0076335877862594,-1.984732824427481,-0.46435546875,-0.010986328125,-0.102783203125,0.2652
1.0076335877862594,0.9923664122137404,-1.8625954198473282,-0.464599609375,-0.013671875,-0.115234375,0.26689999999999997
1.4045801526717556,0.9923664122137404,-2.2748091603053435,-0.467041015625,-0.013916015625,-0.11181640625,0.2686
1.5572519083969465,0.8702290076335878,-2.1526717557251906,-0.46875,-0.01220703125,-0.11181640625,0.2703
1.251908396946565,0.7022900763358778,-2.198473282442748,-0.468017578125,-0.013916015625,-0.110595703125,0.27199999999999996
1.3435114503816794,0.7633587786259542,-2.183206106870229,-0.469482421875,-0.013671875,-0.11083984375,0.2737
1.3282442748091603,0.44274809160305345,-2.2748091603053435,-0.4658203125,-0.0078125,-0.099853515625,0.2754
1.4198473282442747,0.5954198473282443,-2.122137404580153,-0.464599609375,-0.017822265625,-0.10693359375,0.27709999999999996
1.4198473282442747,0.8091603053435115,-2.122137404580153,-0.4658203125,-0.015380859375,-0.105224609375,0.2788
1.2671755725190839,0.7022900763358778,-2.2748091603053435,-0.46923828125,-0.01513671875,-0.103271484375,0.28049999999999997
1.1908396946564885,0.7633587786259542,-2.0763358778625953,-0.469970703125,-0.012451171875,-0.110107421875,0.2822
1.0381679389312977,1.0534351145038168,-2.183206106870229,-0.464599609375,-0.02001953125,-0.111083984375,0.2839
1.1450381679389312,1.0534351145038168,-1.984732824427481,-0.462890625,-0.02001953125,-0.10888671875,0.28559999999999997
1.1755725190839694,1.083969465648855,-2.030534351145038,-0.466552734375,-0.017578125,-0.109130859375,0.2873
1.0076335877862594,0.9770992366412213,-2.2595419847328246,-0.46630859375,-0.013427734375,-0.106201171875,0.289
0.9465648854961832,0.9007633587786259,-2.183206106870229,-0.4716796875,-0.02197265625,-0.110595703125,0.29069999999999996
0.8244274809160306,1.0381679389312977,-2.0610687022900764,-0.46533203125,-0.016357421875,-0.105224609375,0.2924
0.9465648854961832,0.9465648854961832,-1.984732824427481,-0.4677734375,-0.017578125,-0.10400390625,0.2941
0.9007633587786259,0.8702290076335878,-2.183206106870229,-0.467529296875,-0.013671875,-0.107421875,0.2958
0.9618320610687023,0.9618320610687023,-2.1374045801526718,-0.46826171875,-0.017822265625,-0.104248046875,0.2975
0.9618320610687023,0.7022900763358778,-1.83206106870229,-0.464599609375,-0.01806640625,-0.108154296875,0.29919999999999997
0.8549618320610687,0.8854961832061069,-1.8931297709923665,-0.464599609375,-0.0166015625,-0.103271484375,0.3009
0.7633587786259542,0.6106870229007634,-1.8931297709923665,-0.46630859375,-0.013916015625,-0.11181640625,0.3026
0.5190839694656488,0.5343511450381679,-2.015267175572519,-0.46484375,-0.021240234375,-0.1005859375,0.30429999999999996
0.5190839694656488,0.8244274809160306,-2.0,-0.46240234375,-0.023193359375,-0.116943359375,0.306
0.7022900763358778,0.6259541984732825,-2.198473282442748,-0.46728515625,-0.014892578125,-0.1103515625,0.3077
0.6412213740458015,0.7022900763358778,-2.030534351145038,-0.47119140625,-0.015869140625,-0.116943359375,0.3094
0.48854961832061067,1.0076335877862594,-1.7709923664122138,-0.46630859375,-0.01904296875,-0.107666015625,0.3111
0.5190839694656488,0.8396946564885496,-1.984732824427481,-0.46826171875,-0.015869140625,-0.113037109375,0.31279999999999997
0.7480916030534351,0.8396946564885496,-1.9541984732824427,-0.4619140625,-0.013671875,-0.103271484375,0.3145
0.4580152671755725,0.9312977099236641,-1.816793893129771,-0.464599609375,-0.015869140625,-0.10986328125,0.3162
0.33587786259541985,1.1603053435114503,-1.984732824427481,-0.46484375,-0.01806640625,-0.1123046875,0.31789999999999996
0.4122137404580153,1.0534351145038168,-1.8625954198473282,-0.466796875,-0.01904296875,-0.11083984375,0.3196
0.32061068702290074,0.8091603053435115,-2.0610687022900764,-0.465576171875,-0.017333984375,-0.1083984375,0.3213
0.48854961832061067,0.732824427480916,-1.7251908396946565,-0.46435546875,-0.01806640625,-0.11865234375,0.323
0.4580152671755725,0.6717557251908397,-1.816793893129771,-0.472900390625,-0.01318359375,-0.11376953125,0.3247
0.44274809160305345,0.8549618320610687,-1.9236641221374047,-0.46923828125,-0.016357421875,-0.096435546875,0.32639999999999997
0.2748091603053435,0.7938931297709924,-2.1374045801526718,-0.46142578125,-0.016845703125,-0.10546875,0.3281
0.24427480916030533,0.7786259541984732,-1.984732824427481,-0.470458984375,-0.013916015625,-0.105712890625,0.3298
0.42748091603053434,0.6870229007633588,-1.9694656488549618,-0.46923828125,-0.0166015625,-0.106689453125,0.33149999999999996
0.33587786259541985,0.6564885496183206,-2.015267175572519,-0.4677734375,-0.016845703125,-0.1142578125,0.3332
0.24427480916030533,0.7480916030534351,-2.213740458015267,-0.468994140625,-0.015380859375,-0.104736328125,0.3349
0.3511450381679389,0.8396946564885496,-2.030534351145038,-0.47021484375,-0.01708984375,-0.107421875,0.33659999999999995
0.2595419847328244,0.9618320610687023,-2.213740458015267,-0.471435546875,-0.02001953125,-0.10205078125,0.3383
0.1984732824427481,0.9007633587786259,-2.366412213740458,-0.468017578125,-0.009033203125,-0.100830078125,0.33999999999999997
0.5343511450381679,0.9007633587786259,-2.366412213740458,-0.468994140625,-0.016845703125,-0.1005859375,0.3417
0.2748091603053435,1.1450381679389312,-2.0916030534351147,-0.46923828125,-0.010009765625,-0.096923828125,0.3434
0.42748091603053434,0.9007633587786259,-2.2442748091603053,-0.470703125,-0.0146484375,-0.1142578125,0.34509999999999996
0.1984732824427481,1.083969465648855,-2.3969465648854964,-0.470947265625,-0.015625,-0.106689453125,0.3468
0.32061068702290074,1.1908396946564885,-2.427480916030534,-0.46728515625,-0.012939453125,-0.0947265625,0.3485
0.366412213740458,0.916030534351145,-2.1068702290076335,-0.466552734375,-0.020751953125,-0.096923828125,0.35019999999999996
0.183206106870229,1.1755725190839694,-2.16793893129771,-0.46826171875,-0.01416015625,-0.09912109375,0.3519
0.07633587786259542,1.251908396946565,-2.16793893129771,-0.469970703125,-0.01513671875,-0.103759765625,0.35359999999999997
0.04580152671755725,1.3587786259541985,-2.015267175572519,-0.47265625,-0.0146484375,-0.10302734375,0.3553
0.15267175572519084,1.3435114503816794,-1.7251908396946565,-0.473388671875,-0.021240234375,-0.1064453125,0.357
0.3053435114503817,1.4809160305343512,-2.198473282442748,-0.469970703125,-0.015869140625,-0.10400390625,0.35869999999999996
0.04580152671755725,1.633587786259542,-1.8778625954198473,-0.47412109375,-0.01953125,-0.094970703125,0.3604
0.04580152671755725,1.618320610687023,-1.7709923664122138,-0.468994140625,-0.020263671875,-0.10205078125,0.3621
0.2748091603053435,1.7709923664122138,-1.786259541984733,-0.4697265625,-0.019775390625,-0.102783203125,0.36379999999999996
-0.030534351145038167,1.6488549618320612,-1.8625954198473282,-0.464111328125,-0.012451171875,-0.115478515625,0.3655
0.07633587786259542,1.7557251908396947,-1.5267175572519085,-0.46435546875,-0.01904296875,-0.108642578125,0.36719999999999997
0.04580152671755725,1.7557251908396947,-1.8015267175572518,-0.46875,-0.015869140625,-0.107666015625,0.3689
0.12213740458015267,1.618320610687023,-1.6488549618320612,-0.470458984375,-0.013427734375,-0.1123046875,0.3706
0.015267175572519083,1.6488549618320612,-1.816793893129771,-0.47021484375,-0.0166015625,-0.108154296875,0.37229999999999996
-0.015267175572519083,1.8778625954198473,-1.6793893129770991,-0.46826171875,-0.018310546875,-0.102783203125,0.374
-0.015267175572519083,1.786259541984733,-1.7251908396946565,-0.468505859375,-0.020751953125,-0.086669921875,0.3757
0.030534351145038167,1.8931297709923665,-1.6030534351145038,-0.467529296875,-0.012451171875,-0.097412109375,0.37739999999999996
-0.0916030534351145,2.030534351145038,-1.465648854961832,-0.471923828125,-0.016845703125,-0.1044921875,0.3791
-0.015267175572519083,1.7404580152671756,-1.5572519083969465,-0.471923828125,-0.015625,-0.10205078125,0.38079999999999997
-0.030534351145038167,1.8625954198473282,-1.450381679389313,-0.469482421875,-0.015625,-0.102783203125,0.38249999999999995
-0.04580152671755725,1.9389312977099236,-1.7251908396946565,-0.47216796875,-0.01708984375,-0.1064453125,0.3842
-0.4122137404580153,1.9541984732824427,-1.786259541984733,-0.470458984375,-0.016845703125,-0.10986328125,0.38589999999999997
-0.366412213740458,2.3206106870229006,-1.5267175572519085,-0.472900390625,-0.012451171875,-0.10009765625,0.3876
-0.07633587786259542,2.1526717557251906,-1.5572519083969465,-0.471435546875,-0.0146484375,-0.103759765625,0.3893
-0.21374045801526717,2.3206106870229006,-1.465648854961832,-0.4716796875,-0.01318359375,-0.1025390625,0.39099999999999996
-0.183206106870229,2.381679389312977,-1.4961832061068703,-0.470703125,-0.0205078125,-0.103515625,0.3927
-0.10687022900763359,2.564885496183206,-1.5572519083969465,-0.468505859375,-0.016357421875,-0.09716796875,0.3944
-0.3511450381679389,2.7480916030534353,-1.5572519083969465,-0.466796875,-0.0205078125,-0.108642578125,0.39609999999999995
-0.2748091603053435,2.885496183206107,-1.4198473282442747,-0.47021484375,-0.020263671875,-0.098876953125,0.3978
-0.366412213740458,2.8244274809160306,-1.4351145038167938,-0.470947265625,-0.01611328125,-0.10693359375,0.39949999999999997
-0.3053435114503817,2.9160305343511452,-1.3435114503816794,-0.465576171875,-0.015869140625,-0.101318359375,0.4012
-0.3053435114503817,3.0839694656488548,-1.2366412213740459,-0.46533203125,-0.01806640625,-0.103271484375,0.4029
-0.16793893129770993,3.099236641221374,-1.251908396946565,-0.473876953125,-0.01513671875,-0.110595703125,0.40459999999999996
-0.2900763358778626,2.9770992366412212,-1.3587786259541985,-0.46728515625,-0.018798828125,-0.10400390625,0.4063
-0.48854961832061067,3.0381679389312977,-1.3740458015267176,-0.469970703125,-0.0185546875,-0.102783203125,0.408
-0.4122137404580153,3.0839694656488548,-1.282442748091603,-0.4697265625,-0.018798828125,-0.108642578125,0.40969999999999995
-0.4122137404580153,3.1603053435114505,-0.8854961832061069,-0.469482421875,-0.01318359375,-0.10302734375,0.4114
-0.32061068702290074,3.3282442748091605,-1.3282442748091603,-0.465576171875,-0.01318359375,-0.1015625,0.41309999999999997
-0.3969465648854962,3.3282442748091605,-1.1755725190839694,-0.474609375,-0.014892578125,-0.105224609375,0.4148
-0.549618320610687,3.2213740458015265,-1.3435114503816794,-0.47412109375,-0.01611328125,-0.106689453125,0.4165
-0.8244274809160306,3.282442748091603,-1.1297709923664123,-0.470703125,-0.017822265625,-0.103515625,0.41819999999999996
-0.5038167938931297,3.3435114503816794,-1.2366412213740459,-0.46826171875,-0.01416015625,-0.101318359375,0.4199
-0.5343511450381679,3.2213740458015265,-1.083969465648855,-0.470947265625,-0.023681640625,-0.100341796875,0.4216
-0.5954198473282443,3.5114503816793894,-1.2671755725190839,-0.463623046875,-0.014404296875,-0.100341796875,0.42329999999999995
-0.3969465648854962,3.572519083969466,-1.1145038167938932,-0.46533203125,-0.015625,-0.095458984375,0.425
-0.7786259541984732,3.648854961832061,-1.0534351145038168,-0.462646484375,-0.01708984375,-0.103271484375,0.42669999999999997
-0.7480916030534351,3.801526717557252,-1.3587786259541985,-0.470703125,-0.020751953125,-0.0986328125,0.4284
-0.5801526717557252,3.618320610687023,-1.2671755725190839,-0.462890625,-0.014404296875,-0.100830078125,0.4301
-0.7480916030534351,3.786259541984733,-1.1755725190839694,-0.468017578125,-0.01416015625,-0.101318359375,0.43179999999999996
-0.6870229007633588,3.8931297709923665,-1.1145038167938932,-0.4677734375,-0.017333984375,-0.10107421875,0.4335
-0.7480916030534351,3.801526717557252,-1.1297709923664123,-0.463134765625,-0.0244140625,-0.10400390625,0.4352
-0.7022900763358778,3.984732824427481,-1.1603053435114503,-0.46875,-0.01416015625,-0.110107421875,0.43689999999999996
-1.0229007633587786,3.984732824427481,-1.1145038167938932,-0.46728515625,-0.017333984375,-0.105712890625,0.4386
-0.9312977099236641,4.0458015267175576,-0.9465648854961832,-0.46826171875,-0.01416015625,-0.106201171875,0.44029999999999997
-0.7480916030534351,4.030534351145038,-0.916030534351145,-0.467529296875,-0.014404296875,-0.107421875,0.44199999999999995
-0.6412213740458015,4.076335877862595,-1.0534351145038168,-0.46240234375,-0.017333984375,-0.105712890625,0.4437
-0.8091603053435115,3.984732824427481,-0.9465648854961832,-0.46240234375,-0.01953125,-0.10205078125,0.44539999999999996
-0.7786259541984732,3.816793893129771,-0.9770992366412213,-0.463134765625,-0.017822265625,-0.103271484375,0.4471
-0.9923664122137404,3.7709923664122136,-1.1908396946564885,-0.46923828125,-0.012939453125,-0.09716796875,0.4488
-1.251908396946565,4.0458015267175576,-1.1450381679389312,-0.467529296875,-0.013427734375,-0.110595703125,0.45049999999999996
-1.2061068702290076,3.786259541984733,-0.9770992366412213,-0.46728515625,-0.01123046875,-0.116943359375,0.4522
-1.4198473282442747,3.8931297709923665,-0.8091603053435115,-0.465576171875,-0.017578125,-0.104736328125,0.45389999999999997
-1.083969465648855,3.8625954198473282,-0.7480916030534351,-0.465576171875,-0.0185546875,-0.1044921875,0.45559999999999995
-1.0534351145038168,4.076335877862595,-0.9618320610687023,-0.46630859375,-0.02099609375,-0.104736328125,0.4573
-1.1908396946564885,3.969465648854962,-0.8244274809160306,-0.470458984375,-0.01904296875,-0.107177734375,0.45899999999999996
-1.2213740458015268,3.7251908396946565,-0.8244274809160306,-0.465576171875,-0.017822265625,-0.1142578125,0.4607
-1.1755725190839694,3.8473282442748094,-0.8549618320610687,-0.466552734375,-0.015380859375,-0.1083984375,0.4624
-1.0534351145038168,3.816793893129771,-0.6717557251908397,-0.466064453125,-0.02197265625,-0.10693359375,0.46409999999999996
-1.5114503816793894,3.7709923664122136,-0.7786259541984732,-0.46826171875,-0.02001953125,-0.112548828125,0.4658
-1.465648854961832,3.9236641221374047,-0.8091603053435115,-0.463134765625,-0.018798828125,-0.111083984375,0.46749999999999997
-1.4351145038167938,3.984732824427481,-0.5954198473282443,-0.47119140625,-0.017333984375,-0.1064453125,0.46919999999999995
-1.4809160305343512,3.9236641221374047,-0.5648854961832062,-0.463134765625,-0.024658203125,-0.103271484375,0.4709
-1.6641221374045803,3.801526717557252,-0.5190839694656488,-0.46728515625,-0.01611328125,-0.111328125,0.47259999999999996
-1.7099236641221374,3.9389312977099236,-0.3969465648854962,-0.46484375,-0.016845703125,-0.11181640625,0.4743
-1.7557251908396947,3.9083969465648853,-0.6717557251908397,-0.468505859375,-0.020263671875,-0.11181640625,0.476
-1.7404580152671756,3.969465648854962,-0.4122137404580153,-0.4638671875,-0.01708984375,-0.102294921875,0.47769999999999996
-1.6946564885496183,3.9236641221374047,-0.04580152671755725,-0.4638671875,-0.018310546875,-0.113525390625,0.4794
-1.8473282442748091,3.816793893129771,0.04580152671755725,-0.4697265625,-0.01611328125,-0.106201171875,0.48109999999999997
-1.8931297709923665,3.5419847328244276,-0.2595419847328244,-0.4658203125,-0.027099609375,-0.107666015625,0.48279999999999995
-1.8625954198473282,3.6793893129770994,0.12213740458015267,-0.46923828125,-0.020751953125,-0.1064453125,0.4845
-2.183206106870229,3.6946564885496183,0.183206106870229,-0.467529296875,-0.0224609375,-0.110595703125,0.48619999999999997
-2.122137404580153,3.6946564885496183,0.10687022900763359,-0.468017578125,-0.026611328125,-0.111572265625,0.4879
-2.0916030534351147,3.450381679389313,0.183206106870229,-0.465576171875,-0.022705078125,-0.10791015625,0.4896
-2.213740458015267,3.5114503816793894,0.5954198473282443,-0.468017578125,-0.02197265625,-0.107666015625,0.49129999999999996
-2.427480916030534,3.618320610687023,0.48854961832061067,-0.4716796875,-0.01904296875,-0.109375,0.493
-2.564885496183206,3.5419847328244276,0.6717557251908397,-0.468994140625,-0.01953125,-0.10009765625,0.4947
-2.6717557251908395,3.435114503816794,0.44274809160305345,-0.471435546875,-0.01513671875,-0.10693359375,0.49639999999999995
-2.8091603053435112,3.618320610687023,0.6106870229007634,-0.468505859375,-0.02001953125,-0.10888671875,0.4981
-2.8244274809160306,3.83206106870229,0.549618320610687,-0.466064453125,-0.019287109375,-0.10595703125,0.49979999999999997
-2.9770992366412212,3.801526717557252,0.42748091603053434,-0.469970703125,-0.01318359375,-0.104736328125,0.5015
-3.099236641221374,3.7709923664122136,0.4580152671755725,-0.4697265625,-0.021240234375,-0.114013671875,0.5032
-3.1297709923664123,3.9083969465648853,0.5343511450381679,-0.47412109375,-0.01806640625,-0.112060546875,0.5049
-3.5419847328244276,4.076335877862595,0.6259541984732825,-0.465576171875,-0.020751953125,-0.1044921875,0.5065999999999999
-3.3740458015267176,4.1679389312977095,0.7480916030534351,-0.472412109375,-0.022705078125,-0.0986328125,0.5083
-3.3587786259541983,4.152671755725191,0.6870229007633588,-0.473876953125,-0.012451171875,-0.11572265625,0.51
-3.572519083969466,4.5038167938931295,0.916030534351145,-0.471435546875,-0.015625,-0.108642578125,0.5116999999999999
-3.5572519083969465,4.488549618320611,0.9312977099236641,-0.468994140625,-0.02099609375,-0.107421875,0.5134
-3.572519083969466,4.519083969465649,0.7938931297709924,-0.47021484375,-0.0185546875,-0.11083984375,0.5151
-3.5572519083969465,4.534351145038168,0.9007633587786259,-0.46435546875,-0.0166015625,-0.107666015625,0.5167999999999999
-3.7251908396946565,4.656488549618321,0.9923664122137404,-0.46630859375,-0.01904296875,-0.11181640625,0.5185
-3.5114503816793894,4.5038167938931295,0.9618320610687023,-0.468994140625,-0.01611328125,-0.109619140625,0.5202
-3.5267175572519083,4.5038167938931295,0.8244274809160306,-0.4716796875,-0.011962890625,-0.11376953125,0.5218999999999999
-3.801526717557252,4.656488549618321,0.9007633587786259,-0.462890625,-0.01708984375,-0.110107421875,0.5236
-3.5572519083969465,4.5038167938931295,0.9618320610687023,-0.4697265625,-0.014404296875,-0.113525390625,0.5253
-3.480916030534351,4.5038167938931295,0.6870229007633588,-0.465576171875,-0.013427734375,-0.104736328125,0.527
-3.8625954198473282,4.320610687022901,0.6717557251908397,-0.46728515625,-0.01806640625,-0.112060546875,0.5287
-3.8625954198473282,4.3816793893129775,0.7022900763358778,-0.4638671875,-0.016845703125,-0.110107421875,0.5304
-4.137404580152672,4.290076335877862,0.6259541984732825,-0.46484375,-0.01318359375,-0.104736328125,0.5321
-3.969465648854962,4.580152671755725,0.4122137404580153,-0.465087890625,-0.01318359375,-0.11962890625,0.5337999999999999
-3.7557251908396947,4.442748091603053,0.6412213740458015,-0.461669921875,-0.014404296875,-0.112060546875,0.5355
-3.7709923664122136,4.6106870229007635,0.24427480916030533,-0.46142578125,-0.012451171875,-0.103271484375,0.5372
-3.877862595419847,4.366412213740458,0.2900763358778626,-0.462158203125,-0.006103515625,-0.11279296875,0.5388999999999999
-3.7709923664122136,4.3816793893129775,0.32061068702290074,-0.464599609375,-0.012939453125,-0.111083984375,0.5406
-3.83206106870229,4.519083969465649,0.5343511450381679,-0.462646484375,-0.013671875,-0.1123046875,0.5423
-3.786259541984733,4.396946564885496,0.2748091603053435,-0.46826171875,-0.009765625,-0.110107421875,0.5439999999999999
-3.9083969465648853,4.625954198473282,0.32061068702290074,-0.468017578125,-0.0126953125,-0.104736328125,0.5457
-3.7557251908396947,4.564885496183206,0.4122137404580153,-0.46923828125,-0.01171875,-0.114990234375,0.5474
-3.7709923664122136,4.473282442748092,0.5648854961832062,-0.466796875,-0.01611328125,-0.1201171875,0.5490999999999999
-3.5114503816793894,4.488549618320611,0.48854961832061067,-0.469482421875,-0.013671875,-0.114501953125,0.5508
-3.6946564885496183,4.595419847328245,0.5648854961832062,-0.46923828125,-0.010498046875,-0.108154296875,0.5525
-3.83206106870229,4.458015267175573,0.5954198473282443,-0.46826171875,-0.016357421875,-0.11181640625,0.5541999999999999
-3.5114503816793894,4.519083969465649,0.6412213740458015,-0.46728515625,-0.01171875,-0.106689453125,0.5559
-3.7251908396946565,4.351145038167939,0.4732824427480916,-0.46533203125,-0.011474609375,-0.10791015625,0.5576
-3.816793893129771,4.488549618320611,0.6412213740458015,-0.464599609375,-0.01171875,-0.106201171875,0.5593
-3.6946564885496183,4.412213740458015,0.24427480916030533,-0.46240234375,-0.01416015625,-0.117919921875,0.5609999999999999
-3.435114503816794,4.33587786259542,0.3511450381679389,-0.464111328125,-0.010986328125,-0.105712890625,0.5627
-3.6946564885496183,4.534351145038168,0.3969465648854962,-0.4677734375,-0.01220703125,-0.11328125,0.5644
-3.648854961832061,4.412213740458015,0.5343511450381679,-0.466064453125,-0.013916015625,-0.109619140625,0.5660999999999999
-3.480916030534351,4.412213740458015,0.4122137404580153,-0.46728515625,-0.013671875,-0.109619140625,0.5678
-3.450381679389313,4.2748091603053435,0.5954198473282443,-0.465576171875,-0.011962890625,-0.109375,0.5695
-3.435114503816794,4.290076335877862,0.42748091603053434,-0.462158203125,-0.00341796875,-0.101806640625,0.5711999999999999
-3.2977099236641223,4.152671755725191,0.6412213740458015,-0.462890625,-0.00634765625,-0.1142578125,0.5729
-3.2519083969465647,4.030534351145038,0.6259541984732825,-0.46337890625,-0.004638671875,-0.11767578125,0.5746
-3.099236641221374,4.015267175572519,0.7175572519083969,-0.46435546875,-0.011474609375,-0.105224609375,0.5762999999999999
-3.2519083969465647,4.106870229007634,0.5343511450381679,-0.461669921875,-0.013916015625,-0.1181640625,0.578
-3.0839694656488548,3.969465648854962,0.5038167938931297,-0.462890625,-0.0009765625,-0.1142578125,0.5797
-3.068702290076336,3.9083969465648853,0.42748091603053434,-0.46484375,-0.00634765625,-0.113037109375,0.5813999999999999
-2.9160305343511452,3.786259541984733,0.6717557251908397,-0.467041015625,-0.006103515625,-0.11376953125,0.5831
-3.068702290076336,3.83206106870229,0.6259541984732825,-0.46484375,-0.011962890625,-0.10595703125,0.5848
-2.9923664122137406,3.9236641221374047,0.44274809160305345,-0.467529296875,-0.0078125,-0.109375,0.5865
-2.549618320610687,3.969465648854962,0.33587786259541985,-0.4658203125,-0.00146484375,-0.111328125,0.5882
-2.6717557251908395,3.877862595419847,0.549618320610687,-0.465576171875,-0.004638671875,-0.113525390625,0.5899
-2.50381679389313,3.7099236641221376,0.21374045801526717,-0.462646484375,0.000732421875,-0.11181640625,0.5916
-2.366412213740458,3.877862595419847,0.4732824427480916,-0.46923828125,-0.001220703125,-0.1171875,0.5932999999999999
-2.1526717557251906,3.7251908396946565,0.32061068702290074,-0.466796875,-0.015625,-0.115478515625,0.595
-2.0763358778625953,3.954198473282443,0.42748091603053434,-0.46435546875,-0.004150390625,-0.109619140625,0.5967
-2.183206106870229,4.015267175572519,0.24427480916030533,-0.46826171875,-0.000732421875,-0.116943359375,0.5983999999999999
-2.1068702290076335,3.801526717557252,0.3511450381679389,-0.471435546875,-0.001708984375,-0.110595703125,0.6001
-1.786259541984733,3.786259541984733,0.16793893129770993,-0.46484375,-0.005859375,-0.11376953125,0.6018
-1.8015267175572518,3.9389312977099236,0.16793893129770993,-0.466796875,-0.000732421875,-0.106689453125,0.6034999999999999
-1.83206106870229,3.8473282442748094,0.15267175572519084,-0.46630859375,-0.001953125,-0.10888671875,0.6052
-1.7099236641221374,3.8625954198473282,0.2900763358778626,-0.46728515625,-0.004150390625,-0.111328125,0.6069
-1.3129770992366412,3.8625954198473282,0.061068702290076333,-0.46484375,-0.004150390625,-0.11181640625,0.6085999999999999
-1.3435114503816794,3.969465648854962,0.24427480916030533,-0.461669921875,-0.005615234375,-0.107666015625,0.6103
-1.1908396946564885,3.8473282442748094,0.07633587786259542,-0.4658203125,-0.00439453125,-0.105224609375,0.612
-1.1145038167938932,3.83206106870229,0.13740458015267176,-0.467041015625,0.000244140625,-0.109130859375,0.6136999999999999
-0.916030534351145,3.7557251908396947,-0.13740458015267176,-0.464599609375,-0.00927734375,-0.11865234375,0.6154
-0.7175572519083969,3.7099236641221376,-0.04580152671755725,-0.461181640625,-0.0068359375,-0.0986328125,0.6171
-0.5343511450381679,3.7557251908396947,0.0,-0.46435546875,-0.005859375,-0.11962890625,0.6188
-0.5343511450381679,3.969465648854962,-0.10687022900763359,-0.46484375,-0.007080078125,-0.110107421875,0.6204999999999999
-0.44274809160305345,3.8473282442748094,-0.1984732824427481,-0.46826171875,-0.004150390625,-0.109619140625,0.6222
-0.33587786259541985,3.7557251908396947,-0.15267175572519084,-0.46484375,-0.00439453125,-0.11328125,0.6239
-0.030534351145038167,3.7251908396946565,-0.10687022900763359,-0.463134765625,-0.002685546875,-0.107177734375,0.6255999999999999
0.061068702290076333,3.7099236641221376,-0.33587786259541985,-0.47021484375,-0.00390625,-0.10498046875,0.6273
0.0916030534351145,3.9083969465648853,-0.366412213740458,-0.4677734375,-0.002685546875,-0.10693359375,0.629
0.15267175572519084,3.7099236641221376,-0.44274809160305345,-0.4638671875,-0.00439453125,-0.106201171875,0.6306999999999999
0.4122137404580153,3.786259541984733,-0.4580152671755725,-0.468505859375,-0.0078125,-0.11376953125,0.6324
0.5801526717557252,3.801526717557252,-0.4122137404580153,-0.470947265625,-0.00146484375,-0.105712890625,0.6341
0.6412213740458015,4.015267175572519,-0.5648854961832062,-0.4677734375,-0.003173828125,-0.1240234375,0.6357999999999999
0.4580152671755725,4.015267175572519,-0.6106870229007634,-0.465087890625,-0.00244140625,-0.1240234375,0.6375
0.7633587786259542,4.0,-0.5954198473282443,-0.46630859375,-0.00390625,-0.1083984375,0.6392
0.916030534351145,4.0,-0.549618320610687,-0.470947265625,-0.00341796875,-0.115234375,0.6408999999999999
1.3129770992366412,3.7251908396946565,-0.5190839694656488,-0.470947265625,-0.00732421875,-0.107421875,0.6426
1.0534351145038168,3.8931297709923665,-0.5038167938931297,-0.461669921875,-0.00390625,-0.10546875,0.6443
1.1908396946564885,3.9083969465648853,-0.549618320610687,-0.469482421875,-0.001953125,-0.11279296875,0.646
1.3893129770992367,3.9236641221374047,-0.7480916030534351,-0.47119140625,-0.002197265625,-0.105712890625,0.6476999999999999
1.5114503816793894,3.984732824427481,-0.8091603053435115,-0.466796875,-0.00537109375,-0.1162109375,0.6494
1.633587786259542,4.015267175572519,-0.8396946564885496,-0.465576171875,-0.0087890625,-0.108642578125,0.6511
1.7099236641221374,3.954198473282443,-0.9618320610687023,-0.466552734375,-0.0029296875,-0.10986328125,0.6527999999999999
1.7099236641221374,3.984732824427481,-0.9312977099236641,-0.467041015625,-0.005859375,-0.1142578125,0.6545
1.8778625954198473,4.0,-1.2213740458015268,-0.46337890625,-0.0048828125,-0.11279296875,0.6562
1.9694656488549618,3.9083969465648853,-0.9007633587786259,-0.460693359375,-0.00634765625,-0.104248046875,0.6578999999999999
1.816793893129771,4.0458015267175576,-0.916030534351145,-0.46337890625,-0.005859375,-0.115966796875,0.6596
1.984732824427481,4.152671755725191,-1.0076335877862594,-0.466064453125,-0.007568359375,-0.10595703125,0.6613
1.9389312977099236,4.1679389312977095,-1.2061068702290076,-0.458251953125,-0.003173828125,-0.11572265625,0.6629999999999999
2.1068702290076335,4.030534351145038,-1.0381679389312977,-0.46240234375,-0.007568359375,-0.11865234375,0.6647
2.3206106870229006,4.076335877862595,-1.0687022900763359,-0.469970703125,-0.006591796875,-0.114013671875,0.6664
2.4580152671755724,4.0458015267175576,-1.1145038167938932,-0.468994140625,-0.0087890625,-0.11328125,0.6680999999999999
2.198473282442748,4.061068702290076,-1.1145038167938932,-0.470703125,-0.007568359375,-0.107666015625,0.6698
2.366412213740458,4.091603053435114,-1.0229007633587786,-0.466064453125,-0.003173828125,-0.1142578125,0.6715
2.595419847328244,3.954198473282443,-1.1145038167938932,-0.46240234375,-0.008056640625,-0.110595703125,0.6731999999999999
2.519083969465649,3.7709923664122136,-1.1603053435114503,-0.46240234375,-0.006591796875,-0.11865234375,0.6748999999999999
2.595419847328244,4.0,-1.2366412213740459,-0.461669921875,-0.007080078125,-0.11328125,0.6766
2.6106870229007635,3.801526717557252,-1.2671755725190839,-0.466064453125,-0.010986328125,-0.118896484375,0.6783
2.50381679389313,4.152671755725191,-1.1297709923664123,-0.467529296875,-0.009521484375,-0.110107421875,0.6799999999999999
2.732824427480916,4.076335877862595,-1.2366412213740459,-0.464599609375,-0.008544921875,-0.11474609375,0.6817
2.6412213740458017,3.7404580152671754,-1.1755725190839694,-0.46240234375,-0.00927734375,-0.11865234375,0.6834
2.763358778625954,3.954198473282443,-1.1297709923664123,-0.4619140625,-0.00537109375,-0.11865234375,0.6850999999999999
2.381679389312977,3.6793893129770994,-1.2671755725190839,-0.461181640625,-0.002197265625,-0.115966796875,0.6868
2.8396946564885495,3.7404580152671754,-1.251908396946565,-0.46728515625,-0.008056640625,-0.115234375,0.6885
2.885496183206107,3.877862595419847,-1.1297709923664123,-0.462890625,-0.0087890625,-0.11572265625,0.6901999999999999
2.595419847328244,3.801526717557252,-1.2366412213740459,-0.464599609375,-0.00634765625,-0.117919921875,0.6919
2.7786259541984735,3.5877862595419847,-1.1755725190839694,-0.460693359375,-0.00732421875,-0.121826171875,0.6936
2.687022900763359,3.618320610687023,-1.1908396946564885,-0.466064453125,-0.00830078125,-0.122314453125,0.6952999999999999
2.946564885496183,3.6793893129770994,-1.099236641221374,-0.46142578125,-0.008544921875,-0.11865234375,0.697
3.0076335877862594,3.5572519083969465,-1.2061068702290076,-0.462158203125,-0.0107421875,-0.1201171875,0.6987
2.885496183206107,3.5267175572519083,-1.099236641221374,-0.465576171875,-0.011474609375,-0.11767578125,0.7003999999999999
2.854961832061069,3.7099236641221376,-1.1450381679389312,-0.463134765625,-0.015380859375,-0.1181640625,0.7021
2.900763358778626,3.450381679389313,-1.099236641221374,-0.462158203125,-0.009521484375,-0.112548828125,0.7038
2.732824427480916,3.5572519083969465,-1.4198473282442747,-0.458984375,-0.015625,-0.11279296875,0.7055
2.946564885496183,3.404580152671756,-1.2366412213740459,-0.468017578125,-0.008544921875,-0.117431640625,0.7071999999999999
2.900763358778626,3.5877862595419847,-1.2061068702290076,-0.466064453125,-0.008056640625,-0.11865234375,0.7089
2.763358778625954,3.480916030534351,-1.1450381679389312,-0.4599609375,-0.01513671875,-0.12060546875,0.7106
2.717557251908397,3.236641221374046,-1.3282442748091603,-0.459716796875,-0.0087890625,-0.115966796875,0.7122999999999999
2.7480916030534353,3.3893129770992365,-1.3893129770992367,-0.46630859375,-0.009521484375,-0.123779296875,0.714
2.8091603053435112,3.404580152671756,-1.3740458015267176,-0.4638671875,-0.011962890625,-0.123046875,0.7157
2.732824427480916,3.2213740458015265,-1.1755725190839694,-0.46630859375,-0.01318359375,-0.114990234375,0.7173999999999999
2.9160305343511452,3.1603053435114505,-1.282442748091603,-0.462890625,-0.01416015625,-0.119384765625,0.7191
2.8396946564885495,3.145038167938931,-0.9923664122137404,-0.467529296875,-0.016845703125,-0.117919921875,0.7208
2.732824427480916,3.068702290076336,-1.2366412213740459,-0.463134765625,-0.01025390625,-0.123046875,0.7224999999999999
2.687022900763359,2.946564885496183,-1.1297709923664123,-0.458984375,-0.0146484375,-0.124267578125,0.7242
2.687022900763359,2.946564885496183,-1.1603053435114503,-0.459716796875,-0.01123046875,-0.121826171875,0.7259
2.6259541984732824,3.0229007633587788,-1.099236641221374,-0.464599609375,-0.01220703125,-0.114501953125,0.7275999999999999
2.7480916030534353,2.946564885496183,-1.1755725190839694,-0.462646484375,-0.0126953125,-0.11669921875,0.7293
2.549618320610687,2.8702290076335877,-1.0534351145038168,-0.46484375,-0.014404296875,-0.12548828125,0.731
2.6564885496183206,3.0229007633587788,-0.7480916030534351,-0.455078125,-0.008056640625,-0.1123046875,0.7326999999999999
2.763358778625954,2.8702290076335877,-0.732824427480916,-0.462890625,-0.0107421875,-0.125,0.7343999999999999
2.549618320610687,2.8702290076335877,-1.0534351145038168,-0.4619140625,-0.01318359375,-0.115966796875,0.7361
2.5343511450381677,3.0381679389312977,-1.0381679389312977,-0.46533203125,-0.0185546875,-0.11328125,0.7378
2.549618320610687,2.6412213740458017,-0.9923664122137404,-0.462890625,-0.015380859375,-0.11962890625,0.7394999999999999
2.50381679389313,2.8396946564885495,-0.9007633587786259,-0.4619140625,-0.00146484375,-0.126708984375,0.7412
2.564885496183206,2.8396946564885495,-0.8549618320610687,-0.46923828125,-0.008056640625,-0.125244140625,0.7429
2.595419847328244,2.7022900763358777,-1.0229007633587786,-0.46240234375,-0.01318359375,-0.116943359375,0.7445999999999999
2.2900763358778624,2.595419847328244,-1.0687022900763359,-0.464111328125,-0.016845703125,-0.114013671875,0.7463
2.6106870229007635,2.717557251908397,-0.8854961832061069,-0.46337890625,-0.01953125,-0.12451171875,0.748
2.4580152671755724,2.7022900763358777,-0.8549618320610687,-0.468505859375,-0.014892578125,-0.11962890625,0.7496999999999999
2.3969465648854964,2.6564885496183206,-1.1450381679389312,-0.46875,-0.009765625,-0.111572265625,0.7514
2.3969465648854964,2.763358778625954,-1.2061068702290076,-0.469970703125,-0.011962890625,-0.1181640625,0.7531
2.4122137404580153,2.4427480916030535,-0.9465648854961832,-0.462158203125,-0.0166015625,-0.111328125,0.7547999999999999
2.366412213740458,2.5801526717557253,-1.0381679389312977,-0.46630859375,-0.0166015625,-0.114990234375,0.7565
2.519083969465649,2.50381679389313,-1.083969465648855,-0.46435546875,-0.015380859375,-0.1220703125,0.7582
2.4732824427480917,2.6564885496183206,-1.1297709923664123,-0.466796875,-0.014892578125,-0.114990234375,0.7598999999999999
2.33587786259542,2.6564885496183206,-0.9770992366412213,-0.466064453125,-0.0146484375,-0.111083984375,0.7615999999999999
2.3206106870229006,2.687022900763359,-1.1450381679389312,-0.46484375,-0.012451171875,-0.122802734375,0.7633
2.427480916030534,2.687022900763359,-1.0229007633587786,-0.46484375,-0.0107421875,-0.11767578125,0.7649999999999999
2.4885496183206106,2.6412213740458017,-1.1450381679389312,-0.463134765625,-0.01220703125,-0.11865234375,0.7666999999999999
2.2900763358778624,2.4732824427480917,-1.0534351145038168,-0.4619140625,-0.01513671875,-0.11962890625,0.7684
2.351145038167939,2.6106870229007635,-1.2213740458015268,-0.465087890625,-0.012939453125,-0.11279296875,0.7701
2.3206106870229006,2.4885496183206106,-1.0534351145038168,-0.463134765625,-0.011474609375,-0.11572265625,0.7717999999999999
2.198473282442748,2.4885496183206106,-1.0534351145038168,-0.463134765625,-0.0126953125,-0.123779296875,0.7735
2.3969465648854964,2.5343511450381677,-0.8702290076335878,-0.46484375,-0.01318359375,-0.124755859375,0.7752
2.3206106870229006,2.3969465648854964,-0.9923664122137404,-0.468017578125,-0.007568359375,-0.120361328125,0.7768999999999999
2.213740458015267,2.33587786259542,-1.0687022900763359,-0.46484375,-0.0068359375,-0.11279296875,0.7786
2.2290076335877864,2.2748091603053435,-0.9312977099236641,-0.46337890625,-0.014892578125,-0.12158203125,0.7803
2.3206106870229006,2.3053435114503817,-1.251908396946565,-0.462890625,-0.016845703125,-0.11865234375,0.7819999999999999
2.2595419847328246,2.351145038167939,-1.0534351145038168,-0.464599609375,-0.0087890625,-0.119140625,0.7837
2.2748091603053435,2.0916030534351147,-1.099236641221374,-0.46630859375,-0.007080078125,-0.11865234375,0.7854
2.3206106870229006,2.16793893129771,-1.4045801526717556,-0.470458984375,-0.01025390625,-0.119384765625,0.7870999999999999
2.2595419847328246,1.8778625954198473,-1.2671755725190839,-0.46435546875,-0.012451171875,-0.11962890625,0.7888
2.366412213740458,1.9389312977099236,-1.2061068702290076,-0.46337890625,-0.009765625,-0.118896484375,0.7905
2.213740458015267,1.9236641221374047,-1.2366412213740459,-0.465087890625,-0.01025390625,-0.1201171875,0.7921999999999999
2.122137404580153,1.9236641221374047,-1.3587786259541985,-0.468017578125,-0.012939453125,-0.12109375,0.7938999999999999
2.198473282442748,1.816793893129771,-1.1145038167938932,-0.468017578125,-0.0087890625,-0.12158203125,0.7956
2.33587786259542,1.6641221374045803,-1.3129770992366412,-0.4619140625,-0.00830078125,-0.117431640625,0.7973
2.3206106870229006,1.984732824427481,-1.251908396946565,-0.463623046875,-0.007568359375,-0.114013671875,0.7989999999999999
2.4885496183206106,1.7251908396946565,-1.3129770992366412,-0.46533203125,-0.012939453125,-0.11865234375,0.8007
2.381679389312977,1.6488549618320612,-1.1603053435114503,-0.463623046875,-0.0126953125,-0.1171875,0.8024
2.198473282442748,1.7557251908396947,-1.1603053435114503,-0.4716796875,-0.007080078125,-0.1220703125,0.8040999999999999
2.2900763358778624,1.7251908396946565,-1.2061068702290076,-0.4619140625,-0.0107421875,-0.116943359375,0.8058
2.427480916030534,1.5725190839694656,-1.3740458015267176,-0.467041015625,-0.015625,-0.1171875,0.8075
2.4122137404580153,1.5114503816793894,-1.0229007633587786,-0.466552734375,-0.008056640625,-0.110595703125,0.8091999999999999
2.198473282442748,1.6488549618320612,-1.3893129770992367,-0.459716796875,-0.018798828125,-0.11767578125,0.8109
2.4427480916030535,1.5572519083969465,-1.2213740458015268,-0.464599609375,-0.01171875,-0.11572265625,0.8126
2.3206106870229006,1.2671755725190839,-1.3282442748091603,-0.464599609375,-0.006591796875,-0.120361328125,0.8142999999999999
2.2442748091603053,1.2671755725190839,-1.2213740458015268,-0.464111328125,-0.01318359375,-0.1162109375,0.816
2.16793893129771,1.3282442748091603,-1.3893129770992367,-0.46630859375,-0.013671875,-0.114501953125,0.8177
2.4732824427480917,1.0076335877862594,-1.0687022900763359,-0.460205078125,-0.0146484375,-0.122802734375,0.8193999999999999
2.3206106870229006,0.9312977099236641,-1.3435114503816794,-0.459228515625,-0.012939453125,-0.11767578125,0.8210999999999999
2.351145038167939,1.083969465648855,-1.3893129770992367,-0.464599609375,-0.0126953125,-0.119873046875,0.8228
2.3053435114503817,1.1603053435114503,-1.3893129770992367,-0.46240234375,-0.007080078125,-0.11962890625,0.8244999999999999
2.549618320610687,0.9618320610687023,-1.3435114503816794,-0.464599609375,-0.010009765625,-0.119140625,0.8261999999999999
2.50381679389313,1.0381679389312977,-1.1755725190839694,-0.46142578125,-0.013671875,-0.1142578125,0.8279
2.4122137404580153,0.8549618320610687,-1.2213740458015268,-0.462646484375,-0.0078125,-0.1123046875,0.8296
2.595419847328244,0.6259541984732825,-1.2213740458015268,-0.462158203125,-0.0068359375,-0.115234375,0.8312999999999999
2.4580152671755724,0.9923664122137404,-1.3740458015267176,-0.46435546875,-0.015380859375,-0.123291015625,0.833
2.4885496183206106,0.9465648854961832,-1.450381679389313,-0.4638671875,-0.00927734375,-0.11181640625,0.8347
2.5801526717557253,0.7480916030534351,-1.4198473282442747,-0.468017578125,-0.010986328125,-0.11865234375,0.8363999999999999
2.2290076335877864,0.5648854961832062,-1.4809160305343512,-0.46484375,-0.01220703125,-0.11328125,0.8381
2.549618320610687,0.6259541984732825,-1.2671755725190839,-0.466796875,-0.011962890625,-0.112060546875,0.8398
2.6259541984732824,0.7022900763358778,-1.4045801526717556,-0.461669921875,-0.014892578125,-0.114990234375,0.8414999999999999
2.6259541984732824,0.8091603053435115,-1.3129770992366412,-0.46240234375,-0.011962890625,-0.107666015625,0.8432
2.50381679389313,0.8702290076335878,-1.297709923664122,-0.46435546875,-0.009033203125,-0.12158203125,0.8449
2.6717557251908395,0.9923664122137404,-1.5114503816793894,-0.465576171875,-0.01025390625,-0.125732421875,0.8465999999999999
2.50381679389313,0.6564885496183206,-1.5572519083969465,-0.46337890625,-0.011962890625,-0.1171875,0.8482999999999999
2.564885496183206,0.8396946564885496,-1.5267175572519085,-0.461669921875,-0.00927734375,-0.117919921875,0.85
2.7938931297709924,0.8854961832061069,-1.6641221374045803,-0.466552734375,-0.005615234375,-0.115234375,0.8516999999999999
2.5801526717557253,0.8091603053435115,-1.465648854961832,-0.468017578125,-0.010986328125,-0.11669921875,0.8533999999999999
2.50381679389313,1.0381679389312977,-1.7251908396946565,-0.46728515625,-0.01513671875,-0.11376953125,0.8551
2.7022900763358777,0.9618320610687023,-1.5725190839694656,-0.468994140625,-0.008544921875,-0.1181640625,0.8568
2.6564885496183206,0.8549618320610687,-1.7709923664122138,-0.466064453125,-0.0087890625,-0.1123046875,0.8584999999999999
2.732824427480916,0.9465648854961832,-1.7404580152671756,-0.47021484375,-0.009521484375,-0.114501953125,0.8602
2.732824427480916,0.8396946564885496,-1.7404580152671756,-0.468017578125,-0.0107421875,-0.118896484375,0.8619
2.687022900763359,0.7786259541984732,-1.6641221374045803,-0.46484375,-0.011962890625,-0.105224609375,0.8635999999999999
2.4580152671755724,0.732824427480916,-1.6946564885496183,-0.4638671875,-0.012939453125,-0.115966796875,0.8653
2.7022900763358777,0.9465648854961832,-1.5267175572519085,-0.46630859375,-0.009765625,-0.111572265625,0.867
2.5343511450381677,0.9770992366412213,-1.618320610687023,-0.45703125,-0.01513671875,-0.11474609375,0.8686999999999999
2.6259541984732824,0.7022900763358778,-1.6488549618320612,-0.462158203125,-0.01220703125,-0.115234375,0.8704
2.7480916030534353,1.0229007633587786,-1.3587786259541985,-0.464599609375,-0.012451171875,-0.1162109375,0.8721
2.7022900763358777,1.1755725190839694,-1.5419847328244274,-0.46240234375,-0.013916015625,-0.1162109375,0.8737999999999999
2.732824427480916,0.916030534351145,-1.3893129770992367,-0.465576171875,-0.01171875,-0.11572265625,0.8755
2.931297709923664,1.0076335877862594,-1.4198473282442747,-0.4677734375,-0.012939453125,-0.123046875,0.8772
2.732824427480916,1.083969465648855,-1.297709923664122,-0.46630859375,-0.012939453125,-0.120849609375,0.8788999999999999
2.6717557251908395,0.9465648854961832,-1.282442748091603,-0.466552734375,-0.013671875,-0.11279296875,0.8805999999999999
2.6717557251908395,0.9770992366412213,-1.282442748091603,-0.468017578125,-0.014404296875,-0.110107421875,0.8823
2.8396946564885495,0.9618320610687023,-1.3740458015267176,-0.4638671875,-0.013427734375,-0.1103515625,0.8839999999999999
2.7786259541984735,0.8549618320610687,-1.450381679389313,-0.467041015625,-0.015869140625,-0.1123046875,0.8856999999999999
2.6564885496183206,0.9312977099236641,-1.099236641221374,-0.470703125,-0.0126953125,-0.1181640625,0.8874
2.549618320610687,0.916030534351145,-1.0687022900763359,-0.4697265625,-0.0166015625,-0.120849609375,0.8891
2.7022900763358777,1.0687022900763359,-1.3282442748091603,-0.463134765625,-0.008544921875,-0.111083984375,0.8907999999999999
2.8091603053435112,0.9618320610687023,-1.099236641221374,-0.469482421875,-0.0126953125,-0.123046875,0.8925
2.6564885496183206,1.083969465648855,-1.1908396946564885,-0.47216796875,-0.013427734375,-0.117919921875,0.8942
2.6259541984732824,1.099236641221374,-1.2366412213740459,-0.47119140625,-0.01123046875,-0.120849609375,0.8958999999999999
2.8702290076335877,1.1450381679389312,-1.099236641221374,-0.471435546875,-0.009765625,-0.1142578125,0.8976
2.7938931297709924,1.2061068702290076,-1.1908396946564885,-0.465087890625,-0.0107421875,-0.11572265625,0.8993
2.7022900763358777,1.2366412213740459,-1.1145038167938932,-0.470703125,-0.00927734375,-0.1181640625,0.9009999999999999
2.8244274809160306,1.3282442748091603,-1.282442748091603,-0.470458984375,-0.00927734375,-0.1064453125,0.9027
2.9923664122137406,1.3282442748091603,-1.4045801526717556,-0.468994140625,-0.01220703125,-0.114990234375,0.9044
3.0839694656488548,1.2213740458015268,-1.4198473282442747,-0.468017578125,-0.01123046875,-0.122802734375,0.9060999999999999
2.732824427480916,1.282442748091603,-1.4351145038167938,-0.466552734375,-0.0087890625,-0.12255859375,0.9077999999999999
2.8396946564885495,1.5114503816793894,-1.3129770992366412,-0.468994140625,-0.0068359375,-0.11328125,0.9095
2.9923664122137406,1.465648854961832,-1.3893129770992367,-0.465576171875,-0.008544921875,-0.115478515625,0.9111999999999999
2.9618320610687023,1.3435114503816794,-1.6488549618320612,-0.472900390625,-0.005859375,-0.1201171875,0.9128999999999999
2.900763358778626,1.3740458015267176,-1.7404580152671756,-0.466064453125,-0.00927734375,-0.114501953125,0.9146
2.8702290076335877,1.4809160305343512,-1.6641221374045803,-0.46630859375,-0.008056640625,-0.114501953125,0.9163
2.9923664122137406,1.4045801526717556,-1.9541984732824427,-0.4677734375,-0.01171875,-0.1171875,0.9179999999999999
3.068702290076336,1.1450381679389312,-2.1526717557251906,-0.462646484375,-0.010986328125,-0.121337890625,0.9197
3.1297709923664123,1.1450381679389312,-2.0916030534351147,-0.46630859375,-0.009765625,-0.11572265625,0.9214
3.267175572519084,1.0687022900763359,-1.8625954198473282,-0.465576171875,-0.009033203125,-0.1201171875,0.9230999999999999
3.099236641221374,0.9770992366412213,-2.122137404580153,-0.465087890625,-0.009765625,-0.1162109375,0.9248
3.2519083969465647,1.1145038167938932,-2.122137404580153,-0.46240234375,-0.01123046875,-0.111572265625,0.9265
3.404580152671756,0.8854961832061069,-2.0763358778625953,-0.4736328125,-0.01123046875,-0.11572265625,0.9281999999999999
3.1908396946564888,0.6717557251908397,-2.0610687022900764,-0.46826171875,-0.01123046875,-0.115234375,0.9299
2.8244274809160306,0.9770992366412213,-2.122137404580153,-0.46875,-0.008056640625,-0.123046875,0.9316
3.0381679389312977,0.8854961832061069,-2.2900763358778624,-0.465576171875,-0.010498046875,-0.12548828125,0.9332999999999999
3.1755725190839694,0.8396946564885496,-2.015267175572519,-0.4677734375,-0.008056640625,-0.1201171875,0.9349999999999999
3.2213740458015265,0.9007633587786259,-2.1374045801526718,-0.46728515625,-0.018798828125,-0.12353515625,0.9367
3.2977099236641223,0.8854961832061069,-2.213740458015267,-0.468994140625,-0.013671875,-0.113037109375,0.9383999999999999
3.145038167938931,0.9465648854961832,-1.984732824427481,-0.46728515625,-0.01220703125,-0.119873046875,0.9400999999999999
3.2519083969465647,1.0534351145038168,-2.366412213740458,-0.468017578125,-0.00927734375,-0.111572265625,0.9418
3.267175572519084,0.8549618320610687,-2.1526717557251906,-0.471435546875,-0.012939453125,-0.115234375,0.9434999999999999
3.236641221374046,0.732824427480916,-2.1374045801526718,-0.463623046875,-0.016357421875,-0.111328125,0.9451999999999999
3.145038167938931,0.916030534351145,-2.015267175572519,-0.45947265625,-0.012451171875,-0.11962890625,0.9469
3.282442748091603,0.8854961832061069,-2.366412213740458,-0.468994140625,-0.014404296875,-0.116943359375,0.9486
3.114503816793893,0.9465648854961832,-1.9389312977099236,-0.471435546875,-0.016357421875,-0.109130859375,0.9502999999999999
3.0839694656488548,0.8549618320610687,-2.1374045801526718,-0.4638671875,-0.011474609375,-0.111083984375,0.952
3.3435114503816794,0.5648854961832062,-2.045801526717557,-0.46826171875,-0.009521484375,-0.123046875,0.9537
3.267175572519084,0.8091603053435115,-2.183206106870229,-0.465576171875,-0.01171875,-0.113037109375,0.9553999999999999
3.2519083969465647,0.6717557251908397,-1.984732824427481,-0.46484375,-0.011474609375,-0.1142578125,0.9571
3.114503816793893,0.5190839694656488,-2.0763358778625953,-0.4658203125,-0.009765625,-0.123046875,0.9588
3.053435114503817,0.44274809160305345,-1.8473282442748091,-0.461181640625,-0.016357421875,-0.114013671875,0.9604999999999999
3.1603053435114505,0.2900763358778626,-1.8625954198473282,-0.465576171875,-0.011474609375,-0.111572265625,0.9621999999999999
3.2061068702290076,0.4122137404580153,-1.7404580152671756,-0.46630859375,-0.015625,-0.11328125,0.9639
3.0839694656488548,0.366412213740458,-1.786259541984733,-0.464599609375,-0.015625,-0.114990234375,0.9655999999999999
2.9618320610687023,0.549618320610687,-1.5877862595419847,-0.465087890625,-0.01318359375,-0.1083984375,0.9672999999999999
3.1908396946564888,0.5648854961832062,-1.633587786259542,-0.466796875,-0.0087890625,-0.11474609375,0.969
3.0076335877862594,0.366412213740458,-1.5572519083969465,-0.466064453125,-0.012451171875,-0.124267578125,0.9706999999999999
3.0076335877862594,0.5648854961832062,-1.5572519083969465,-0.466552734375,-0.011474609375,-0.126953125,0.9723999999999999
3.0076335877862594,0.6717557251908397,-1.5572519083969465,-0.466552734375,-0.01220703125,-0.111572265625,0.9741
2.854961832061069,0.6412213740458015,-1.6030534351145038,-0.466064453125,-0.015625,-0.107666015625,0.9758
3.1908396946564888,0.5648854961832062,-1.4045801526717556,-0.462158203125,-0.01708984375,-0.108642578125,0.9774999999999999
2.6564885496183206,0.5648854961832062,-1.4198473282442747,-0.4677734375,-0.012939453125,-0.1181640625,0.9792
3.068702290076336,0.4122137404580153,-1.3587786259541985,-0.46728515625,-0.012939453125,-0.114501953125,0.9809
3.404580152671756,0.5190839694656488,-1.3740458015267176,-0.4697265625,-0.0146484375,-0.11279296875,0.9825999999999999
3.068702290076336,0.48854961832061067,-1.3435114503816794,-0.4638671875,-0.017333984375,-0.11474609375,0.9843
2.7938931297709924,0.5954198473282443,-1.3282442748091603,-0.4677734375,-0.0166015625,-0.110107421875,0.986
2.9770992366412212,0.5801526717557252,-1.2213740458015268,-0.46484375,-0.01806640625,-0.118408203125,0.9876999999999999
3.282442748091603,0.3969465648854962,-1.3435114503816794,-0.468505859375,-0.014404296875,-0.110107421875,0.9894
2.946564885496183,0.6106870229007634,-1.2061068702290076,-0.46728515625,-0.0126953125,-0.10986328125,0.9911
2.854961832061069,0.4122137404580153,-1.2213740458015268,-0.46728515625,-0.012451171875,-0.11181640625,0.9927999999999999
2.9160305343511452,0.44274809160305345,-1.1908396946564885,-0.470458984375,-0.01318359375,-0.106689453125,0.9944999999999999
3.053435114503817,0.42748091603053434,-1.297709923664122,-0.4658203125,-0.010498046875,-0.1103515625,0.9962
2.687022900763359,0.24427480916030533,-1.0229007633587786,-0.467041015625,-0.016357421875,-0.1142578125,0.9978999999999999
2.946564885496183,0.3053435114503817,-1.3893129770992367,-0.46533203125,-0.015625,-0.110595703125,0.9995999999999999
3.053435114503817,0.5190839694656488,-1.1908396946564885,-0.46435546875,-0.012451171875,-0.10107421875,1.0012999999999999
2.946564885496183,0.44274809160305345,-1.465648854961832,-0.4638671875,-0.00927734375,-0.1162109375,1.003
2.946564885496183,0.48854961832061067,-1.3587786259541985,-0.46533203125,-0.014404296875,-0.103515625,1.0047
2.885496183206107,0.5648854961832062,-1.2061068702290076,-0.46533203125,-0.01513671875,-0.11474609375,1.0064
2.7480916030534353,0.4580152671755725,-1.1603053435114503,-0.469482421875,-0.010986328125,-0.115478515625,1.0081
2.8396946564885495,0.33587786259541985,-1.1297709923664123,-0.46826171875,-0.01171875,-0.11279296875,1.0098
2.9770992366412212,0.5648854961832062,-1.0381679389312977,-0.46826171875,-0.015625,-0.116943359375,1.0114999999999998
2.931297709923664,0.8244274809160306,-1.1755725190839694,-0.470458984375,-0.016845703125,-0.115966796875,1.0131999999999999
2.7480916030534353,0.6564885496183206,-1.0229007633587786,-0.467041015625,-0.01708984375,-0.10693359375,1.0149
2.763358778625954,0.7480916030534351,-1.1908396946564885,-0.466552734375,-0.012939453125,-0.117431640625,1.0166
2.6259541984732824,0.6412213740458015,-0.8244274809160306,-0.464599609375,-0.01416015625,-0.11669921875,1.0183
2.7938931297709924,0.7633587786259542,-0.9923664122137404,-0.46728515625,-0.013916015625,-0.119140625,1.02
2.717557251908397,0.7938931297709924,-1.0381679389312977,-0.469482421875,-0.013671875,-0.12646484375,1.0217
2.900763358778626,0.7786259541984732,-1.0229007633587786,-0.46044921875,-0.01220703125,-0.11083984375,1.0233999999999999
2.4427480916030535,0.8244274809160306,-1.083969465648855,-0.465576171875,-0.018310546875,-0.1123046875,1.0251
2.6564885496183206,0.732824427480916,-1.0534351145038168,-0.462646484375,-0.01416015625,-0.117431640625,1.0268
2.7022900763358777,0.6870229007633588,-0.8702290076335878,-0.464599609375,-0.012939453125,-0.114501953125,1.0285
2.8091603053435112,0.6717557251908397,-0.9770992366412213,-0.470458984375,-0.0087890625,-0.1181640625,1.0302
2.4885496183206106,0.732824427480916,-1.0381679389312977,-0.47216796875,-0.011962890625,-0.11279296875,1.0319
2.6564885496183206,0.8854961832061069,-0.9618320610687023,-0.471923828125,-0.013427734375,-0.108642578125,1.0335999999999999
2.6259541984732824,0.6717557251908397,-0.7938931297709924,-0.4677734375,-0.01416015625,-0.111572265625,1.0352999999999999
2.595419847328244,0.8244274809160306,-0.7786259541984732,-0.466064453125,-0.010498046875,-0.1171875,1.037
2.717557251908397,0.7022900763358778,-1.0076335877862594,-0.464111328125,-0.01416015625,-0.113525390625,1.0387
2.549618320610687,0.7480916030534351,-0.9007633587786259,-0.464599609375,-0.0146484375,-0.12255859375,1.0404
2.564885496183206,0.7022900763358778,-0.8091603053435115,-0.466552734375,-0.012939453125,-0.117919921875,1.0421
2.7480916030534353,0.8854961832061069,-1.1755725190839694,-0.46435546875,-0.00732421875,-0.121826171875,1.0437999999999998
2.4427480916030535,0.7633587786259542,-0.8854961832061069,-0.46826171875,-0.021728515625,-0.11279296875,1.0454999999999999
2.33587786259542,0.916030534351145,-1.0687022900763359,-0.464599609375,-0.01123046875,-0.112060546875,1.0472
2.198473282442748,0.9618320610687023,-0.8091603053435115,-0.46435546875,-0.0146484375,-0.11572265625,1.0489
2.33587786259542,0.8244274809160306,-0.9770992366412213,-0.46630859375,-0.0146484375,-0.113037109375,1.0506
2.687022900763359,0.7175572519083969,-0.9770992366412213,-0.464599609375,-0.01123046875,-0.116455078125,1.0523
2.763358778625954,0.9618320610687023,-1.0381679389312977,-0.462646484375,-0.011962890625,-0.11376953125,1.054
2.3969465648854964,0.9465648854961832,-0.9923664122137404,-0.468017578125,-0.01318359375,-0.113037109375,1.0556999999999999
2.381679389312977,0.732824427480916,-0.8854961832061069,-0.464599609375,-0.015625,-0.113525390625,1.0574
2.595419847328244,0.8549618320610687,-0.9923664122137404,-0.46484375,-0.012939453125,-0.117431640625,1.0591
2.4580152671755724,0.732824427480916,-1.1450381679389312,-0.4619140625,-0.00927734375,-0.11328125,1.0608
2.7022900763358777,1.0229007633587786,-1.0534351145038168,-0.463623046875,-0.009033203125,-0.109130859375,1.0625
2.4885496183206106,0.9007633587786259,-1.1297709923664123,-0.462890625,-0.01318359375,-0.11767578125,1.0642
2.366412213740458,0.8854961832061069,-1.0687022900763359,-0.46826171875,-0.01123046875,-0.115966796875,1.0658999999999998
2.427480916030534,0.9007633587786259,-1.1603053435114503,-0.4697265625,-0.0126953125,-0.110107421875,1.0675999999999999
2.3969465648854964,1.099236641221374,-1.0687022900763359,-0.470703125,-0.012451171875,-0.116943359375,1.0693
2.4122137404580153,1.0534351145038168,-1.0687022900763359,-0.467041015625,-0.010009765625,-0.1142578125,1.071
2.4122137404580153,1.0534351145038168,-1.1297709923664123,-0.46533203125,-0.006591796875,-0.11328125,1.0727
2.3969465648854964,1.1145038167938932,-1.099236641221374,-0.468017578125,-0.012939453125,-0.118408203125,1.0744
2.4427480916030535,1.282442748091603,-1.1450381679389312,-0.466064453125,-0.013427734375,-0.114013671875,1.0760999999999998
2.2595419847328246,0.7786259541984732,-1.282442748091603,-0.466064453125,-0.01025390625,-0.115966796875,1.0777999999999999
2.1374045801526718,1.2061068702290076,-1.1297709923664123,-0.47021484375,-0.01513671875,-0.11279296875,1.0795
2.1374045801526718,1.1145038167938932,-1.3587786259541985,-0.46240234375,-0.0126953125,-0.106689453125,1.0812
2.5343511450381677,1.3282442748091603,-1.297709923664122,-0.46142578125,-0.0107421875,-0.111083984375,1.0829
2.4885496183206106,1.3129770992366412,-1.2366412213740459,-0.4677734375,-0.013427734375,-0.116455078125,1.0846
2.381679389312977,1.3740458015267176,-1.3282442748091603,-0.46435546875,-0.016357421875,-0.11328125,1.0863
1.9694656488549618,1.5267175572519085,-1.297709923664122,-0.467041015625,-0.005859375,-0.107421875,1.0879999999999999
2.33587786259542,1.5114503816793894,-1.1755725190839694,-0.46826171875,-0.0078125,-0.1064453125,1.0897
2.045801526717557,1.5419847328244274,-1.0229007633587786,-0.465087890625,-0.01123046875,-0.11328125,1.0914
2.0763358778625953,1.450381679389313,-0.9465648854961832,-0.4658203125,-0.010009765625,-0.117919921875,1.0931
2.045801526717557,1.633587786259542,-1.2366412213740459,-0.466552734375,-0.0126953125,-0.113525390625,1.0948
2.045801526717557,1.5877862595419847,-1.3435114503816794,-0.469970703125,-0.010986328125,-0.1103515625,1.0965
2.0,1.4198473282442747,-1.1908396946564885,-0.466552734375,-0.012939453125,-0.11865234375,1.0981999999999998
2.015267175572519,1.465648854961832,-1.1297709923664123,-0.464111328125,-0.011474609375,-0.1142578125,1.0998999999999999
1.984732824427481,1.1145038167938932,-1.1908396946564885,-0.4638671875,-0.013671875,-0.11376953125,1.1016
2.045801526717557,1.297709923664122,-1.0687022900763359,-0.470458984375,-0.01806640625,-0.115234375,1.1033
1.9083969465648856,1.465648854961832,-1.282442748091603,-0.46630859375,-0.013671875,-0.115234375,1.105
1.7404580152671756,1.251908396946565,-1.2671755725190839,-0.468017578125,-0.01611328125,-0.11865234375,1.1067
1.6793893129770991,1.3587786259541985,-1.1297709923664123,-0.4677734375,-0.015869140625,-0.1181640625,1.1083999999999998
1.6488549618320612,1.4809160305343512,-1.2366412213740459,-0.46630859375,-0.016845703125,-0.11669921875,1.1100999999999999
1.5725190839694656,1.4351145038167938,-1.1145038167938932,-0.470703125,-0.015625,-0.1162109375,1.1118
1.633587786259542,1.633587786259542,-1.2213740458015268,-0.46826171875,-0.019775390625,-0.109375,1.1135
1.4961832061068703,1.6793893129770991,-1.3435114503816794,-0.4716796875,-0.01611328125,-0.1142578125,1.1152
1.4961832061068703,1.5877862595419847,-1.6793893129770991,-0.471923828125,-0.01708984375,-0.11279296875,1.1169
1.3740458015267176,1.6030534351145038,-1.4045801526717556,-0.46875,-0.023681640625,-0.116943359375,1.1186
0.8702290076335878,1.633587786259542,-1.5267175572519085,-0.47216796875,-0.0185546875,-0.116455078125,1.1202999999999999
0.916030534351145,1.7251908396946565,-1.633587786259542,-0.470458984375,-0.018310546875,-0.11865234375,1.1219999999999999
0.8702290076335878,1.5419847328244274,-1.7404580152671756,-0.470458984375,-0.018798828125,-0.1083984375,1.1237
0.5801526717557252,1.6946564885496183,-1.6488549618320612,-0.47509765625,-0.02001953125,-0.119873046875,1.1254
0.5954198473282443,1.9083969465648856,-1.7404580152671756,-0.472900390625,-0.018310546875,-0.1181640625,1.1271
0.5801526717557252,2.015267175572519,-1.5877862595419847,-0.4775390625,-0.017578125,-0.11865234375,1.1288
0.366412213740458,2.198473282442748,-1.3587786259541985,-0.4638671875,-0.015625,-0.108154296875,1.1304999999999998
0.3969465648854962,1.9541984732824427,-1.3893129770992367,-0.464599609375,-0.013916015625,-0.11279296875,1.1321999999999999
0.12213740458015267,2.183206106870229,-1.3587786259541985,-0.46240234375,-0.018798828125,-0.117431640625,1.1339
-0.24427480916030533,2.4732824427480917,-1.2061068702290076,-0.46533203125,-0.01953125,-0.1142578125,1.1356
-0.1984732824427481,2.381679389312977,-1.450381679389313,-0.466552734375,-0.018798828125,-0.113525390625,1.1373
-0.44274809160305345,2.4122137404580153,-1.3740458015267176,-0.465576171875,-0.01513671875,-0.114990234375,1.139
-0.48854961832061067,2.4427480916030535,-1.4045801526717556,-0.4697265625,-0.0146484375,-0.1171875,1.1407
-0.8244274809160306,2.351145038167939,-1.1908396946564885,-0.4677734375,-0.022216796875,-0.115478515625,1.1423999999999999
-0.8549618320610687,2.2748091603053435,-1.1450381679389312,-0.46728515625,-0.015869140625,-0.1103515625,1.1441
-0.916030534351145,2.33587786259542,-1.2213740458015268,-0.46826171875,-0.02099609375,-0.117431640625,1.1458
-0.8854961832061069,2.213740458015267,-1.3893129770992367,-0.4658203125,-0.01904296875,-0.120361328125,1.1475
-0.8244274809160306,2.33587786259542,-1.0229007633587786,-0.462890625,-0.0205078125,-0.10400390625,1.1492
-1.2366412213740459,2.16793893129771,-1.1908396946564885,-0.464599609375,-0.02001953125,-0.117431640625,1.1509
-1.251908396946565,2.0,-0.916030534351145,-0.47021484375,-0.017822265625,-0.116943359375,1.1525999999999998
-1.2366412213740459,2.1068702290076335,-0.916030534351145,-0.46630859375,-0.01611328125,-0.115966796875,1.1542999999999999
-1.3587786259541985,2.183206106870229,-0.8702290076335878,-0.466064453125,-0.0146484375,-0.11669921875,1.156
-1.5419847328244274,1.8778625954198473,-1.0229007633587786,-0.458984375,-0.019287109375,-0.115478515625,1.1577
-1.5572519083969465,1.7709923664122138,-0.6259541984732825,-0.465576171875,-0.014404296875,-0.111083984375,1.1594
-1.5419847328244274,2.045801526717557,-0.9007633587786259,-0.47021484375,-0.0126953125,-0.1103515625,1.1611
-1.6946564885496183,1.8625954198473282,-0.8396946564885496,-0.465087890625,-0.016845703125,-0.109619140625,1.1627999999999998
-1.8778625954198473,1.786259541984733,-0.9770992366412213,-0.466064453125,-0.015380859375,-0.115478515625,1.1644999999999999
-1.8473282442748091,1.9236641221374047,-0.9007633587786259,-0.463134765625,-0.013427734375,-0.11083984375,1.1662
-2.030534351145038,2.045801526717557,-1.0229007633587786,-0.469970703125,-0.01171875,-0.1171875,1.1679
-1.618320610687023,1.8473282442748091,-0.8854961832061069,-0.4658203125,-0.01318359375,-0.11181640625,1.1696
-1.5267175572519085,1.8931297709923665,-0.9618320610687023,-0.46435546875,-0.016357421875,-0.1162109375,1.1713
-1.9236641221374047,1.8931297709923665,-1.0076335877862594,-0.465087890625,-0.014404296875,-0.115966796875,1.173
-1.7404580152671756,1.8931297709923665,-1.1297709923664123,-0.460205078125,-0.009521484375,-0.1142578125,1.1746999999999999
-1.6488549618320612,1.83206106870229,-1.0381679389312977,-0.460693359375,-0.01171875,-0.11767578125,1.1764
-1.7099236641221374,1.7099236641221374,-1.2213740458015268,-0.464599609375,-0.012451171875,-0.1220703125,1.1781
-1.4198473282442747,1.6030534351145038,-1.1145038167938932,-0.46484375,-0.012939453125,-0.11279296875,1.1798
-1.5877862595419847,1.4045801526717556,-1.297709923664122,-0.4638671875,-0.01220703125,-0.116455078125,1.1815
-1.465648854961832,1.3129770992366412,-1.3893129770992367,-0.4658203125,-0.013916015625,-0.119873046875,1.1832
-1.4351145038167938,1.450381679389313,-1.4809160305343512,-0.463623046875,-0.009521484375,-0.109619140625,1.1848999999999998
-1.618320610687023,1.465648854961832,-1.5725190839694656,-0.4638671875,-0.009033203125,-0.115478515625,1.1865999999999999
-1.618320610687023,1.5114503816793894,-1.5267175572519085,-0.46826171875,-0.007568359375,-0.1171875,1.1883
-1.3893129770992367,1.2213740458015268,-1.5877862595419847,-0.46923828125,-0.009033203125,-0.114501953125,1.19
-1.099236641221374,1.2213740458015268,-1.8778625954198473,-0.462646484375,-0.012939453125,-0.112060546875,1.1917
-1.0076335877862594,1.1145038167938932,-1.6641221374045803,-0.463623046875,-0.008544921875,-0.111572265625,1.1934
-0.9465648854961832,1.1908396946564885,-1.618320610687023,-0.4619140625,-0.012939453125,-0.1181640625,1.1950999999999998
-0.7633587786259542,1.1145038167938932,-1.8015267175572518,-0.46337890625,-0.0078125,-0.113037109375,1.1967999999999999
-0.9465648854961832,1.2061068702290076,-1.984732824427481,-0.465576171875,-0.00927734375,-0.120849609375,1.1985
-0.8549618320610687,1.1603053435114503,-1.7709923664122138,-0.463134765625,-0.006591796875,-0.1181640625,1.2002
-0.6106870229007634,0.9923664122137404,-2.015267175572519,-0.463623046875,-0.010986328125,-0.1259765625,1.2019
-0.5648854961832062,0.8702290076335878,-1.618320610687023,-0.46240234375,-0.008056640625,-0.116455078125,1.2036
-0.5648854961832062,0.9465648854961832,-1.7557251908396947,-0.46240234375,-0.009033203125,-0.11474609375,1.2053
-0.3816793893129771,0.8396946564885496,-1.6946564885496183,-0.462158203125,-0.012939453125,-0.109619140625,1.2069999999999999
-0.3511450381679389,0.7022900763358778,-1.8931297709923665,-0.462646484375,-0.012451171875,-0.11279296875,1.2086999999999999
-0.366412213740458,0.5954198473282443,-1.8473282442748091,-0.462646484375,-0.006591796875,-0.11083984375,1.2104
0.0,0.48854961832061067,-1.6793893129770991,-0.461181640625,-0.00439453125,-0.124755859375,1.2121
0.24427480916030533,0.4732824427480916,-1.5419847328244274,-0.463623046875,-0.0068359375,-0.123046875,1.2138
0.030534351145038167,0.3511450381679389,-1.5877862595419847,-0.464599609375,0.000244140625,-0.117431640625,1.2155
0.015267175572519083,0.3969465648854962,-1.7557251908396947,-0.463623046875,-0.00830078125,-0.1171875,1.2171999999999998
-0.015267175572519083,0.24427480916030533,-1.618320610687023,-0.465576171875,0.000244140625,-0.11962890625,1.2188999999999999
0.4580152671755725,0.21374045801526717,-1.4351145038167938,-0.462158203125,-0.004150390625,-0.11328125,1.2206
0.5648854961832062,0.183206106870229,-1.4809160305343512,-0.466552734375,-0.00390625,-0.114990234375,1.2223
0.6259541984732825,0.1984732824427481,-1.4809160305343512,-0.4638671875,-0.011474609375,-0.112548828125,1.224
0.8244274809160306,0.15267175572519084,-1.4198473282442747,-0.464599609375,-0.0068359375,-0.11328125,1.2257
0.8702290076335878,0.12213740458015267,-1.1908396946564885,-0.46533203125,-0.0087890625,-0.113037109375,1.2273999999999998
0.549618320610687,0.3511450381679389,-1.1450381679389312,-0.468505859375,-0.009521484375,-0.10693359375,1.2290999999999999
0.8396946564885496,0.42748091603053434,-1.1603053435114503,-0.467529296875,-0.007568359375,-0.109375,1.2308
0.9465648854961832,0.21374045801526717,-1.0687022900763359,-0.468505859375,-0.008056640625,-0.120361328125,1.2325
0.9618320610687023,0.13740458015267176,-0.9465648854961832,-0.46630859375,-0.008544921875,-0.107421875,1.2342
1.297709923664122,0.2900763358778626,-1.1450381679389312,-0.464599609375,-0.008544921875,-0.105712890625,1.2359
1.5267175572519085,0.3511450381679389,-1.083969465648855,-0.47216796875,-0.00439453125,-0.10986328125,1.2376
1.3740458015267176,0.4122137404580153,-0.916030534351145,-0.470703125,-0.009521484375,-0.111328125,1.2392999999999998
1.5419847328244274,0.4732824427480916,-1.0381679389312977,-0.464599609375,-0.009765625,-0.11865234375,1.2409999999999999
1.4351145038167938,0.3816793893129771,-0.9465648854961832,-0.467529296875,-0.013916015625,-0.107177734375,1.2427
1.618320610687023,0.5801526717557252,-0.8702290076335878,-0.466064453125,-0.008544921875,-0.110107421875,1.2444
1.816793893129771,0.5038167938931297,-1.099236641221374,-0.466552734375,-0.0078125,-0.10546875,1.2461
1.786259541984733,0.5343511450381679,-0.916030534351145,-0.463623046875,-0.00537109375,-0.111328125,1.2478
1.984732824427481,0.6412213740458015,-0.8854961832061069,-0.468017578125,-0.00830078125,-0.109130859375,1.2494999999999998
2.0,0.6564885496183206,-0.7633587786259542,-0.4677734375,-0.007568359375,-0.10888671875,1.2511999999999999
2.122137404580153,0.5038167938931297,-0.9007633587786259,-0.4658203125,-0.01318359375,-0.11474609375,1.2529
2.427480916030534,0.732824427480916,-0.9007633587786259,-0.46484375,-0.007080078125,-0.103515625,1.2546
2.2900763358778624,0.9007633587786259,-1.0534351145038168,-0.46484375,-0.002685546875,-0.112060546875,1.2563
2.16793893129771,0.8549618320610687,-0.9618320610687023,-0.462890625,-0.010009765625,-0.115234375,1.258
2.33587786259542,0.7633587786259542,-0.9312977099236641,-0.464599609375,-0.009033203125,-0.1103515625,1.2596999999999998
2.2748091603053435,1.2061068702290076,-0.8396946564885496,-0.46533203125,-0.00927734375,-0.111328125,1.2613999999999999
2.519083969465649,1.0534351145038168,-0.9007633587786259,-0.46826171875,-0.0048828125,-0.114013671875,1.2631
2.564885496183206,0.9923664122137404,-0.8549618320610687,-0.466064453125,-0.0078125,-0.109130859375,1.2648
2.7938931297709924,1.099236641221374,-1.0229007633587786,-0.469482421875,-0.011474609375,-0.107421875,1.2665
2.4427480916030535,1.3129770992366412,-1.1450381679389312,-0.468505859375,-0.007080078125,-0.115478515625,1.2682
2.5343511450381677,1.282442748091603,-1.0534351145038168,-0.470458984375,-0.008056640625,-0.11181640625,1.2699
2.6564885496183206,1.2213740458015268,-0.8702290076335878,-0.469970703125,-0.007080078125,-0.1015625,1.2715999999999998
2.7938931297709924,1.450381679389313,-1.0534351145038168,-0.468994140625,-0.005615234375,-0.10693359375,1.2732999999999999
2.8091603053435112,1.3435114503816794,-1.1603053435114503,-0.466552734375,-0.009765625,-0.11865234375,1.275
2.6717557251908395,1.3587786259541985,-1.1297709923664123,-0.46875,-0.010009765625,-0.110595703125,1.2767
2.9770992366412212,1.5419847328244274,-0.916030534351145,-0.469970703125,-0.01171875,-0.113037109375,1.2784
2.900763358778626,1.5419847328244274,-1.3282442748091603,-0.46826171875,-0.013427734375,-0.113525390625,1.2801
2.6106870229007635,1.5725190839694656,-1.2213740458015268,-0.46923828125,-0.01318359375,-0.11181640625,1.2817999999999998
2.763358778625954,1.6793893129770991,-1.1145038167938932,-0.46875,-0.00927734375,-0.10546875,1.2834999999999999
2.7480916030534353,1.8778625954198473,-1.1145038167938932,-0.469970703125,-0.006103515625,-0.1083984375,1.2852
2.885496183206107,1.9083969465648856,-1.2671755725190839,-0.472412109375,-0.01123046875,-0.1162109375,1.2869
2.9923664122137406,2.0610687022900764,-1.1145038167938932,-0.4658203125,-0.01171875,-0.109130859375,1.2886
2.6259541984732824,2.122137404580153,-1.282442748091603,-0.4677734375,-0.009765625,-0.10791015625,1.2903
2.763358778625954,2.030534351145038,-1.251908396946565,-0.46826171875,-0.010986328125,-0.115234375,1.292
2.8702290076335877,1.984732824427481,-1.1908396946564885,-0.46875,-0.01318359375,-0.121337890625,1.2936999999999999
2.427480916030534,2.3206106870229006,-1.251908396946565,-0.4658203125,-0.013671875,-0.116943359375,1.2953999999999999
2.6564885496183206,2.0610687022900764,-1.1908396946564885,-0.471923828125,-0.010986328125,-0.114013671875,1.2971
2.9160305343511452,1.9083969465648856,-1.3587786259541985,-0.46728515625,-0.01025390625,-0.1220703125,1.2988
2.687022900763359,2.3053435114503817,-1.4045801526717556,-0.468994140625,-0.007568359375,-0.114990234375,1.3005
2.519083969465649,2.183206106870229,-1.4045801526717556,-0.46826171875,-0.012451171875,-0.114990234375,1.3022
2.595419847328244,2.183206106870229,-1.282442748091603,-0.468017578125,-0.010498046875,-0.114990234375,1.3038999999999998
2.6412213740458017,2.0610687022900764,-1.7251908396946565,-0.463134765625,-0.010986328125,-0.11865234375,1.3055999999999999
2.33587786259542,2.0916030534351147,-1.4961832061068703,-0.467041015625,-0.01318359375,-0.116943359375,1.3073
2.3969465648854964,2.351145038167939,-1.3740458015267176,-0.46875,-0.012939453125,-0.110107421875,1.309
2.4732824427480917,2.33587786259542,-1.3587786259541985,-0.4697265625,-0.01123046875,-0.100341796875,1.3107
2.4122137404580153,2.351145038167939,-1.5877862595419847,-0.466552734375,-0.01220703125,-0.107177734375,1.3124
2.519083969465649,2.213740458015267,-1.5725190839694656,-0.468505859375,-0.013671875,-0.109375,1.3140999999999998
2.549618320610687,2.33587786259542,-1.633587786259542,-0.466552734375,-0.01123046875,-0.117919921875,1.3157999999999999
2.4885496183206106,2.2595419847328246,-1.6488549618320612,-0.47216796875,-0.012451171875,-0.11328125,1.3175
2.1374045801526718,2.2900763358778624,-1.7404580152671756,-0.462158203125,-0.007568359375,-0.110107421875,1.3192
2.3206106870229006,2.4732824427480917,-1.633587786259542,-0.46484375,-0.0107421875,-0.11181640625,1.3209
2.549618320610687,2.2900763358778624,-1.7557251908396947,-0.466796875,-0.002685546875,-0.116943359375,1.3226
2.183206106870229,2.427480916030534,-1.8931297709923665,-0.4658203125,-0.012451171875,-0.119140625,1.3243
2.1374045801526718,2.6259541984732824,-1.9083969465648856,-0.464599609375,-0.0146484375,-0.11328125,1.3259999999999998
2.3206106870229006,2.519083969465649,-1.786259541984733,-0.46630859375,-0.01513671875,-0.116455078125,1.3276999999999999
2.16793893129771,2.50381679389313,-1.7251908396946565,-0.469970703125,-0.01171875,-0.120849609375,1.3294
1.9236641221374047,2.6564885496183206,-1.9541984732824427,-0.47216796875,-0.009765625,-0.12109375,1.3311
2.0763358778625953,2.549618320610687,-2.030534351145038,-0.4638671875,-0.014892578125,-0.12451171875,1.3328
2.1526717557251906,2.4732824427480917,-1.7557251908396947,-0.4658203125,-0.00732421875,-0.119140625,1.3345
2.122137404580153,2.564885496183206,-1.8931297709923665,-0.46630859375,-0.009033203125,-0.112060546875,1.3361999999999998
2.0916030534351147,2.5343511450381677,-1.8778625954198473,-0.468505859375,-0.009765625,-0.123291015625,1.3378999999999999
2.2595419847328246,2.7480916030534353,-1.8931297709923665,-0.46728515625,-0.0107421875,-0.13037109375,1.3396
2.0,2.5801526717557253,-1.984732824427481,-0.466796875,-0.012451171875,-0.11865234375,1.3413
1.9389312977099236,2.519083969465649,-2.015267175572519,-0.46484375,-0.013671875,-0.111083984375,1.343
2.198473282442748,2.6106870229007635,-1.984732824427481,-0.4677734375,-0.009521484375,-0.1171875,1.3447
1.9389312977099236,2.564885496183206,-1.9694656488549618,-0.4677734375,-0.01171875,-0.12158203125,1.3463999999999998
1.9389312977099236,2.6412213740458017,-1.7709923664122138,-0.467529296875,-0.015380859375,-0.114990234375,1.3480999999999999
2.045801526717557,2.763358778625954,-1.9541984732824427,-0.46728515625,-0.015625,-0.109130859375,1.3497999999999999
1.9389312977099236,2.732824427480916,-1.9389312977099236,-0.46728515625,-0.012939453125,-0.113037109375,1.3515
1.8015267175572518,2.7022900763358777,-2.030534351145038,-0.463134765625,-0.013427734375,-0.1142578125,1.3532
1.984732824427481,2.6106870229007635,-1.9541984732824427,-0.464599609375,-0.01220703125,-0.113525390625,1.3549
1.9389312977099236,2.8244274809160306,-1.984732824427481,-0.468505859375,-0.01416015625,-0.121337890625,1.3566
1.9694656488549618,2.6412213740458017,-2.030534351145038,-0.46826171875,-0.013671875,-0.115234375,1.3582999999999998
1.786259541984733,2.687022900763359,-1.9389312977099236,-0.465087890625,-0.014404296875,-0.110107421875,1.3599999999999999
1.7404580152671756,2.9160305343511452,-1.83206106870229,-0.4677734375,-0.01416015625,-0.115478515625,1.3617
1.8015267175572518,2.854961832061069,-1.9541984732824427,-0.46533203125,-0.009521484375,-0.117431640625,1.3634
2.045801526717557,2.732824427480916,-1.8473282442748091,-0.467529296875,-0.00830078125,-0.116455078125,1.3651
1.9694656488549618,2.732824427480916,-2.2290076335877864,-0.464599609375,-0.0107421875,-0.1201171875,1.3668
2.0610687022900764,2.7022900763358777,-1.8778625954198473,-0.466796875,-0.014404296875,-0.123291015625,1.3684999999999998
1.8931297709923665,2.7022900763358777,-2.0,-0.469482421875,-0.0107421875,-0.11669921875,1.3701999999999999
2.045801526717557,2.595419847328244,-1.8625954198473282,-0.466552734375,-0.012451171875,-0.11962890625,1.3719
1.9694656488549618,2.595419847328244,-1.816793893129771,-0.462646484375,-0.010009765625,-0.117431640625,1.3736
2.0916030534351147,2.732824427480916,-1.9389312977099236,-0.4619140625,-0.0107421875,-0.12060546875,1.3753
2.2442748091603053,2.6259541984732824,-2.015267175572519,-0.466552734375,-0.010498046875,-0.115478515625,1.377
2.198473282442748,2.549618320610687,-1.8778625954198473,-0.46630859375,-0.013671875,-0.123291015625,1.3786999999999998
1.8931297709923665,2.564885496183206,-2.045801526717557,-0.466552734375,-0.012939453125,-0.116455078125,1.3803999999999998
2.198473282442748,2.564885496183206,-2.030534351145038,-0.457763671875,-0.0078125,-0.12451171875,1.3820999999999999
2.2748091603053435,2.50381679389313,-1.9694656488549618,-0.466796875,-0.01123046875,-0.110107421875,1.3838
2.2290076335877864,2.4427480916030535,-1.8931297709923665,-0.46630859375,-0.013671875,-0.1181640625,1.3855
2.1374045801526718,2.4427480916030535,-2.0763358778625953,-0.462158203125,-0.0078125,-0.117431640625,1.3872
2.0763358778625953,2.4732824427480917,-1.8778625954198473,-0.46728515625,-0.01611328125,-0.11572265625,1.3889
2.183206106870229,2.3969465648854964,-2.1374045801526718,-0.463623046875,-0.012939453125,-0.10986328125,1.3905999999999998
2.4732824427480917,2.366412213740458,-1.8778625954198473,-0.462158203125,-0.014892578125,-0.1181640625,1.3922999999999999
2.3206106870229006,2.4427480916030535,-1.9083969465648856,-0.464111328125,-0.012451171875,-0.1181640625,1.394
2.2900763358778624,2.549618320610687,-1.8015267175572518,-0.466064453125,-0.011474609375,-0.115966796875,1.3957
2.3969465648854964,2.4885496183206106,-1.8778625954198473,-0.46630859375,-0.0126953125,-0.11181640625,1.3974
2.4732824427480917,2.122137404580153,-1.9389312977099236,-0.461669921875,-0.01318359375,-0.11279296875,1.3991
2.4885496183206106,2.015267175572519,-1.786259541984733,-0.46240234375,-0.010498046875,-0.12109375,1.4007999999999998
2.4885496183206106,2.5801526717557253,-1.5572519083969465,-0.469970703125,-0.009765625,-0.118408203125,1.4024999999999999
2.4580152671755724,2.3969465648854964,-1.7099236641221374,-0.47216796875,-0.005126953125,-0.114501953125,1.4042
2.2748091603053435,2.0610687022900764,-1.7099236641221374,-0.464599609375,-0.010986328125,-0.11474609375,1.4059
2.3053435114503817,2.183206106870229,-1.7557251908396947,-0.466064453125,-0.011962890625,-0.11962890625,1.4076
2.519083969465649,2.183206106870229,-1.7709923664122138,-0.46337890625,-0.0107421875,-0.121337890625,1.4093
2.6717557251908395,2.1526717557251906,-1.3587786259541985,-0.466552734375,-0.015380859375,-0.1181640625,1.411
2.5343511450381677,2.2290076335877864,-1.4045801526717556,-0.466796875,-0.01220703125,-0.11767578125,1.4126999999999998
2.4885496183206106,2.0916030534351147,-1.6030534351145038,-0.464599609375,-0.01123046875,-0.118896484375,1.4143999999999999
2.519083969465649,2.015267175572519,-1.5267175572519085,-0.463134765625,-0.0126953125,-0.114990234375,1.4161
2.549618320610687,1.8473282442748091,-1.4809160305343512,-0.463134765625,-0.012939453125,-0.11767578125,1.4178
2.4885496183206106,2.015267175572519,-1.099236641221374,-0.45849609375,-0.01025390625,-0.110107421875,1.4195
2.687022900763359,2.366412213740458,-1.4198473282442747,-0.466064453125,-0.014892578125,-0.116943359375,1.4212
2.4732824427480917,2.0763358778625953,-1.4045801526717556,-0.462158203125,-0.00830078125,-0.112060546875,1.4228999999999998
2.4885496183206106,1.9236641221374047,-1.4809160305343512,-0.464599609375,-0.00927734375,-0.122314453125,1.4245999999999999
2.4885496183206106,1.984732824427481,-1.3129770992366412,-0.46923828125,-0.007080078125,-0.123291015625,1.4263
2.854961832061069,2.1068702290076335,-1.3282442748091603,-0.466796875,-0.010009765625,-0.114013671875,1.428
2.4885496183206106,2.045801526717557,-1.1603053435114503,-0.466064453125,-0.01220703125,-0.110107421875,1.4297
2.4427480916030535,1.9541984732824427,-1.2671755725190839,-0.466796875,-0.01611328125,-0.121826171875,1.4314
2.5343511450381677,1.8473282442748091,-1.251908396946565,-0.468017578125,-0.0126953125,-0.1181640625,1.4330999999999998
2.6564885496183206,2.198473282442748,-1.297709923664122,-0.46484375,-0.011962890625,-0.119873046875,1.4347999999999999
2.5343511450381677,2.2290076335877864,-1.083969465648855,-0.467041015625,-0.011962890625,-0.119384765625,1.4364999999999999
2.732824427480916,2.1526717557251906,-1.2671755725190839,-0.467041015625,-0.015380859375,-0.11328125,1.4382
2.549618320610687,2.045801526717557,-1.1755725190839694,-0.465087890625,-0.014404296875,-0.127197265625,1.4399
2.549618320610687,1.9389312977099236,-1.465648854961832,-0.461181640625,-0.016357421875,-0.11962890625,1.4416
2.50381679389313,1.9083969465648856,-1.4198473282442747,-0.4619140625,-0.013671875,-0.1201171875,1.4433
2.427480916030534,1.9541984732824427,-1.465648854961832,-0.465576171875,-0.012451171875,-0.125,1.4449999999999998
2.4580152671755724,1.7709923664122138,-1.282442748091603,-0.462646484375,-0.01416015625,-0.126708984375,1.4466999999999999
2.687022900763359,1.8015267175572518,-1.5877862595419847,-0.463623046875,-0.013427734375,-0.115234375,1.4484
2.732824427480916,1.8625954198473282,-1.4045801526717556,-0.467529296875,-0.0107421875,-0.12109375,1.4501
2.351145038167939,1.7404580152671756,-1.297709923664122,-0.4697265625,-0.0107421875,-0.11572265625,1.4518
2.2442748091603053,1.816793893129771,-1.2671755725190839,-0.462890625,-0.016845703125,-0.119140625,1.4535
2.549618320610687,1.6793893129770991,-1.5725190839694656,-0.46533203125,-0.01708984375,-0.11572265625,1.4551999999999998
2.381679389312977,1.7251908396946565,-1.3740458015267176,-0.470703125,-0.01416015625,-0.11279296875,1.4568999999999999
2.351145038167939,1.8015267175572518,-1.4351145038167938,-0.462646484375,-0.0146484375,-0.123291015625,1.4586
2.2900763358778624,1.6793893129770991,-1.3435114503816794,-0.464599609375,-0.018798828125,-0.1220703125,1.4603
2.16793893129771,1.83206106870229,-1.4045801526717556,-0.465576171875,-0.0107421875,-0.121337890625,1.462
2.351145038167939,1.9083969465648856,-1.5419847328244274,-0.466064453125,-0.015380859375,-0.11181640625,1.4637
2.4580152671755724,1.7557251908396947,-1.618320610687023,-0.467041015625,-0.012451171875,-0.118408203125,1.4653999999999998
2.5801526717557253,1.7099236641221374,-1.3740458015267176,-0.46435546875,-0.0146484375,-0.116943359375,1.4670999999999998
2.2748091603053435,1.633587786259542,-1.5114503816793894,-0.461669921875,-0.013427734375,-0.1259765625,1.4687999999999999
2.122137404580153,1.5572519083969465,-1.4198473282442747,-0.463623046875,-0.016357421875,-0.120849609375,1.4705
2.427480916030534,1.7251908396946565,-1.6488549618320612,-0.464599609375,-0.01416015625,-0.118896484375,1.4722
2.3969465648854964,1.6793893129770991,-1.5572519083969465,-0.464599609375,-0.013671875,-0.119140625,1.4739
2.1374045801526718,1.7404580152671756,-1.7251908396946565,-0.466552734375,-0.012451171875,-0.1181640625,1.4756
2.2290076335877864,1.633587786259542,-1.6946564885496183,-0.466552734375,-0.010498046875,-0.124755859375,1.4772999999999998
2.427480916030534,1.5572519083969465,-1.6793893129770991,-0.465087890625,-0.012451171875,-0.125244140625,1.4789999999999999
2.427480916030534,1.633587786259542,-1.6641221374045803,-0.46630859375,-0.01171875,-0.120361328125,1.4807
2.0,1.7557251908396947,-1.5114503816793894,-0.463623046875,-0.011474609375,-0.121337890625,1.4824
2.33587786259542,1.618320610687023,-1.6946564885496183,-0.466552734375,-0.012451171875,-0.121337890625,1.4841
2.3206106870229006,1.3587786259541985,-1.9083969465648856,-0.466796875,-0.01220703125,-0.119140625,1.4858
2.1374045801526718,1.5114503816793894,-1.4809160305343512,-0.4638671875,-0.015625,-0.11962890625,1.4874999999999998
2.2595419847328246,1.618320610687023,-1.6488549618320612,-0.466064453125,-0.01025390625,-0.112060546875,1.4891999999999999
2.366412213740458,1.4351145038167938,-1.7557251908396947,-0.466796875,-0.0068359375,-0.117431640625,1.4909
2.0916030534351147,1.4351145038167938,-1.6641221374045803,-0.46630859375,-0.0107421875,-0.1220703125,1.4926
2.183206106870229,1.5725190839694656,-1.5572519083969465,-0.462890625,-0.01708984375,-0.12255859375,1.4943
1.8778625954198473,1.618320610687023,-1.786259541984733,-0.465576171875,-0.013916015625,-0.12255859375,1.496
2.2290076335877864,1.2671755725190839,-1.618320610687023,-0.468994140625,-0.013671875,-0.118408203125,1.4976999999999998
2.1374045801526718,1.6793893129770991,-1.6793893129770991,-0.461669921875,-0.01318359375,-0.115966796875,1.4993999999999998
2.1526717557251906,1.5114503816793894,-1.6488549618320612,-0.46484375,-0.0146484375,-0.1123046875,1.5010999999999999
2.2290076335877864,1.465648854961832,-1.5877862595419847,-0.4697265625,-0.01416015625,-0.105712890625,1.5028
1.9236641221374047,1.5572519083969465,-1.618320610687023,-0.461669921875,-0.014404296875,-0.123046875,1.5045
2.015267175572519,1.3893129770992367,-1.6793893129770991,-0.4677734375,-0.01416015625,-0.1142578125,1.5062
2.2900763358778624,1.3740458015267176,-1.5877862595419847,-0.466064453125,-0.011962890625,-0.116943359375,1.5079
2.2290076335877864,1.5725190839694656,-1.5572519083969465,-0.466796875,-0.01220703125,-0.12060546875,1.5095999999999998
2.2748091603053435,1.3893129770992367,-1.7099236641221374,-0.46875,-0.01611328125,-0.120361328125,1.5112999999999999
2.0916030534351147,1.3435114503816794,-1.6030534351145038,-0.467529296875,-0.0146484375,-0.125732421875,1.513
2.0916030534351147,1.3435114503816794,-1.4351145038167938,-0.467529296875,-0.021728515625,-0.1181640625,1.5147
2.183206106870229,1.5572519083969465,-1.5572519083969465,-0.472900390625,-0.011962890625,-0.1201171875,1.5164
2.0763358778625953,1.6641221374045803,-1.4198473282442747,-0.469482421875,-0.01318359375,-0.124267578125,1.5181
1.984732824427481,1.618320610687023,-1.297709923664122,-0.469970703125,-0.01318359375,-0.12109375,1.5197999999999998
2.0763358778625953,1.5419847328244274,-1.2061068702290076,-0.46923828125,-0.0146484375,-0.1181640625,1.5214999999999999
2.0610687022900764,1.5725190839694656,-1.4351145038167938,-0.462646484375,-0.011474609375,-0.1220703125,1.5231999999999999
2.16793893129771,1.6793893129770991,-1.4045801526717556,-0.46533203125,-0.014892578125,-0.121337890625,1.5249
2.2748091603053435,1.6946564885496183,-1.4351145038167938,-0.465576171875,-0.01025390625,-0.120849609375,1.5266
2.122137404580153,1.7404580152671756,-1.5419847328244274,-0.466064453125,-0.01806640625,-0.129638671875,1.5283
2.0610687022900764,1.7099236641221374,-1.4198473282442747,-0.465576171875,-0.0146484375,-0.119140625,1.5299999999999998
1.8625954198473282,1.7709923664122138,-1.3435114503816794,-0.4697265625,-0.011474609375,-0.115478515625,1.5316999999999998
2.1374045801526718,1.7251908396946565,-1.3740458015267176,-0.463134765625,-0.009765625,-0.116943359375,1.5333999999999999
2.0916030534351147,1.6641221374045803,-1.4351145038167938,-0.467529296875,-0.010986328125,-0.125,1.5351
2.030534351145038,1.8015267175572518,-1.4351145038167938,-0.466064453125,-0.010009765625,-0.120361328125,1.5368
2.33587786259542,1.633587786259542,-1.2366412213740459,-0.463134765625,-0.01513671875,-0.11279296875,1.5385
2.122137404580153,1.4809160305343512,-1.5572519083969465,-0.463623046875,-0.014892578125,-0.11962890625,1.5402
1.9083969465648856,1.3129770992366412,-1.4961832061068703,-0.46435546875,-0.010009765625,-0.116943359375,1.5418999999999998
2.2595419847328246,1.5572519083969465,-1.4351145038167938,-0.470458984375,-0.01416015625,-0.120361328125,1.5435999999999999
2.0916030534351147,1.3740458015267176,-1.4961832061068703,-0.4697265625,-0.011474609375,-0.12353515625,1.5453
2.015267175572519,1.3587786259541985,-1.4198473282442747,-0.46826171875,-0.010986328125,-0.1201171875,1.547
2.0,1.5877862595419847,-1.633587786259542,-0.46533203125,-0.013427734375,-0.1181640625,1.5487
2.16793893129771,1.4198473282442747,-1.6946564885496183,-0.46435546875,-0.018310546875,-0.1220703125,1.5504
2.2290076335877864,1.4045801526717556,-1.4961832061068703,-0.463134765625,-0.012451171875,-0.1162109375,1.5520999999999998
2.2595419847328246,1.3129770992366412,-1.3740458015267176,-0.468505859375,-0.011474609375,-0.119873046875,1.5537999999999998
1.8778625954198473,1.633587786259542,-1.450381679389313,-0.46240234375,-0.0107421875,-0.122314453125,1.5554999999999999
1.9541984732824427,1.7709923664122138,-1.4198473282442747,-0.4638671875,-0.011474609375,-0.12451171875,1.5572
1.9541984732824427,1.6030534351145038,-1.4045801526717556,-0.455810546875,-0.013916015625,-0.122802734375,1.5589
2.0,1.7099236641221374,-1.4045801526717556,-0.464111328125,-0.005859375,-0.1240234375,1.5606
2.0916030534351147,1.6488549618320612,-1.4045801526717556,-0.46435546875,-0.010986328125,-0.119140625,1.5623
1.7099236641221374,1.4961832061068703,-1.1297709923664123,-0.466552734375,-0.0107421875,-0.119384765625,1.5639999999999998
2.015267175572519,1.4198473282442747,-1.1755725190839694,-0.46435546875,-0.01318359375,-0.121826171875,1.5656999999999999
1.9541984732824427,1.465648854961832,-1.1755725190839694,-0.466064453125,-0.012939453125,-0.123291015625,1.5674
1.9541984732824427,1.3893129770992367,-1.0076335877862594,-0.465576171875,-0.012451171875,-0.116943359375,1.5691
1.9389312977099236,1.5572519083969465,-1.0687022900763359,-0.46728515625,-0.01513671875,-0.111572265625,1.5708
1.9236641221374047,1.4045801526717556,-1.1450381679389312,-0.467529296875,-0.010986328125,-0.12451171875,1.5725
1.8473282442748091,1.3282442748091603,-1.2213740458015268,-0.467041015625,-0.010986328125,-0.12548828125,1.5741999999999998
1.83206106870229,1.3587786259541985,-1.0687022900763359,-0.466796875,-0.016357421875,-0.121826171875,1.5758999999999999
1.8778625954198473,1.4198473282442747,-1.2366412213740459,-0.463623046875,-0.01171875,-0.121826171875,1.5776
1.8778625954198473,1.5572519083969465,-1.3129770992366412,-0.467529296875,-0.009033203125,-0.1201171875,1.5793
1.5725190839694656,1.6946564885496183,-1.1603053435114503,-0.470947265625,-0.011474609375,-0.119140625,1.581
1.7557251908396947,1.5725190839694656,-1.2671755725190839,-0.466552734375,-0.016357421875,-0.1162109375,1.5827
1.633587786259542,1.6946564885496183,-1.0381679389312977,-0.46435546875,-0.011474609375,-0.12060546875,1.5843999999999998
1.816793893129771,1.83206106870229,-1.1450381679389312,-0.466552734375,-0.01318359375,-0.124267578125,1.5860999999999998
1.5267175572519085,1.786259541984733,-1.2366412213740459,-0.463623046875,-0.014892578125,-0.117431640625,1.5877999999999999
1.7404580152671756,1.8931297709923665,-1.4809160305343512,-0.463623046875,-0.01416015625,-0.119140625,1.5895
1.5877862595419847,1.83206106870229,-1.2671755725190839,-0.467041015625,-0.01220703125,-0.1103515625,1.5912
1.6641221374045803,1.9389312977099236,-1.297709923664122,-0.464599609375,-0.010986328125,-0.121826171875,1.5929
1.6946564885496183,1.984732824427481,-1.3282442748091603,-0.46533203125,-0.01171875,-0.124267578125,1.5946
1.5572519083969465,2.0763358778625953,-1.3435114503816794,-0.466796875,-0.0166015625,-0.114013671875,1.5962999999999998
1.5267175572519085,1.9083969465648856,-1.3893129770992367,-0.46728515625,-0.014892578125,-0.116455078125,1.5979999999999999
1.4809160305343512,1.7251908396946565,-1.5267175572519085,-0.464599609375,-0.015380859375,-0.1171875,1.5997
1.6946564885496183,1.6641221374045803,-1.6641221374045803,-0.467529296875,-0.010009765625,-0.115966796875,1.6014
1.7557251908396947,1.8473282442748091,-1.7709923664122138,-0.469970703125,-0.00830078125,-0.117431640625,1.6031
1.6030534351145038,1.6488549618320612,-1.7404580152671756,-0.467041015625,-0.01513671875,-0.110107421875,1.6048
1.7404580152671756,1.7709923664122138,-1.8473282442748091,-0.466064453125,-0.01318359375,-0.12158203125,1.6064999999999998
1.4198473282442747,1.633587786259542,-2.0,-0.4609375,-0.0126953125,-0.118896484375,1.6081999999999999
1.7099236641221374,1.618320610687023,-1.7709923664122138,-0.4619140625,-0.011474609375,-0.124755859375,1.6098999999999999
1.465648854961832,1.5419847328244274,-1.9541984732824427,-0.466552734375,-0.0087890625,-0.11572265625,1.6116
1.786259541984733,1.6793893129770991,-2.1068702290076335,-0.466552734375,-0.0126953125,-0.11572265625,1.6133
1.786259541984733,1.5725190839694656,-2.0,-0.4658203125,-0.01708984375,-0.116943359375,1.615
1.3282442748091603,1.450381679389313,-1.8778625954198473,-0.468017578125,-0.013671875,-0.1220703125,1.6166999999999998
1.5572519083969465,1.3893129770992367,-2.0,-0.46728515625,-0.012939453125,-0.120361328125,1.6183999999999998
1.6030534351145038,1.3282442748091603,-2.015267175572519,-0.46630859375,-0.00927734375,-0.119384765625,1.6200999999999999
1.6946564885496183,1.5114503816793894,-1.8778625954198473,-0.464111328125,-0.015869140625,-0.116943359375,1.6218
1.6488549618320612,1.297709923664122,-2.198473282442748,-0.46630859375,-0.018310546875,-0.11279296875,1.6235
1.4961832061068703,1.3893129770992367,-1.9541984732824427,-0.46728515625,-0.016357421875,-0.109375,1.6252
1.5572519083969465,1.5114503816793894,-2.0,-0.46337890625,-0.012939453125,-0.12109375,1.6269
1.618320610687023,1.4198473282442747,-1.8778625954198473,-0.46630859375,-0.013916015625,-0.1171875,1.6285999999999998
1.450381679389313,1.4198473282442747,-1.8473282442748091,-0.46484375,-0.013427734375,-0.1240234375,1.6302999999999999
1.633587786259542,1.282442748091603,-1.7557251908396947,-0.46142578125,-0.012939453125,-0.12060546875,1.632
1.5877862595419847,1.3129770992366412,-1.8015267175572518,-0.46533203125,-0.01318359375,-0.1201171875,1.6337
1.4045801526717556,1.2061068702290076,-1.6793893129770991,-0.463134765625,-0.013427734375,-0.1123046875,1.6354
1.5114503816793894,1.1908396946564885,-1.7099236641221374,-0.467041015625,-0.0126953125,-0.11865234375,1.6371
1.4198473282442747,1.3282442748091603,-1.5572519083969465,-0.4638671875,-0.01806640625,-0.127197265625,1.6387999999999998
1.4198473282442747,1.297709923664122,-1.83206106870229,-0.462646484375,-0.015380859375,-0.126953125,1.6404999999999998
1.3893129770992367,1.1297709923664123,-1.6488549618320612,-0.46240234375,-0.014892578125,-0.119140625,1.6421999999999999
1.5419847328244274,1.099236641221374,-1.6030534351145038,-0.464111328125,-0.013671875,-0.1181640625,1.6439
1.2671755725190839,1.083969465648855,-1.4198473282442747,-0.461181640625,-0.012939453125,-0.118896484375,1.6456
1.3893129770992367,1.1145038167938932,-1.618320610687023,-0.463134765625,-0.01025390625,-0.123291015625,1.6473
1.633587786259542,1.099236641221374,-1.282442748091603,-0.470458984375,-0.014404296875,-0.117431640625,1.6489999999999998
1.2366412213740459,0.9923664122137404,-1.3129770992366412,-0.466796875,-0.01708984375,-0.1201171875,1.6506999999999998
1.251908396946565,0.916030534351145,-1.297709923664122,-0.466064453125,-0.01904296875,-0.120849609375,1.6523999999999999
1.3893129770992367,1.0534351145038168,-1.297709923664122,-0.466064453125,-0.01513671875,-0.11669921875,1.6541
1.297709923664122,0.9465648854961832,-1.297709923664122,-0.45849609375,-0.01416015625,-0.12451171875,1.6558
1.4961832061068703,0.9312977099236641,-1.2366412213740459,-0.465576171875,-0.012451171875,-0.110107421875,1.6575
1.4809160305343512,0.9007633587786259,-1.1755725190839694,-0.46484375,-0.01513671875,-0.112060546875,1.6592
1.2671755725190839,0.8091603053435115,-1.3740458015267176,-0.4677734375,-0.014892578125,-0.108642578125,1.6608999999999998
1.4351145038167938,1.099236641221374,-1.1297709923664123,-0.46826171875,-0.00830078125,-0.117919921875,1.6625999999999999
1.5267175572519085,0.9465648854961832,-1.251908396946565,-0.467041015625,-0.00927734375,-0.120849609375,1.6643
1.5572519083969465,0.9923664122137404,-1.1297709923664123,-0.46875,-0.013671875,-0.112060546875,1.666
1.282442748091603,0.9770992366412213,-1.083969465648855,-0.464111328125,-0.015869140625,-0.1201171875,1.6677
1.6030534351145038,0.8702290076335878,-1.1603053435114503,-0.466796875,-0.01171875,-0.124267578125,1.6694
1.5877862595419847,0.8244274809160306,-1.2061068702290076,-0.46630859375,-0.01904296875,-0.124755859375,1.6710999999999998
1.5419847328244274,0.7175572519083969,-1.0076335877862594,-0.470947265625,-0.015625,-0.124755859375,1.6727999999999998
1.5572519083969465,0.9618320610687023,-1.0534351145038168,-0.4638671875,-0.01416015625,-0.1162109375,1.6744999999999999
1.5419847328244274,0.9618320610687023,-1.3129770992366412,-0.4609375,-0.015869140625,-0.11181640625,1.6762
1.4351145038167938,0.7938931297709924,-1.3893129770992367,-0.460205078125,-0.010498046875,-0.113037109375,1.6779
1.5267175572519085,0.5801526717557252,-0.9923664122137404,-0.466796875,-0.010498046875,-0.12060546875,1.6796
1.5419847328244274,0.5801526717557252,-1.0381679389312977,-0.462158203125,-0.011474609375,-0.11865234375,1.6813
1.7557251908396947,0.549618320610687,-1.0687022900763359,-0.4619140625,-0.012451171875,-0.120361328125,1.6829999999999998
1.6641221374045803,0.5801526717557252,-1.083969465648855,-0.467529296875,-0.013916015625,-0.110595703125,1.6846999999999999
1.3893129770992367,0.3969465648854962,-1.1450381679389312,-0.46826171875,-0.015625,-0.11328125,1.6864
1.4198473282442747,0.3511450381679389,-1.2061068702290076,-0.46630859375,-0.015869140625,-0.121337890625,1.6881
1.5267175572519085,0.3816793893129771,-0.9465648854961832,-0.466064453125,-0.016357421875,-0.120361328125,1.6898
1.5572519083969465,0.42748091603053434,-1.2213740458015268,-0.466064453125,-0.013427734375,-0.119140625,1.6915
1.4809160305343512,0.2900763358778626,-1.083969465648855,-0.467041015625,-0.0087890625,-0.115234375,1.6931999999999998
1.450381679389313,0.33587786259541985,-1.2366412213740459,-0.46630859375,-0.015380859375,-0.122802734375,1.6948999999999999
1.465648854961832,0.44274809160305345,-0.8702290076335878,-0.466796875,-0.0146484375,-0.122314453125,1.6965999999999999
1.4045801526717556,0.48854961832061067,-0.9465648854961832,-0.46533203125,-0.019287109375,-0.10986328125,1.6983
1.3129770992366412,0.3969465648854962,-1.0381679389312977,-0.463623046875,-0.015869140625,-0.12109375,1.7
1.251908396946565,0.4732824427480916,-0.9007633587786259,-0.4609375,-0.01416015625,-0.111083984375,1.7017
1.5114503816793894,0.5038167938931297,-0.7480916030534351,-0.466796875,-0.011962890625,-0.12158203125,1.7033999999999998
1.4351145038167938,0.48854961832061067,-0.8854961832061069,-0.462646484375,-0.00927734375,-0.119384765625,1.7050999999999998
1.633587786259542,0.6259541984732825,-0.5038167938931297,-0.469970703125,-0.012451171875,-0.118408203125,1.7067999999999999
1.6488549618320612,0.549618320610687,-0.6259541984732825,-0.467041015625,-0.012939453125,-0.11279296875,1.7085
1.5114503816793894,0.5648854961832062,-0.8091603053435115,-0.466796875,-0.015625,-0.117919921875,1.7102
1.4198473282442747,0.44274809160305345,-0.6106870229007634,-0.465576171875,-0.01025390625,-0.1279296875,1.7119
1.5267175572519085,0.549618320610687,-0.44274809160305345,-0.46875,-0.0126953125,-0.121337890625,1.7136
1.4809160305343512,0.6259541984732825,-0.6106870229007634,-0.471923828125,-0.015869140625,-0.114990234375,1.7152999999999998
1.1908396946564885,0.5190839694656488,-0.6564885496183206,-0.471435546875,-0.01220703125,-0.1142578125,1.7169999999999999
1.3129770992366412,0.4122137404580153,-0.5648854961832062,-0.469482421875,-0.019775390625,-0.1220703125,1.7187
1.282442748091603,0.5343511450381679,-0.4580152671755725,-0.469970703125,-0.01953125,-0.121337890625,1.7204
1.2671755725190839,0.5343511450381679,-0.6412213740458015,-0.467529296875,-0.014892578125,-0.11328125,1.7221
1.2366412213740459,0.5038167938931297,-0.4580152671755725,-0.471923828125,-0.00927734375,-0.114990234375,1.7238
1.2671755725190839,0.3816793893129771,-0.4122137404580153,-0.46923828125,-0.009521484375,-0.115966796875,1.7254999999999998
1.0229007633587786,0.8549618320610687,-0.6564885496183206,-0.465576171875,-0.011962890625,-0.117919921875,1.7271999999999998
1.1450381679389312,0.7022900763358778,-0.6717557251908397,-0.464599609375,-0.00927734375,-0.1201171875,1.7288999999999999
1.2213740458015268,0.7022900763358778,-0.549618320610687,-0.468505859375,-0.014892578125,-0.11865234375,1.7306
1.0534351145038168,0.7022900763358778,-0.6106870229007634,-0.463134765625,-0.018798828125,-0.107666015625,1.7323
1.1908396946564885,0.6412213740458015,-0.6564885496183206,-0.469482421875,-0.012451171875,-0.11328125,1.734
1.0229007633587786,0.7175572519083969,-0.5954198473282443,-0.469482421875,-0.01123046875,-0.111083984375,1.7356999999999998
1.0534351145038168,0.9770992366412213,-0.6412213740458015,-0.46630859375,-0.00927734375,-0.10693359375,1.7373999999999998
0.9618320610687023,0.9007633587786259,-0.7480916030534351,-0.469970703125,-0.0146484375,-0.115234375,1.7390999999999999
1.0229007633587786,0.9312977099236641,-0.7938931297709924,-0.469482421875,-0.009521484375,-0.111572265625,1.7408
0.9465648854961832,0.9312977099236641,-0.8549618320610687,-0.47021484375,-0.011474609375,-0.112060546875,1.7425
0.8702290076335878,0.9007633587786259,-0.9618320610687023,-0.4697265625,-0.00927734375,-0.122314453125,1.7442
1.0381679389312977,1.099236641221374,-0.8091603053435115,-0.466552734375,-0.01904296875,-0.115234375,1.7459
0.8854961832061069,0.9465648854961832,-0.7786259541984732,-0.471435546875,-0.01904296875,-0.11572265625,1.7475999999999998
0.9618320610687023,0.9007633587786259,-0.6106870229007634,-0.46826171875,-0.010986328125,-0.113037109375,1.7492999999999999
1.0381679389312977,0.9312977099236641,-0.8549618320610687,-0.4677734375,-0.01513671875,-0.123291015625,1.751
0.7938931297709924,1.0381679389312977,-0.732824427480916,-0.468994140625,-0.012939453125,-0.11669921875,1.7527
0.9465648854961832,1.083969465648855,-0.9770992366412213,-0.468994140625,-0.01025390625,-0.123046875,1.7544
1.0687022900763359,0.9770992366412213,-0.7022900763358778,-0.467041015625,-0.00830078125,-0.11572265625,1.7561
0.6870229007633588,1.1145038167938932,-0.8549618320610687,-0.463134765625,-0.01025390625,-0.114990234375,1.7577999999999998
0.7938931297709924,1.1145038167938932,-0.9618320610687023,-0.462646484375,-0.01171875,-0.11865234375,1.7594999999999998
0.9618320610687023,0.9007633587786259,-0.9312977099236641,-0.464111328125,-0.012451171875,-0.120849609375,1.7611999999999999
1.0381679389312977,1.0076335877862594,-1.1145038167938932,-0.463134765625,-0.009521484375,-0.116455078125,1.7629
0.9923664122137404,1.1145038167938932,-0.8396946564885496,-0.463134765625,-0.011474609375,-0.1181640625,1.7646
0.7938931297709924,1.0229007633587786,-0.9007633587786259,-0.464111328125,-0.011962890625,-0.112060546875,1.7663
0.7633587786259542,0.9618320610687023,-0.916030534351145,-0.46484375,-0.015625,-0.117919921875,1.7679999999999998
0.9312977099236641,1.0076335877862594,-0.8549618320610687,-0.4638671875,-0.013427734375,-0.121337890625,1.7696999999999998
1.099236641221374,1.0534351145038168,-0.9618320610687023,-0.463623046875,-0.0107421875,-0.122314453125,1.7713999999999999
0.8396946564885496,1.1755725190839694,-1.0534351145038168,-0.46240234375,-0.01171875,-0.12255859375,1.7731
0.732824427480916,1.1297709923664123,-1.0076335877862594,-0.46728515625,-0.014404296875,-0.1162109375,1.7748
1.0381679389312977,0.9465648854961832,-1.0687022900763359,-0.466796875,-0.01123046875,-0.120849609375,1.7765
1.1755725190839694,1.0076335877862594,-1.1908396946564885,-0.460205078125,-0.00927734375,-0.120361328125,1.7782
1.0381679389312977,0.8396946564885496,-1.1450381679389312,-0.462646484375,-0.007568359375,-0.117431640625,1.7798999999999998
0.8854961832061069,0.8396946564885496,-1.3129770992366412,-0.46630859375,-0.008056640625,-0.122314453125,1.7815999999999999
0.9923664122137404,0.8702290076335878,-1.0229007633587786,-0.4619140625,-0.01123046875,-0.11865234375,1.7832999999999999
1.083969465648855,0.8244274809160306,-1.2671755725190839,-0.461669921875,-0.008056640625,-0.110595703125,1.785
1.2213740458015268,0.5648854961832062,-1.1755725190839694,-0.460205078125,-0.01318359375,-0.113525390625,1.7867
1.083969465648855,0.6564885496183206,-1.297709923664122,-0.467529296875,-0.007080078125,-0.1201171875,1.7884
1.251908396946565,0.6259541984732825,-1.2366412213740459,-0.4619140625,-0.006591796875,-0.1181640625,1.7900999999999998
1.3740458015267176,0.7480916030534351,-1.1145038167938932,-0.467529296875,-0.0048828125,-0.122314453125,1.7917999999999998
1.4198473282442747,0.4580152671755725,-1.251908396946565,-0.467041015625,-0.005126953125,-0.126708984375,1.7934999999999999
1.3587786259541985,0.6106870229007634,-1.3740458015267176,-0.471435546875,-0.00927734375,-0.112548828125,1.7952
1.297709923664122,0.6564885496183206,-1.1450381679389312,-0.465576171875,-0.0068359375,-0.12109375,1.7969
1.3740458015267176,0.44274809160305345,-1.3893129770992367,-0.4677734375,-0.004150390625,-0.116455078125,1.7986
1.282442748091603,0.5954198473282443,-1.1450381679389312,-0.466064453125,-0.00341796875,-0.1181640625,1.8002999999999998
1.7709923664122138,0.7480916030534351,-1.3435114503816794,-0.470458984375,-0.007568359375,-0.116943359375,1.8019999999999998
1.6641221374045803,0.5343511450381679,-1.4809160305343512,-0.46484375,-0.009765625,-0.112548828125,1.8036999999999999
1.6793893129770991,0.5190839694656488,-1.5725190839694656,-0.46630859375,-0.0107421875,-0.10546875,1.8054
1.3740458015267176,0.5190839694656488,-1.282442748091603,-0.4619140625,-0.006103515625,-0.117431640625,1.8071
1.6793893129770991,0.6259541984732825,-1.2061068702290076,-0.460693359375,-0.006591796875,-0.1181640625,1.8088
1.7251908396946565,0.6717557251908397,-1.1908396946564885,-0.463134765625,-0.0107421875,-0.111328125,1.8105
1.8473282442748091,0.5801526717557252,-1.3587786259541985,-0.467041015625,-0.007080078125,-0.120849609375,1.8121999999999998
1.633587786259542,0.7175572519083969,-1.0229007633587786,-0.4638671875,-0.009033203125,-0.117431640625,1.8138999999999998
1.7251908396946565,0.7633587786259542,-1.1908396946564885,-0.4619140625,-0.009033203125,-0.12109375,1.8155999999999999
1.7404580152671756,0.4732824427480916,-1.1908396946564885,-0.462646484375,-0.0048828125,-0.115966796875,1.8173
1.8931297709923665,0.6870229007633588,-1.282442748091603,-0.46044921875,-0.00927734375,-0.11962890625,1.819
1.83206106870229,0.5190839694656488,-1.1145038167938932,-0.459716796875,-0.01025390625,-0.126953125,1.8207
2.1068702290076335,0.4580152671755725,-1.1603053435114503,-0.458251953125,-0.006591796875,-0.121337890625,1.8223999999999998
2.030534351145038,0.3816793893129771,-0.9923664122137404,-0.4619140625,-0.0107421875,-0.125244140625,1.8240999999999998
2.030534351145038,0.2748091603053435,-1.2213740458015268,-0.4599609375,-0.012451171875,-0.125,1.8257999999999999
1.9389312977099236,0.1984732824427481,-1.1145038167938932,-0.462890625,-0.007080078125,-0.114013671875,1.8275
1.9541984732824427,0.04580152671755725,-1.3893129770992367,-0.45751953125,-0.0107421875,-0.116455078125,1.8292
2.122137404580153,-0.1984732824427481,-1.1755725190839694,-0.463134765625,-0.013427734375,-0.114990234375,1.8309
2.0610687022900764,-0.366412213740458,-1.1755725190839694,-0.46533203125,-0.007568359375,-0.125732421875,1.8326
2.045801526717557,-0.2748091603053435,-1.1908396946564885,-0.46337890625,-0.00927734375,-0.12646484375,1.8342999999999998
2.366412213740458,-0.33587786259541985,-1.1603053435114503,-0.468017578125,-0.00830078125,-0.115478515625,1.8359999999999999
2.366412213740458,-0.13740458015267176,-1.0076335877862594,-0.464111328125,-0.008544921875,-0.11865234375,1.8377
2.2900763358778624,-0.13740458015267176,-1.083969465648855,-0.465576171875,-0.0107421875,-0.11865234375,1.8394
2.3053435114503817,-0.1984732824427481,-0.9770992366412213,-0.468017578125,-0.0078125,-0.1201171875,1.8411
2.6564885496183206,-0.030534351145038167,-1.2366412213740459,-0.47021484375,-0.009033203125,-0.116943359375,1.8428
2.381679389312977,0.1984732824427481,-1.1145038167938932,-0.46240234375,-0.01123046875,-0.116943359375,1.8444999999999998
2.4427480916030535,0.24427480916030533,-1.0381679389312977,-0.470703125,-0.006591796875,-0.115966796875,1.8461999999999998
2.4732824427480917,0.3969465648854962,-1.0534351145038168,-0.471435546875,-0.00830078125,-0.112060546875,1.8478999999999999
2.519083969465649,0.7175572519083969,-1.297709923664122,-0.46875,-0.010986328125,-0.114501953125,1.8496
2.4885496183206106,0.6717557251908397,-1.3587786259541985,-0.4580078125,-0.0126953125,-0.119873046875,1.8513
2.717557251908397,0.6564885496183206,-1.4809160305343512,-0.4677734375,-0.013671875,-0.111572265625,1.853
2.4732824427480917,0.7633587786259542,-1.1755725190839694,-0.46533203125,-0.0087890625,-0.11181640625,1.8546999999999998
2.6564885496183206,0.8396946564885496,-1.083969465648855,-0.465087890625,-0.0107421875,-0.115478515625,1.8563999999999998
2.5801526717557253,0.3053435114503817,-1.3893129770992367,-0.466552734375,-0.012451171875,-0.1240234375,1.8580999999999999
2.7022900763358777,0.4580152671755725,-1.4961832061068703,-0.462158203125,-0.009033203125,-0.11376953125,1.8598
2.50381679389313,0.16793893129770993,-1.282442748091603,-0.4599609375,-0.008056640625,-0.116943359375,1.8615
2.5343511450381677,-0.2748091603053435,-1.6030534351145038,-0.463623046875,-0.013671875,-0.114013671875,1.8632
2.9160305343511452,-0.22900763358778625,-1.5114503816793894,-0.46484375,-0.011962890625,-0.116455078125,1.8649
2.7786259541984735,-0.3511450381679389,-1.8473282442748091,-0.46142578125,-0.01171875,-0.112548828125,1.8665999999999998
2.854961832061069,-0.4122137404580153,-1.6793893129770991,-0.463623046875,-0.014404296875,-0.1181640625,1.8682999999999998
2.7786259541984735,-0.5343511450381679,-1.9083969465648856,-0.46826171875,-0.01416015625,-0.120849609375,1.8699999999999999
2.931297709923664,-0.4732824427480916,-1.9389312977099236,-0.4658203125,-0.009033203125,-0.122314453125,1.8717
2.8396946564885495,-0.4732824427480916,-2.183206106870229,-0.46533203125,-0.010986328125,-0.110107421875,1.8734
2.9923664122137406,-0.4122137404580153,-2.045801526717557,-0.467041015625,-0.009521484375,-0.11572265625,1.8751
2.854961832061069,-0.42748091603053434,-2.198473282442748,-0.462890625,-0.012451171875,-0.1162109375,1.8767999999999998
2.9770992366412212,-0.21374045801526717,-1.8931297709923665,-0.473388671875,-0.008544921875,-0.122314453125,1.8784999999999998
3.0381679389312977,-0.183206106870229,-1.786259541984733,-0.46435546875,-0.012451171875,-0.114013671875,1.8801999999999999
2.717557251908397,-0.1984732824427481,-1.7709923664122138,-0.471435546875,-0.01025390625,-0.113525390625,1.8819
2.8702290076335877,-0.42748091603053434,-1.6793893129770991,-0.47119140625,-0.010986328125,-0.121826171875,1.8836
2.9618320610687023,-0.21374045801526717,-1.633587786259542,-0.46728515625,-0.0087890625,-0.11669921875,1.8853
2.7022900763358777,-0.16793893129770993,-1.8625954198473282,-0.467041015625,-0.007080078125,-0.121826171875,1.8869999999999998
2.717557251908397,-0.24427480916030533,-1.7099236641221374,-0.470458984375,-0.015380859375,-0.118896484375,1.8886999999999998
2.900763358778626,-0.3816793893129771,-1.83206106870229,-0.46630859375,-0.016357421875,-0.111572265625,1.8903999999999999
2.763358778625954,-0.22900763358778625,-1.8625954198473282,-0.473876953125,-0.01416015625,-0.11669921875,1.8921
2.732824427480916,-0.1984732824427481,-1.9694656488549618,-0.468994140625,-0.0146484375,-0.111083984375,1.8938
2.595419847328244,-0.2900763358778626,-1.9694656488549618,-0.466064453125,-0.01611328125,-0.119140625,1.8955
2.732824427480916,-0.015267175572519083,-2.183206106870229,-0.466064453125,-0.0166015625,-0.112548828125,1.8972
2.854961832061069,-0.15267175572519084,-2.1068702290076335,-0.46728515625,-0.0126953125,-0.119140625,1.8988999999999998
2.427480916030534,-0.24427480916030533,-1.786259541984733,-0.469482421875,-0.015869140625,-0.12548828125,1.9005999999999998
2.595419847328244,-0.07633587786259542,-1.816793893129771,-0.4716796875,-0.013427734375,-0.11669921875,1.9022999999999999
2.7022900763358777,-0.21374045801526717,-1.9083969465648856,-0.468994140625,-0.01171875,-0.120849609375,1.904
2.2748091603053435,-0.015267175572519083,-1.6488549618320612,-0.463623046875,-0.016845703125,-0.121337890625,1.9057
2.3206106870229006,-0.061068702290076333,-1.7404580152671756,-0.46533203125,-0.014892578125,-0.112060546875,1.9074
2.213740458015267,-0.10687022900763359,-1.7251908396946565,-0.469970703125,-0.01806640625,-0.115966796875,1.9090999999999998
2.2290076335877864,-0.10687022900763359,-1.6793893129770991,-0.470458984375,-0.015869140625,-0.118408203125,1.9107999999999998
2.351145038167939,-0.07633587786259542,-1.1755725190839694,-0.474609375,-0.017333984375,-0.11181640625,1.9124999999999999
2.3053435114503817,-0.030534351145038167,-1.1908396946564885,-0.46923828125,-0.015380859375,-0.119384765625,1.9142
2.1526717557251906,-0.061068702290076333,-1.251908396946565,-0.46875,-0.01708984375,-0.118896484375,1.9159
1.9083969465648856,0.0916030534351145,-1.2671755725190839,-0.4716796875,-0.015625,-0.115966796875,1.9176
2.015267175572519,-0.015267175572519083,-1.2061068702290076,-0.468994140625,-0.01806640625,-0.113037109375,1.9192999999999998
1.9389312977099236,0.183206106870229,-1.297709923664122,-0.465087890625,-0.012451171875,-0.118896484375,1.9209999999999998
1.9694656488549618,0.15267175572519084,-1.2671755725190839,-0.46875,-0.015869140625,-0.11328125,1.9226999999999999
1.6946564885496183,0.24427480916030533,-1.3129770992366412,-0.469970703125,-0.01953125,-0.121826171875,1.9243999999999999
1.816793893129771,0.3053435114503817,-1.083969465648855,-0.464599609375,-0.0146484375,-0.12060546875,1.9261
1.633587786259542,0.2748091603053435,-0.916030534351145,-0.470458984375,-0.012939453125,-0.116943359375,1.9278
1.5572519083969465,0.4732824427480916,-1.1450381679389312,-0.4658203125,-0.015380859375,-0.120849609375,1.9295
1.5572519083969465,0.5343511450381679,-1.0534351145038168,-0.46533203125,-0.019287109375,-0.119384765625,1.9311999999999998
1.3893129770992367,0.6259541984732825,-0.7938931297709924,-0.46435546875,-0.0146484375,-0.112060546875,1.9328999999999998
1.3893129770992367,0.4122137404580153,-0.9618320610687023,-0.4658203125,-0.011962890625,-0.114990234375,1.9345999999999999
1.465648854961832,0.44274809160305345,-0.9312977099236641,-0.465087890625,-0.011474609375,-0.115234375,1.9363
1.0534351145038168,0.44274809160305345,-0.7938931297709924,-0.466552734375,-0.01318359375,-0.122314453125,1.938
1.3282442748091603,0.549618320610687,-0.6870229007633588,-0.46728515625,-0.01904296875,-0.113525390625,1.9397
1.251908396946565,0.5038167938931297,-0.8702290076335878,-0.4697265625,-0.015625,-0.113525390625,1.9413999999999998
1.3282442748091603,0.5343511450381679,-0.8244274809160306,-0.466796875,-0.015625,-0.1181640625,1.9430999999999998
0.9312977099236641,0.5038167938931297,-0.549618320610687,-0.468017578125,-0.01513671875,-0.111328125,1.9447999999999999
1.1755725190839694,0.5954198473282443,-0.549618320610687,-0.467529296875,-0.015869140625,-0.124755859375,1.9465
0.9465648854961832,0.5038167938931297,-0.5801526717557252,-0.46826171875,-0.015869140625,-0.12109375,1.9482
1.1755725190839694,0.8396946564885496,-0.549618320610687,-0.469482421875,-0.013671875,-0.122314453125,1.9499
1.0076335877862594,0.8091603053435115,-0.7633587786259542,-0.46728515625,-0.015625,-0.111328125,1.9516
0.9770992366412213,0.6106870229007634,-0.732824427480916,-0.46826171875,-0.01318359375,-0.1064453125,1.9532999999999998
0.8396946564885496,0.7022900763358778,-0.8091603053435115,-0.46484375,-0.013916015625,-0.117919921875,1.9549999999999998
0.6870229007633588,0.9007633587786259,-0.7633587786259542,-0.471923828125,-0.012451171875,-0.1240234375,1.9566999999999999
0.9465648854961832,0.9618320610687023,-0.6717557251908397,-0.468017578125,-0.0205078125,-0.116455078125,1.9584
0.9770992366412213,0.7938931297709924,-0.6259541984732825,-0.470458984375,-0.019287109375,-0.1162109375,1.9601
0.8549618320610687,0.9007633587786259,-0.6717557251908397,-0.47216796875,-0.015380859375,-0.121337890625,1.9618
0.8091603053435115,1.1145038167938932,-0.549618320610687,-0.46923828125,-0.013671875,-0.11279296875,1.9634999999999998
0.6412213740458015,1.1450381679389312,-0.6106870229007634,-0.46923828125,-0.017578125,-0.119873046875,1.9651999999999998
0.8244274809160306,1.2061068702290076,-0.6412213740458015,-0.46875,-0.011474609375,-0.11083984375,1.9668999999999999
0.549618320610687,0.9770992366412213,-0.6564885496183206,-0.468994140625,-0.01416015625,-0.115966796875,1.9686
0.6870229007633588,1.2671755725190839,-0.6717557251908397,-0.47119140625,-0.009765625,-0.110595703125,1.9703
0.7480916030534351,1.2213740458015268,-0.6717557251908397,-0.46875,-0.010986328125,-0.115478515625,1.972
0.4732824427480916,1.1603053435114503,-0.7175572519083969,-0.465576171875,-0.016845703125,-0.1181640625,1.9736999999999998
0.6412213740458015,1.1603053435114503,-0.44274809160305345,-0.466796875,-0.014404296875,-0.113525390625,1.9753999999999998
0.5343511450381679,1.099236641221374,-0.6106870229007634,-0.46484375,-0.011962890625,-0.1142578125,1.9770999999999999
0.5954198473282443,1.2213740458015268,-0.48854961832061067,-0.46435546875,-0.01220703125,-0.121826171875,1.9788
0.5343511450381679,1.3129770992366412,-0.6870229007633588,-0.468017578125,-0.01318359375,-0.117919921875,1.9805
0.3816793893129771,1.2213740458015268,-0.5801526717557252,-0.464111328125,-0.008544921875,-0.12158203125,1.9822
0.5954198473282443,1.4351145038167938,-0.5190839694656488,-0.469970703125,-0.01611328125,-0.110107421875,1.9839
0.5343511450381679,1.3129770992366412,-0.3969465648854962,-0.463623046875,-0.009765625,-0.119140625,1.9855999999999998
0.549618320610687,1.4351145038167938,-0.732824427480916,-0.4638671875,-0.01416015625,-0.11279296875,1.9872999999999998
0.6412213740458015,1.4961832061068703,-0.48854961832061067,-0.466064453125,-0.0126953125,-0.115966796875,1.9889999999999999
0.42748091603053434,1.465648854961832,-0.4732824427480916,-0.468017578125,-0.009765625,-0.11376953125,1.9907
0.2748091603053435,1.5877862595419847,-0.4122137404580153,-0.466064453125,-0.010498046875,-0.11962890625,1.9924
0.3511450381679389,1.618320610687023,-0.6870229007633588,-0.46923828125,-0.00732421875,-0.1201171875,1.9941
0.4732824427480916,1.5114503816793894,-0.44274809160305345,-0.467529296875,-0.01416015625,-0.115966796875,1.9957999999999998
0.24427480916030533,1.4809160305343512,-0.2748091603053435,-0.464599609375,-0.007080078125,-0.11181640625,1.9974999999999998
0.2595419847328244,1.5114503816793894,-0.6717557251908397,-0.462158203125,-0.01123046875,-0.116455078125,1.9991999999999999
0.22900763358778625,1.3587786259541985,-0.6412213740458015,-0.468505859375,-0.009521484375,-0.1083984375,2.0008999999999997
0.4122137404580153,1.3282442748091603,-0.5801526717557252,-0.4677734375,-0.01123046875,-0.11865234375,2.0025999999999997
0.366412213740458,1.3587786259541985,-0.549618320610687,-0.467041015625,-0.013427734375,-0.114013671875,2.0042999999999997
0.24427480916030533,1.5419847328244274,-0.5038167938931297,-0.46435546875,-0.00244140625,-0.11181640625,2.006
0.3053435114503817,1.3740458015267176,-0.732824427480916,-0.46630859375,-0.009765625,-0.11181640625,2.0077
0.16793893129770993,1.465648854961832,-0.6412213740458015,-0.460205078125,-0.01318359375,-0.119873046875,2.0094
0.13740458015267176,1.5725190839694656,-0.7480916030534351,-0.462646484375,-0.015380859375,-0.115234375,2.0111
0.13740458015267176,1.3740458015267176,-0.7022900763358778,-0.463134765625,-0.010498046875,-0.1171875,2.0128
0.183206106870229,1.3129770992366412,-0.9007633587786259,-0.466796875,-0.007568359375,-0.117919921875,2.0145
0.48854961832061067,1.4198473282442747,-0.8549618320610687,-0.466796875,-0.006591796875,-0.117919921875,2.0162
0.2900763358778626,1.3587786259541985,-0.7633587786259542,-0.46533203125,-0.008544921875,-0.113525390625,2.0179
0.2595419847328244,1.282442748091603,-0.8091603053435115,-0.46435546875,-0.0087890625,-0.119384765625,2.0196
0.549618320610687,1.3893129770992367,-0.916030534351145,-0.46826171875,-0.008544921875,-0.114990234375,2.0213
0.2748091603053435,1.5877862595419847,-0.6717557251908397,-0.46240234375,-0.0107421875,-0.1142578125,2.0229999999999997
0.3053435114503817,1.4351145038167938,-0.916030534351145,-0.46142578125,-0.015869140625,-0.1201171875,2.0246999999999997
0.3511450381679389,1.5114503816793894,-0.8091603053435115,-0.46142578125,-0.0087890625,-0.112548828125,2.0263999999999998
0.22900763358778625,1.3282442748091603,-0.8854961832061069,-0.462158203125,-0.0087890625,-0.117431640625,2.0281
0.32061068702290074,1.3435114503816794,-0.7633587786259542,-0.46484375,-0.00634765625,-0.114013671875,2.0298
0.3053435114503817,1.4198473282442747,-0.9923664122137404,-0.4697265625,-0.008056640625,-0.11376953125,2.0315
0.3053435114503817,1.2366412213740459,-0.8549618320610687,-0.465576171875,-0.009765625,-0.123291015625,2.0332
0.13740458015267176,1.0076335877862594,-0.9312977099236641,-0.46826171875,-0.011962890625,-0.115966796875,2.0349
0.4732824427480916,1.1450381679389312,-0.9770992366412213,-0.466552734375,-0.0068359375,-0.11669921875,2.0366
0.6106870229007634,0.9007633587786259,-1.083969465648855,-0.466064453125,-0.005126953125,-0.114990234375,2.0383
0.6106870229007634,0.9618320610687023,-0.8854961832061069,-0.468017578125,-0.00927734375,-0.12109375,2.04
0.4580152671755725,1.0076335877862594,-1.1755725190839694,-0.46337890625,-0.008056640625,-0.1162109375,2.0417
0.549618320610687,0.9312977099236641,-1.0534351145038168,-0.46240234375,-0.0107421875,-0.12158203125,2.0434
0.5343511450381679,1.2366412213740459,-1.1603053435114503,-0.465087890625,-0.011962890625,-0.10888671875,2.0450999999999997
0.7480916030534351,0.9923664122137404,-1.2213740458015268,-0.467529296875,-0.00634765625,-0.12060546875,2.0467999999999997
0.6717557251908397,0.916030534351145,-1.3435114503816794,-0.470947265625,-0.010986328125,-0.11767578125,2.0484999999999998
0.5954198473282443,0.9618320610687023,-1.3435114503816794,-0.469482421875,-0.011962890625,-0.118408203125,2.0502
0.7480916030534351,0.9618320610687023,-1.3740458015267176,-0.46875,-0.010986328125,-0.113037109375,2.0519
0.9618320610687023,1.0381679389312977,-1.083969465648855,-0.464111328125,-0.008544921875,-0.124267578125,2.0536
0.8244274809160306,0.7480916030534351,-1.1297709923664123,-0.4677734375,-0.01123046875,-0.1181640625,2.0553
0.8702290076335878,0.8396946564885496,-1.1755725190839694,-0.47119140625,-0.0107421875,-0.117431640625,2.057
1.1145038167938932,0.8549618320610687,-1.3282442748091603,-0.46826171875,-0.006103515625,-0.117919921875,2.0587
0.9770992366412213,0.9465648854961832,-1.1908396946564885,-0.463623046875,-0.010009765625,-0.12060546875,2.0604
0.8244274809160306,0.7480916030534351,-1.5114503816793894,-0.462158203125,-0.00927734375,-0.11962890625,2.0621
1.2213740458015268,0.8091603053435115,-1.1755725190839694,-0.4638671875,-0.01318359375,-0.1201171875,2.0638
1.2213740458015268,0.7480916030534351,-1.1450381679389312,-0.464599609375,-0.005126953125,-0.11865234375,2.0654999999999997
1.0076335877862594,0.9312977099236641,-1.3282442748091603,-0.470458984375,-0.00439453125,-0.11962890625,2.0671999999999997
1.1145038167938932,0.7786259541984732,-1.5114503816793894,-0.46630859375,-0.0048828125,-0.118408203125,2.0688999999999997
1.3129770992366412,0.6106870229007634,-1.2366412213740459,-0.4619140625,-0.009765625,-0.115478515625,2.0705999999999998
1.099236641221374,0.6717557251908397,-1.4809160305343512,-0.46728515625,-0.006103515625,-0.118408203125,2.0723
1.2366412213740459,0.6106870229007634,-1.5725190839694656,-0.465576171875,-0.008056640625,-0.115966796875,2.074
1.4045801526717556,0.732824427480916,-1.5572519083969465,-0.468505859375,-0.011962890625,-0.11083984375,2.0757
1.3129770992366412,0.6412213740458015,-1.3893129770992367,-0.465576171875,-0.0107421875,-0.108642578125,2.0774
1.3282442748091603,0.6259541984732825,-1.5267175572519085,-0.463623046875,-0.005126953125,-0.123291015625,2.0791
1.5267175572519085,0.5954198473282443,-1.4961832061068703,-0.46875,-0.01123046875,-0.122314453125,2.0808
1.3587786259541985,0.6564885496183206,-1.3587786259541985,-0.464111328125,-0.0146484375,-0.12255859375,2.0825
1.5725190839694656,0.6259541984732825,-1.4961832061068703,-0.46728515625,-0.008056640625,-0.114990234375,2.0842
1.5877862595419847,0.5343511450381679,-1.5572519083969465,-0.46484375,-0.006591796875,-0.11376953125,2.0859
1.5419847328244274,0.6106870229007634,-1.282442748091603,-0.46142578125,-0.009033203125,-0.117919921875,2.0875999999999997
1.5419847328244274,0.5038167938931297,-1.4809160305343512,-0.4658203125,-0.008544921875,-0.122314453125,2.0892999999999997
1.786259541984733,0.6870229007633588,-1.3129770992366412,-0.468505859375,-0.009765625,-0.110595703125,2.0909999999999997
1.816793893129771,0.6412213740458015,-1.3893129770992367,-0.470947265625,-0.006103515625,-0.12109375,2.0927
1.786259541984733,0.6717557251908397,-1.4045801526717556,-0.469482421875,-0.009765625,-0.12109375,2.0944
2.045801526717557,0.5648854961832062,-1.3893129770992367,-0.46728515625,-0.012451171875,-0.11767578125,2.0961
2.122137404580153,0.33587786259541985,-1.282442748091603,-0.466796875,-0.00927734375,-0.115234375,2.0978
1.9083969465648856,0.2900763358778626,-1.4198473282442747,-0.466064453125,-0.013916015625,-0.1201171875,2.0995
1.8778625954198473,0.3969465648854962,-1.3740458015267176,-0.470703125,-0.00634765625,-0.11328125,2.1012
2.045801526717557,0.6106870229007634,-1.5267175572519085,-0.466064453125,-0.00830078125,-0.109375,2.1029
2.030534351145038,0.5190839694656488,-1.3740458015267176,-0.47021484375,-0.01025390625,-0.11572265625,2.1046
2.015267175572519,0.44274809160305345,-1.5877862595419847,-0.466064453125,-0.01318359375,-0.12255859375,2.1063
2.0916030534351147,0.549618320610687,-1.5114503816793894,-0.4619140625,-0.009765625,-0.110595703125,2.108
1.9541984732824427,0.4732824427480916,-1.5725190839694656,-0.467041015625,-0.013671875,-0.119873046875,2.1096999999999997
1.8015267175572518,0.5801526717557252,-1.5572519083969465,-0.46923828125,-0.01025390625,-0.122314453125,2.1113999999999997
1.9389312977099236,0.7633587786259542,-1.5267175572519085,-0.469482421875,-0.011962890625,-0.119140625,2.1130999999999998
2.2595419847328246,0.732824427480916,-1.465648854961832,-0.46533203125,-0.0078125,-0.119140625,2.1148
1.8778625954198473,0.7786259541984732,-1.6793893129770991,-0.467529296875,-0.0107421875,-0.11767578125,2.1165
2.0763358778625953,0.7938931297709924,-1.786259541984733,-0.463134765625,-0.00927734375,-0.119140625,2.1182
2.198473282442748,0.5190839694656488,-1.7251908396946565,-0.464599609375,-0.010986328125,-0.11328125,2.1199
2.3206106870229006,0.5190839694656488,-1.7709923664122138,-0.4638671875,-0.016357421875,-0.11181640625,2.1216
2.3969465648854964,0.6870229007633588,-1.9236641221374047,-0.4619140625,-0.0107421875,-0.12158203125,2.1233
2.1526717557251906,0.6870229007633588,-1.9389312977099236,-0.46728515625,-0.010498046875,-0.111083984375,2.125
2.4122137404580153,0.5343511450381679,-2.015267175572519,-0.463134765625,-0.011474609375,-0.12109375,2.1267
2.4732824427480917,0.549618320610687,-1.984732824427481,-0.466552734375,-0.00927734375,-0.11865234375,2.1284
2.2748091603053435,0.5343511450381679,-1.9236641221374047,-0.462646484375,-0.010498046875,-0.114990234375,2.1300999999999997
2.4580152671755724,0.5648854961832062,-1.984732824427481,-0.4658203125,-0.01123046875,-0.115478515625,2.1317999999999997
2.183206106870229,0.7175572519083969,-2.030534351145038,-0.46142578125,-0.010009765625,-0.112060546875,2.1334999999999997
2.1526717557251906,0.6106870229007634,-1.9389312977099236,-0.47216796875,-0.01123046875,-0.113525390625,2.1351999999999998
2.2290076335877864,0.7938931297709924,-2.0610687022900764,-0.46240234375,-0.011474609375,-0.119873046875,2.1369
2.2442748091603053,0.732824427480916,-2.0763358778625953,-0.46142578125,-0.009765625,-0.109619140625,2.1386
2.045801526717557,0.8091603053435115,-1.8931297709923665,-0.463623046875,-0.01123046875,-0.119140625,2.1403
2.1374045801526718,0.7480916030534351,-1.8931297709923665,-0.464599609375,-0.00927734375,-0.114990234375,2.142
1.984732824427481,0.8396946564885496,-2.0,-0.4609375,-0.01953125,-0.1171875,2.1437
1.83206106870229,0.9465648854961832,-1.8473282442748091,-0.45947265625,-0.01513671875,-0.11767578125,2.1454
2.030534351145038,0.8702290076335878,-2.122137404580153,-0.4658203125,-0.01513671875,-0.120849609375,2.1471
1.984732824427481,0.7633587786259542,-1.9083969465648856,-0.466796875,-0.01318359375,-0.125244140625,2.1488
2.16793893129771,0.6717557251908397,-1.984732824427481,-0.46875,-0.015869140625,-0.116943359375,2.1505
1.9541984732824427,0.916030534351145,-1.8473282442748091,-0.46337890625,-0.01123046875,-0.1142578125,2.1521999999999997
1.984732824427481,0.7175572519083969,-1.816793893129771,-0.45849609375,-0.013427734375,-0.115478515625,2.1538999999999997
2.030534351145038,0.9007633587786259,-1.7404580152671756,-0.462890625,-0.010498046875,-0.112548828125,2.1555999999999997
2.030534351145038,0.6870229007633588,-1.6946564885496183,-0.465576171875,-0.01220703125,-0.10986328125,2.1572999999999998
1.9694656488549618,0.6106870229007634,-1.7709923664122138,-0.463623046875,-0.010009765625,-0.11279296875,2.159
2.015267175572519,0.7480916030534351,-1.8015267175572518,-0.462890625,-0.009033203125,-0.12109375,2.1607
1.9389312977099236,0.8091603053435115,-1.984732824427481,-0.46875,-0.0107421875,-0.112060546875,2.1624
1.7099236641221374,0.6564885496183206,-2.122137404580153,-0.461669921875,-0.01123046875,-0.115234375,2.1641
1.8473282442748091,0.6259541984732825,-1.8931297709923665,-0.4638671875,-0.010498046875,-0.109619140625,2.1658
1.816793893129771,0.732824427480916,-1.9541984732824427,-0.4638671875,-0.01025390625,-0.113037109375,2.1675
1.7404580152671756,0.5648854961832062,-2.1374045801526718,-0.462646484375,-0.0126953125,-0.11767578125,2.1692
1.8015267175572518,0.5190839694656488,-2.0610687022900764,-0.46533203125,-0.014892578125,-0.117431640625,2.1709
1.9389312977099236,0.4580152671755725,-2.2442748091603053,-0.465576171875,-0.0126953125,-0.117431640625,2.1726
2.1374045801526718,0.5343511450381679,-2.2595419847328246,-0.468505859375,-0.008544921875,-0.116943359375,2.1742999999999997
1.9389312977099236,0.3969465648854962,-2.381679389312977,-0.470703125,-0.010009765625,-0.107177734375,2.1759999999999997
1.786259541984733,0.15267175572519084,-2.2290076335877864,-0.4677734375,-0.005859375,-0.107177734375,2.1776999999999997
2.0916030534351147,0.32061068702290074,-2.198473282442748,-0.46630859375,-0.0087890625,-0.107421875,2.1794
1.8931297709923665,0.015267175572519083,-2.0916030534351147,-0.462646484375,-0.012939453125,-0.11279296875,2.1811
1.8473282442748091,0.15267175572519084,-2.3206106870229006,-0.468017578125,-0.011962890625,-0.112060546875,2.1828
1.7099236641221374,0.15267175572519084,-1.9541984732824427,-0.466064453125,-0.01611328125,-0.10791015625,2.1845
1.7404580152671756,-0.04580152671755725,-2.0763358778625953,-0.46337890625,-0.012451171875,-0.1142578125,2.1862
2.2290076335877864,0.0,-2.045801526717557,-0.467529296875,-0.0166015625,-0.111328125,2.1879
2.0763358778625953,0.1984732824427481,-2.183206106870229,-0.46826171875,-0.015869140625,-0.1142578125,2.1896
1.7099236641221374,0.183206106870229,-1.9236641221374047,-0.46923828125,-0.012939453125,-0.12255859375,2.1913
1.9083969465648856,-0.04580152671755725,-2.015267175572519,-0.46826171875,-0.01220703125,-0.1181640625,2.193
2.1374045801526718,0.015267175572519083,-1.83206106870229,-0.466552734375,-0.008544921875,-0.116455078125,2.1947
1.8931297709923665,0.061068702290076333,-1.984732824427481,-0.470458984375,-0.014404296875,-0.1064453125,2.1963999999999997
2.0763358778625953,0.0916030534351145,-2.1068702290076335,-0.47216796875,-0.014404296875,-0.110107421875,2.1980999999999997
2.2442748091603053,0.12213740458015267,-2.015267175572519,-0.473388671875,-0.01611328125,-0.11328125,2.1997999999999998
1.7099236641221374,0.1984732824427481,-1.7404580152671756,-0.468994140625,-0.01171875,-0.113525390625,2.2015
1.9236641221374047,0.366412213740458,-1.816793893129771,-0.46826171875,-0.010986328125,-0.115478515625,2.2032
2.3969465648854964,0.3053435114503817,-1.8778625954198473,-0.47265625,-0.008544921875,-0.119140625,2.2049
2.0916030534351147,0.21374045801526717,-2.045801526717557,-0.46826171875,-0.00830078125,-0.11767578125,2.2066
2.2442748091603053,0.13740458015267176,-2.0610687022900764,-0.46875,-0.009765625,-0.114501953125,2.2083
2.198473282442748,0.366412213740458,-2.015267175572519,-0.468505859375,-0.010986328125,-0.11962890625,2.21
2.3206106870229006,0.183206106870229,-1.786259541984733,-0.46337890625,-0.0048828125,-0.11181640625,2.2117
2.351145038167939,0.0916030534351145,-1.7557251908396947,-0.464599609375,-0.0107421875,-0.12109375,2.2134
2.16793893129771,0.3816793893129771,-1.7557251908396947,-0.47119140625,-0.015625,-0.114990234375,2.2151
2.183206106870229,0.33587786259541985,-1.9083969465648856,-0.467529296875,-0.0107421875,-0.11572265625,2.2167999999999997
2.366412213740458,0.21374045801526717,-1.9389312977099236,-0.462158203125,-0.011962890625,-0.11279296875,2.2184999999999997
2.33587786259542,0.2900763358778626,-1.8931297709923665,-0.467529296875,-0.00830078125,-0.12255859375,2.2201999999999997
2.4122137404580153,0.2595419847328244,-2.0916030534351147,-0.466064453125,-0.010986328125,-0.108154296875,2.2218999999999998
2.6106870229007635,-0.04580152671755725,-2.0916030534351147,-0.464599609375,-0.010009765625,-0.111083984375,2.2236
2.549618320610687,0.13740458015267176,-1.8931297709923665,-0.464599609375,-0.010009765625,-0.119873046875,2.2253
2.5343511450381677,0.10687022900763359,-2.0916030534351147,-0.46337890625,-0.01708984375,-0.118896484375,2.227
2.4122137404580153,0.4732824427480916,-1.9389312977099236,-0.464599609375,-0.013916015625,-0.114013671875,2.2287
2.519083969465649,0.1984732824427481,-2.045801526717557,-0.461181640625,-0.013427734375,-0.11328125,2.2304
2.9618320610687023,0.2595419847328244,-2.0,-0.467529296875,-0.01318359375,-0.123779296875,2.2321
2.7786259541984735,0.21374045801526717,-2.1374045801526718,-0.4658203125,-0.01171875,-0.12646484375,2.2338
2.7786259541984735,0.32061068702290074,-1.9541984732824427,-0.4697265625,-0.015380859375,-0.10888671875,2.2355
2.7022900763358777,0.4122137404580153,-2.1068702290076335,-0.4599609375,-0.01220703125,-0.11962890625,2.2372
2.687022900763359,0.5038167938931297,-2.1068702290076335,-0.461181640625,-0.01123046875,-0.114501953125,2.2388999999999997
2.6717557251908395,0.3053435114503817,-1.9083969465648856,-0.46435546875,-0.009033203125,-0.10986328125,2.2405999999999997
2.6564885496183206,0.24427480916030533,-1.9541984732824427,-0.46826171875,-0.015380859375,-0.115234375,2.2422999999999997
2.687022900763359,0.2748091603053435,-1.8931297709923665,-0.466796875,-0.012451171875,-0.11083984375,2.2439999999999998
2.9618320610687023,0.183206106870229,-1.7709923664122138,-0.46337890625,-0.01806640625,-0.10693359375,2.2457
2.9770992366412212,0.22900763358778625,-2.015267175572519,-0.46435546875,-0.011474609375,-0.1181640625,2.2474
2.885496183206107,0.366412213740458,-1.6793893129770991,-0.46875,-0.013427734375,-0.1181640625,2.2491
2.7022900763358777,0.07633587786259542,-1.633587786259542,-0.46435546875,-0.01025390625,-0.120361328125,2.2508
2.732824427480916,0.16793893129770993,-1.6793893129770991,-0.466796875,-0.008544921875,-0.119384765625,2.2525
2.6564885496183206,0.1984732824427481,-1.5725190839694656,-0.46923828125,-0.016357421875,-0.1142578125,2.2542
3.0229007633587788,0.12213740458015267,-1.450381679389313,-0.470947265625,-0.011962890625,-0.115966796875,2.2559
2.9923664122137406,0.22900763358778625,-1.3893129770992367,-0.464111328125,-0.007080078125,-0.1240234375,2.2576
2.885496183206107,0.15267175572519084,-1.3129770992366412,-0.46728515625,-0.01171875,-0.118896484375,2.2593
2.687022900763359,0.1984732824427481,-1.4351145038167938,-0.46142578125,-0.015380859375,-0.116455078125,2.2609999999999997
2.4885496183206106,0.3969465648854962,-1.3129770992366412,-0.46484375,-0.00830078125,-0.115478515625,2.2626999999999997
2.8091603053435112,0.44274809160305345,-1.4351145038167938,-0.4638671875,-0.0087890625,-0.115966796875,2.2643999999999997
2.7786259541984735,0.4732824427480916,-1.3129770992366412,-0.466796875,-0.01025390625,-0.11279296875,2.2661
2.732824427480916,0.5954198473282443,-1.3740458015267176,-0.468994140625,-0.0068359375,-0.10595703125,2.2678
2.6717557251908395,0.32061068702290074,-1.7099236641221374,-0.465087890625,-0.0087890625,-0.1142578125,2.2695
2.6106870229007635,0.3053435114503817,-1.7099236641221374,-0.4658203125,-0.010009765625,-0.11328125,2.2712
2.6564885496183206,0.32061068702290074,-1.7709923664122138,-0.466064453125,-0.01123046875,-0.105712890625,2.2729
2.7022900763358777,0.2900763358778626,-1.8625954198473282,-0.462890625,-0.0126953125,-0.117431640625,2.2746
2.8702290076335877,0.061068702290076333,-1.8931297709923665,-0.466552734375,-0.01220703125,-0.11279296875,2.2763
2.687022900763359,0.07633587786259542,-2.1068702290076335,-0.46826171875,-0.0126953125,-0.115234375,2.278
2.763358778625954,-0.07633587786259542,-1.9541984732824427,-0.4658203125,-0.012451171875,-0.1123046875,2.2797
2.854961832061069,-0.061068702290076333,-1.9694656488549618,-0.46728515625,-0.011962890625,-0.115234375,2.2814
2.595419847328244,-0.07633587786259542,-2.0763358778625953,-0.4609375,-0.005615234375,-0.115234375,2.2830999999999997
2.717557251908397,0.183206106870229,-2.198473282442748,-0.46044921875,-0.005126953125,-0.11279296875,2.2847999999999997
2.6412213740458017,0.1984732824427481,-2.015267175572519,-0.457275390625,-0.01220703125,-0.12255859375,2.2864999999999998
2.6259541984732824,0.366412213740458,-2.122137404580153,-0.466796875,-0.015380859375,-0.10986328125,2.2882
2.854961832061069,0.2748091603053435,-2.030534351145038,-0.4677734375,-0.009765625,-0.11279296875,2.2899
2.6412213740458017,0.22900763358778625,-2.33587786259542,-0.47021484375,-0.01318359375,-0.11376953125,2.2916
2.6259541984732824,0.366412213740458,-2.122137404580153,-0.460693359375,-0.012451171875,-0.111572265625,2.2933
2.50381679389313,0.4732824427480916,-2.0610687022900764,-0.4658203125,-0.013671875,-0.108642578125,2.295
2.2595419847328246,0.3511450381679389,-2.0,-0.46435546875,-0.0166015625,-0.1025390625,2.2967
2.519083969465649,0.2595419847328244,-2.030534351145038,-0.461181640625,-0.02001953125,-0.117431640625,2.2984
2.6259541984732824,0.183206106870229,-1.9694656488549618,-0.46875,-0.0146484375,-0.11279296875,2.3001
2.33587786259542,0.183206106870229,-1.8015267175572518,-0.4677734375,-0.012451171875,-0.11376953125,2.3018
2.4885496183206106,-0.061068702290076333,-2.015267175572519,-0.46533203125,-0.013916015625,-0.108154296875,2.3034999999999997
2.4427480916030535,0.12213740458015267,-2.183206106870229,-0.46630859375,-0.012939453125,-0.11181640625,2.3051999999999997
2.4885496183206106,-0.12213740458015267,-1.9389312977099236,-0.468994140625,-0.0078125,-0.112548828125,2.3068999999999997
2.564885496183206,-0.1984732824427481,-2.0916030534351147,-0.466064453125,-0.017578125,-0.115966796875,2.3085999999999998
2.519083969465649,-0.04580152671755725,-1.9541984732824427,-0.46240234375,-0.0146484375,-0.109375,2.3103
2.351145038167939,0.12213740458015267,-2.030534351145038,-0.464599609375,-0.014892578125,-0.11181640625,2.312
2.3969465648854964,0.10687022900763359,-1.984732824427481,-0.472412109375,-0.012451171875,-0.11572265625,2.3137
2.2595419847328246,0.1984732824427481,-2.2290076335877864,-0.46826171875,-0.011474609375,-0.109130859375,2.3154
2.351145038167939,0.13740458015267176,-2.2290076335877864,-0.468994140625,-0.0107421875,-0.11328125,2.3171
2.1526717557251906,0.2900763358778626,-2.2595419847328246,-0.4638671875,-0.013916015625,-0.11083984375,2.3188
2.2748091603053435,0.10687022900763359,-2.33587786259542,-0.46728515625,-0.010498046875,-0.113525390625,2.3205
2.183206106870229,0.32061068702290074,-2.2748091603053435,-0.46630859375,-0.0126953125,-0.111083984375,2.3222
2.3053435114503817,0.183206106870229,-2.198473282442748,-0.466552734375,-0.010986328125,-0.10693359375,2.3239
2.2900763358778624,0.07633587786259542,-2.366412213740458,-0.471435546875,-0.013427734375,-0.107421875,2.3255999999999997
2.198473282442748,0.24427480916030533,-2.33587786259542,-0.463623046875,-0.013427734375,-0.10693359375,2.3272999999999997
2.213740458015267,0.183206106870229,-2.3053435114503817,-0.46240234375,-0.013916015625,-0.11962890625,2.3289999999999997
2.351145038167939,0.24427480916030533,-2.2748091603053435,-0.4677734375,-0.011474609375,-0.115966796875,2.3306999999999998
2.2748091603053435,0.13740458015267176,-2.4122137404580153,-0.463623046875,-0.015869140625,-0.104248046875,2.3324
2.2290076335877864,-0.030534351145038167,-2.6717557251908395,-0.465576171875,-0.010986328125,-0.10205078125,2.3341
2.4732824427480917,-0.10687022900763359,-2.900763358778626,-0.469482421875,-0.011962890625,-0.119140625,2.3358
2.427480916030534,-0.10687022900763359,-2.6564885496183206,-0.466796875,-0.009521484375,-0.11669921875,2.3375
2.4427480916030535,0.12213740458015267,-2.931297709923664,-0.461669921875,-0.010009765625,-0.119140625,2.3392
2.366412213740458,-0.13740458015267176,-2.8091603053435112,-0.4599609375,-0.015380859375,-0.10986328125,2.3409
2.427480916030534,-0.030534351145038167,-3.0229007633587788,-0.471435546875,-0.01708984375,-0.1201171875,2.3426
2.2442748091603053,-0.07633587786259542,-2.8091603053435112,-0.468994140625,-0.015380859375,-0.11328125,2.3443
2.427480916030534,-0.030534351145038167,-2.9618320610687023,-0.46826171875,-0.01708984375,-0.11865234375,2.346
2.5343511450381677,-0.030534351145038167,-2.8702290076335877,-0.471435546875,-0.014892578125,-0.115966796875,2.3476999999999997
2.3206106870229006,-0.366412213740458,-2.9618320610687023,-0.468017578125,-0.014404296875,-0.11474609375,2.3493999999999997
2.3969465648854964,-0.04580152671755725,-2.9770992366412212,-0.46875,-0.01513671875,-0.11181640625,2.3510999999999997
2.4885496183206106,0.015267175572519083,-2.687022900763359,-0.46826171875,-0.016845703125,-0.09619140625,2.3528
2.351145038167939,-0.07633587786259542,-2.519083969465649,-0.472900390625,-0.009521484375,-0.117919921875,2.3545
2.4732824427480917,0.030534351145038167,-2.717557251908397,-0.470458984375,-0.00927734375,-0.119873046875,2.3562
2.4122137404580153,-0.015267175572519083,-2.4580152671755724,-0.4716796875,-0.01611328125,-0.1123046875,2.3579
2.5343511450381677,-0.015267175572519083,-2.4885496183206106,-0.4677734375,-0.013427734375,-0.118896484375,2.3596
2.1526717557251906,-0.07633587786259542,-2.3969465648854964,-0.468994140625,-0.019287109375,-0.114013671875,2.3613
2.33587786259542,-0.10687022900763359,-2.427480916030534,-0.46728515625,-0.0166015625,-0.115234375,2.363
2.3206106870229006,-0.15267175572519084,-2.2290076335877864,-0.465087890625,-0.017822265625,-0.118408203125,2.3647
2.366412213740458,-0.33587786259541985,-2.2595419847328246,-0.470703125,-0.01611328125,-0.117919921875,2.3664
2.427480916030534,-0.1984732824427481,-2.3053435114503817,-0.46728515625,-0.0126953125,-0.107421875,2.3680999999999996
2.4122137404580153,-0.04580152671755725,-2.030534351145038,-0.466552734375,-0.019775390625,-0.1142578125,2.3697999999999997
2.198473282442748,-0.12213740458015267,-2.015267175572519,-0.466552734375,-0.020263671875,-0.112060546875,2.3714999999999997
2.183206106870229,-0.32061068702290074,-2.2748091603053435,-0.467041015625,-0.019775390625,-0.10986328125,2.3731999999999998
2.2290076335877864,-0.3816793893129771,-2.0763358778625953,-0.4697265625,-0.018310546875,-0.114501953125,2.3749
2.122137404580153,-0.22900763358778625,-1.8625954198473282,-0.46728515625,-0.014892578125,-0.10693359375,2.3766
2.1374045801526718,-0.16793893129770993,-1.9694656488549618,-0.473388671875,-0.0185546875,-0.115966796875,2.3783
2.015267175572519,-0.3053435114503817,-1.6641221374045803,-0.470458984375,-0.01953125,-0.12353515625,2.38
2.015267175572519,-0.2748091603053435,-1.4809160305343512,-0.468994140625,-0.027099609375,-0.1171875,2.3817
2.2442748091603053,-0.2748091603053435,-1.450381679389313,-0.464111328125,-0.01611328125,-0.1142578125,2.3834
1.9389312977099236,-0.030534351145038167,-1.3893129770992367,-0.472412109375,-0.01513671875,-0.11865234375,2.3851
1.8625954198473282,-0.061068702290076333,-1.4351145038167938,-0.473876953125,-0.01513671875,-0.1123046875,2.3868
1.9389312977099236,0.12213740458015267,-1.3282442748091603,-0.468017578125,-0.01416015625,-0.1103515625,2.3885
1.9236641221374047,0.061068702290076333,-1.1145038167938932,-0.46728515625,-0.01416015625,-0.110107421875,2.3901999999999997
1.9389312977099236,-0.1984732824427481,-1.282442748091603,-0.468017578125,-0.0185546875,-0.103271484375,2.3918999999999997
1.8473282442748091,0.10687022900763359,-1.1297709923664123,-0.468994140625,-0.014404296875,-0.112060546875,2.3935999999999997
1.786259541984733,0.13740458015267176,-0.9312977099236641,-0.47119140625,-0.011962890625,-0.107177734375,2.3952999999999998
1.8625954198473282,0.21374045801526717,-0.8549618320610687,-0.4697265625,-0.016357421875,-0.107666015625,2.397
1.7251908396946565,0.1984732824427481,-1.0381679389312977,-0.46630859375,-0.024658203125,-0.10546875,2.3987
1.816793893129771,0.1984732824427481,-0.9618320610687023,-0.4677734375,-0.0185546875,-0.099609375,2.4004
1.5725190839694656,0.0,-0.9923664122137404,-0.46728515625,-0.01171875,-0.1123046875,2.4021
1.7709923664122138,0.07633587786259542,-0.8244274809160306,-0.464599609375,-0.018310546875,-0.12158203125,2.4038
1.816793893129771,0.2748091603053435,-0.7175572519083969,-0.465087890625,-0.019775390625,-0.10986328125,2.4055
1.6946564885496183,0.3053435114503817,-0.7480916030534351,-0.4677734375,-0.0205078125,-0.1083984375,2.4072
1.816793893129771,0.0916030534351145,-0.9312977099236641,-0.46826171875,-0.016357421875,-0.111328125,2.4089
1.9694656488549618,0.07633587786259542,-0.9312977099236641,-0.4697265625,-0.017578125,-0.115478515625,2.4106
1.618320610687023,0.061068702290076333,-0.8549618320610687,-0.47021484375,-0.013427734375,-0.11279296875,2.4122999999999997
1.5114503816793894,0.04580152671755725,-0.8702290076335878,-0.469482421875,-0.01416015625,-0.11279296875,2.4139999999999997
1.6488549618320612,0.15267175572519084,-1.0076335877862594,-0.466552734375,-0.012451171875,-0.106689453125,2.4156999999999997
1.8931297709923665,0.22900763358778625,-0.8854961832061069,-0.462890625,-0.01806640625,-0.11669921875,2.4173999999999998
1.7099236641221374,0.061068702290076333,-0.8702290076335878,-0.46533203125,-0.01416015625,-0.10791015625,2.4191
1.618320610687023,0.15267175572519084,-1.1145038167938932,-0.471435546875,-0.015380859375,-0.110595703125,2.4208
1.6946564885496183,0.12213740458015267,-0.8091603053435115,-0.467041015625,-0.01220703125,-0.11328125,2.4225
1.6946564885496183,0.061068702290076333,-0.9007633587786259,-0.470703125,-0.012939453125,-0.1025390625,2.4242
1.4809160305343512,0.15267175572519084,-0.9007633587786259,-0.470458984375,-0.01220703125,-0.11181640625,2.4259
1.633587786259542,0.3511450381679389,-0.7786259541984732,-0.4677734375,-0.017822265625,-0.10595703125,2.4276
1.7251908396946565,0.3511450381679389,-0.9923664122137404,-0.469970703125,-0.01953125,-0.110595703125,2.4293
1.786259541984733,0.4580152671755725,-0.7786259541984732,-0.46875,-0.0146484375,-0.107421875,2.431
1.5877862595419847,0.5648854961832062,-0.8091603053435115,-0.471923828125,-0.010986328125,-0.108642578125,2.4327
1.618320610687023,0.7022900763358778,-0.6259541984732825,-0.470947265625,-0.013916015625,-0.11376953125,2.4343999999999997
1.3129770992366412,0.8549618320610687,-0.6259541984732825,-0.4677734375,-0.017822265625,-0.114501953125,2.4360999999999997
1.633587786259542,0.8396946564885496,-0.6564885496183206,-0.473876953125,-0.015625,-0.10595703125,2.4377999999999997
1.5877862595419847,0.7480916030534351,-0.6259541984732825,-0.467041015625,-0.016357421875,-0.110595703125,2.4395
1.5267175572519085,0.8244274809160306,-0.33587786259541985,-0.466064453125,-0.013671875,-0.102294921875,2.4412
1.4961832061068703,1.0534351145038168,-0.4580152671755725,-0.469482421875,-0.01318359375,-0.111083984375,2.4429
1.465648854961832,1.083969465648855,-0.5343511450381679,-0.4697265625,-0.01806640625,-0.114501953125,2.4446
1.2061068702290076,1.297709923664122,-0.549618320610687,-0.472412109375,-0.012451171875,-0.114501953125,2.4463
1.297709923664122,1.2061068702290076,-0.48854961832061067,-0.47021484375,-0.01806640625,-0.118408203125,2.448
1.5572519083969465,1.2213740458015268,-0.44274809160305345,-0.468505859375,-0.0166015625,-0.109130859375,2.4497
1.4045801526717556,1.1297709923664123,-0.5648854961832062,-0.467529296875,-0.012939453125,-0.1044921875,2.4514
1.3740458015267176,1.2061068702290076,-0.549618320610687,-0.47265625,-0.015380859375,-0.111328125,2.4531
1.2213740458015268,1.5114503816793894,-0.24427480916030533,-0.472900390625,-0.015380859375,-0.10595703125,2.4547999999999996
1.297709923664122,1.465648854961832,-0.5648854961832062,-0.470703125,-0.017333984375,-0.109375,2.4564999999999997
0.8702290076335878,1.5114503816793894,-0.3511450381679389,-0.472900390625,-0.0107421875,-0.11279296875,2.4581999999999997
0.9770992366412213,1.5114503816793894,-0.44274809160305345,-0.47021484375,-0.013427734375,-0.112548828125,2.4598999999999998
1.1450381679389312,1.5877862595419847,-0.22900763358778625,-0.46728515625,-0.015869140625,-0.109375,2.4616
1.2061068702290076,1.8015267175572518,-0.366412213740458,-0.46435546875,-0.020263671875,-0.11767578125,2.4633
1.0687022900763359,1.7709923664122138,-0.4580152671755725,-0.4697265625,-0.018310546875,-0.11279296875,2.465
0.9007633587786259,1.633587786259542,-0.5038167938931297,-0.471435546875,-0.0146484375,-0.12109375,2.4667
0.916030534351145,1.7099236641221374,-0.3053435114503817,-0.466552734375,-0.0146484375,-0.11962890625,2.4684
0.9312977099236641,1.8931297709923665,-0.6564885496183206,-0.467041015625,-0.009765625,-0.113525390625,2.4701
0.7022900763358778,1.9083969465648856,-0.5190839694656488,-0.46826171875,-0.007080078125,-0.12060546875,2.4718
0.6564885496183206,1.984732824427481,-0.7633587786259542,-0.466796875,-0.009033203125,-0.119384765625,2.4735
0.6870229007633588,2.213740458015267,-0.5343511450381679,-0.463623046875,-0.01171875,-0.106689453125,2.4752
0.6564885496183206,2.1068702290076335,-0.5648854961832062,-0.4658203125,-0.01220703125,-0.109130859375,2.4768999999999997
0.7786259541984732,1.984732824427481,-0.5343511450381679,-0.4677734375,-0.019775390625,-0.112060546875,2.4785999999999997
0.9618320610687023,2.122137404580153,-0.549618320610687,-0.46826171875,-0.012451171875,-0.106689453125,2.4802999999999997
0.6564885496183206,2.2442748091603053,-0.44274809160305345,-0.47021484375,-0.015869140625,-0.1162109375,2.4819999999999998
0.5801526717557252,2.045801526717557,-0.6717557251908397,-0.46826171875,-0.01611328125,-0.116455078125,2.4837
0.7786259541984732,2.122137404580153,-0.7633587786259542,-0.46533203125,-0.0166015625,-0.11474609375,2.4854
0.6870229007633588,2.16793893129771,-0.7480916030534351,-0.46875,-0.008544921875,-0.105712890625,2.4871
0.7175572519083969,2.33587786259542,-0.7022900763358778,-0.467041015625,-0.013427734375,-0.109130859375,2.4888
0.8091603053435115,2.213740458015267,-0.9312977099236641,-0.46435546875,-0.0087890625,-0.108642578125,2.4905
0.9312977099236641,2.1374045801526718,-0.6259541984732825,-0.468505859375,-0.013671875,-0.110595703125,2.4922
0.5343511450381679,2.351145038167939,-0.8244274809160306,-0.4677734375,-0.01513671875,-0.12255859375,2.4939
0.5038167938931297,2.1374045801526718,-0.7633587786259542,-0.466552734375,-0.013671875,-0.103515625,2.4956
0.6106870229007634,2.3053435114503817,-1.0076335877862594,-0.47412109375,-0.017333984375,-0.111083984375,2.4973
0.5343511450381679,2.183206106870229,-0.9007633587786259,-0.47021484375,-0.009521484375,-0.108642578125,2.4989999999999997
0.549618320610687,2.2748091603053435,-0.8854961832061069,-0.468017578125,-0.012939453125,-0.10693359375,2.5006999999999997
0.6412213740458015,2.6717557251908395,-0.9770992366412213,-0.465576171875,-0.010986328125,-0.11328125,2.5023999999999997
0.3511450381679389,2.4122137404580153,-1.1297709923664123,-0.469482421875,-0.015380859375,-0.113037109375,2.5040999999999998
0.3053435114503817,2.213740458015267,-0.9465648854961832,-0.46826171875,-0.017333984375,-0.120361328125,2.5058
0.5648854961832062,2.2748091603053435,-0.8244274809160306,-0.469482421875,-0.01416015625,-0.112060546875,2.5075
0.5954198473282443,2.519083969465649,-0.7633587786259542,-0.46923828125,-0.0146484375,-0.12158203125,2.5092
0.3816793893129771,2.4732824427480917,-0.9618320610687023,-0.46728515625,-0.014892578125,-0.11328125,2.5109
0.22900763358778625,2.33587786259542,-0.8549618320610687,-0.46630859375,-0.010009765625,-0.114990234375,2.5126
0.5190839694656488,2.6717557251908395,-0.9007633587786259,-0.465576171875,-0.0146484375,-0.11328125,2.5143
0.4580152671755725,2.6717557251908395,-0.6717557251908397,-0.472900390625,-0.0126953125,-0.11572265625,2.516
0.2595419847328244,2.6106870229007635,-0.8396946564885496,-0.466552734375,-0.016845703125,-0.117431640625,2.5177
0.42748091603053434,2.6564885496183206,-0.9465648854961832,-0.47265625,-0.010498046875,-0.1142578125,2.5193999999999996
0.3969465648854962,2.7786259541984735,-0.8549618320610687,-0.465576171875,-0.0146484375,-0.11279296875,2.5210999999999997
0.4732824427480916,2.885496183206107,-0.6259541984732825,-0.46728515625,-0.015380859375,-0.115966796875,2.5227999999999997
0.33587786259541985,2.885496183206107,-0.9312977099236641,-0.46875,-0.011962890625,-0.11865234375,2.5244999999999997
0.24427480916030533,2.931297709923664,-0.732824427480916,-0.47119140625,-0.009765625,-0.123046875,2.5262
0.4732824427480916,2.8244274809160306,-0.8702290076335878,-0.465576171875,-0.01416015625,-0.119140625,2.5279
0.42748091603053434,2.900763358778626,-0.5801526717557252,-0.46875,-0.012939453125,-0.118408203125,2.5296
0.44274809160305345,3.0381679389312977,-0.8549618320610687,-0.47021484375,-0.00927734375,-0.116943359375,2.5313
0.48854961832061067,2.9160305343511452,-0.7786259541984732,-0.46533203125,-0.009765625,-0.11376953125,2.533
0.5954198473282443,2.8702290076335877,-0.7938931297709924,-0.466064453125,-0.012451171875,-0.1142578125,2.5347
0.3969465648854962,2.9160305343511452,-0.8396946564885496,-0.4677734375,-0.011474609375,-0.119140625,2.5364
0.3816793893129771,3.0229007633587788,-0.7633587786259542,-0.46728515625,-0.01171875,-0.110595703125,2.5381
0.48854961832061067,3.0381679389312977,-0.8549618320610687,-0.46337890625,-0.010986328125,-0.111083984375,2.5398
0.5190839694656488,2.9923664122137406,-0.5801526717557252,-0.463134765625,-0.00732421875,-0.109130859375,2.5414999999999996
0.5190839694656488,2.9923664122137406,-0.9312977099236641,-0.469970703125,-0.009765625,-0.114501953125,2.5431999999999997
0.48854961832061067,2.8091603053435112,-1.0687022900763359,-0.46630859375,-0.009033203125,-0.1123046875,2.5448999999999997
0.6564885496183206,2.7022900763358777,-0.8091603053435115,-0.467041015625,-0.00927734375,-0.119873046875,2.5465999999999998
0.7786259541984732,2.9160305343511452,-0.916030534351145,-0.466064453125,-0.013671875,-0.124267578125,2.5483
0.5801526717557252,2.9770992366412212,-0.8396946564885496,-0.46240234375,-0.009765625,-0.1162109375,2.55
0.7480916030534351,3.0076335877862594,-0.9007633587786259,-0.46484375,-0.009033203125,-0.11962890625,2.5517
0.7633587786259542,3.0839694656488548,-1.0229007633587786,-0.466552734375,-0.008056640625,-0.115966796875,2.5534
0.8549618320610687,3.068702290076336,-0.7938931297709924,-0.46337890625,-0.01025390625,-0.115234375,2.5551
0.8549618320610687,3.236641221374046,-0.7480916030534351,-0.46533203125,-0.007080078125,-0.113525390625,2.5568
0.9923664122137404,3.1603053435114505,-0.8091603053435115,-0.46240234375,-0.009765625,-0.114990234375,2.5585
1.099236641221374,3.1755725190839694,-0.7633587786259542,-0.46533203125,-0.011962890625,-0.118408203125,2.5602
0.9007633587786259,3.114503816793893,-0.6412213740458015,-0.46337890625,-0.009765625,-0.11572265625,2.5619
0.8854961832061069,3.3893129770992365,-0.7480916030534351,-0.460693359375,-0.011962890625,-0.121337890625,2.5635999999999997
0.9618320610687023,3.435114503816794,-0.7938931297709924,-0.46142578125,-0.009033203125,-0.11376953125,2.5652999999999997
0.9770992366412213,3.236641221374046,-0.7786259541984732,-0.464111328125,-0.0048828125,-0.124267578125,2.5669999999999997
1.0534351145038168,3.0229007633587788,-0.7175572519083969,-0.464599609375,-0.008056640625,-0.12353515625,2.5686999999999998
1.1145038167938932,3.068702290076336,-0.6106870229007634,-0.462890625,-0.01171875,-0.1240234375,2.5704
1.1297709923664123,2.763358778625954,-0.5648854961832062,-0.461181640625,-0.012939453125,-0.12451171875,2.5721
0.9618320610687023,2.4732824427480917,-0.7022900763358778,-0.464111328125,-0.011962890625,-0.11767578125,2.5738
1.1297709923664123,2.6717557251908395,-0.5648854961832062,-0.45849609375,-0.006103515625,-0.120849609375,2.5755
1.3587786259541985,2.7786259541984735,-0.366412213740458,-0.46728515625,-0.014404296875,-0.116455078125,2.5772
1.3893129770992367,2.6106870229007635,-0.48854961832061067,-0.466064453125,-0.009765625,-0.120361328125,2.5789
1.1603053435114503,2.5801526717557253,-0.8091603053435115,-0.465087890625,-0.009521484375,-0.12255859375,2.5806
1.2366412213740459,2.7022900763358777,-0.4122137404580153,-0.4658203125,-0.0087890625,-0.117919921875,2.5823
1.1603053435114503,2.7786259541984735,-0.4580152671755725,-0.465576171875,-0.014892578125,-0.122802734375,2.584
1.450381679389313,2.7938931297709924,-0.5038167938931297,-0.466796875,-0.01220703125,-0.123779296875,2.5856999999999997
1.2061068702290076,2.687022900763359,-0.5954198473282443,-0.466064453125,-0.014404296875,-0.1083984375,2.5873999999999997
1.2366412213740459,2.732824427480916,-0.732824427480916,-0.465087890625,-0.0068359375,-0.10791015625,2.5890999999999997
1.4198473282442747,2.8396946564885495,-0.7480916030534351,-0.462890625,-0.00537109375,-0.10888671875,2.5907999999999998
1.2671755725190839,2.9160305343511452,-0.7480916030534351,-0.4638671875,-0.009521484375,-0.12158203125,2.5925
1.3435114503816794,2.7480916030534353,-0.7175572519083969,-0.46435546875,-0.008544921875,-0.12548828125,2.5942
1.297709923664122,2.7480916030534353,-0.8091603053435115,-0.461181640625,-0.008056640625,-0.116455078125,2.5959
1.2366412213740459,2.763358778625954,-0.7633587786259542,-0.462890625,-0.008544921875,-0.120849609375,2.5976
1.4198473282442747,2.549618320610687,-0.8854961832061069,-0.463134765625,-0.007568359375,-0.120361328125,2.5993
1.450381679389313,2.50381679389313,-0.9923664122137404,-0.45849609375,-0.008056640625,-0.12255859375,2.601
1.4809160305343512,2.8244274809160306,-0.8702290076335878,-0.464111328125,-0.00830078125,-0.121826171875,2.6027
1.4198473282442747,2.564885496183206,-1.0076335877862594,-0.45654296875,-0.0146484375,-0.1201171875,2.6044
1.465648854961832,2.519083969465649,-1.0076335877862594,-0.45849609375,-0.01318359375,-0.123779296875,2.6060999999999996
1.816793893129771,2.2748091603053435,-1.1450381679389312,-0.45947265625,-0.00927734375,-0.118408203125,2.6077999999999997
1.4351145038167938,2.2442748091603053,-0.9923664122137404,-0.46337890625,-0.01220703125,-0.116455078125,2.6094999999999997
1.618320610687023,2.2290076335877864,-0.8244274809160306,-0.461181640625,-0.0078125,-0.117431640625,2.6111999999999997
1.2366412213740459,2.045801526717557,-0.916030534351145,-0.46240234375,-0.009765625,-0.1220703125,2.6129
1.3435114503816794,2.030534351145038,-1.1145038167938932,-0.464599609375,-0.00927734375,-0.119140625,2.6146
1.6641221374045803,1.8625954198473282,-0.8854961832061069,-0.465087890625,-0.0126953125,-0.121337890625,2.6163
1.8015267175572518,1.7557251908396947,-0.9007633587786259,-0.463623046875,-0.00927734375,-0.115478515625,2.618
1.7557251908396947,1.6946564885496183,-0.8549618320610687,-0.4638671875,-0.00927734375,-0.125244140625,2.6197
1.3435114503816794,1.7557251908396947,-1.1145038167938932,-0.468505859375,-0.012939453125,-0.1142578125,2.6214
1.3740458015267176,1.4351145038167938,-0.9923664122137404,-0.458251953125,-0.009765625,-0.120849609375,2.6231
1.6030534351145038,1.4961832061068703,-1.1145038167938932,-0.465576171875,-0.01416015625,-0.127197265625,2.6248
1.5572519083969465,1.3129770992366412,-1.1755725190839694,-0.463623046875,-0.012451171875,-0.12451171875,2.6265
1.5419847328244274,1.3129770992366412,-1.0534351145038168,-0.459716796875,-0.015380859375,-0.129150390625,2.6281999999999996
1.3740458015267176,1.4045801526717556,-0.8702290076335878,-0.46484375,-0.011962890625,-0.119873046875,2.6298999999999997
1.3740458015267176,1.1297709923664123,-1.0076335877862594,-0.463623046875,-0.008544921875,-0.116943359375,2.6315999999999997
1.3740458015267176,1.282442748091603,-0.916030534351145,-0.4599609375,-0.0146484375,-0.122802734375,2.6332999999999998
1.3587786259541985,1.2366412213740459,-0.8854961832061069,-0.462646484375,-0.015625,-0.121826171875,2.635
1.2061068702290076,1.0229007633587786,-0.7786259541984732,-0.460205078125,-0.0185546875,-0.122314453125,2.6367
1.3893129770992367,0.7938931297709924,-0.8091603053435115,-0.46484375,-0.01318359375,-0.124267578125,2.6384
1.6793893129770991,0.6564885496183206,-0.9770992366412213,-0.470947265625,-0.007568359375,-0.124267578125,2.6401
1.0076335877862594,0.9770992366412213,-0.9770992366412213,-0.46728515625,-0.011474609375,-0.124267578125,2.6418
1.1755725190839694,0.6870229007633588,-0.6717557251908397,-0.4609375,-0.01513671875,-0.127197265625,2.6435
1.1297709923664123,0.6564885496183206,-0.8549618320610687,-0.461181640625,-0.010009765625,-0.121337890625,2.6452
1.2213740458015268,0.7786259541984732,-0.8702290076335878,-0.462890625,-0.012451171875,-0.11767578125,2.6469
1.2366412213740459,0.6259541984732825,-0.9618320610687023,-0.4599609375,-0.011474609375,-0.12744140625,2.6486
1.3893129770992367,0.5038167938931297,-0.8854961832061069,-0.457275390625,-0.0146484375,-0.11865234375,2.6502999999999997
1.450381679389313,0.5801526717557252,-0.7480916030534351,-0.4619140625,-0.007080078125,-0.12353515625,2.6519999999999997
1.4045801526717556,0.5190839694656488,-0.7480916030534351,-0.46337890625,-0.007080078125,-0.12158203125,2.6536999999999997
1.4351145038167938,0.4122137404580153,-1.083969465648855,-0.4638671875,-0.009033203125,-0.11669921875,2.6553999999999998
1.4198473282442747,0.44274809160305345,-0.9770992366412213,-0.46240234375,-0.01171875,-0.12548828125,2.6571
1.5725190839694656,0.32061068702290074,-1.083969465648855,-0.455810546875,-0.00927734375,-0.12158203125,2.6588
1.465648854961832,0.22900763358778625,-1.0534351145038168,-0.45751953125,-0.0068359375,-0.124267578125,2.6605
1.5877862595419847,0.2595419847328244,-1.3129770992366412,-0.4609375,-0.010498046875,-0.12060546875,2.6622
1.2366412213740459,0.030534351145038167,-0.9465648854961832,-0.4599609375,-0.008544921875,-0.12841796875,2.6639
1.6030534351145038,0.10687022900763359,-1.1603053435114503,-0.462890625,-0.00927734375,-0.122314453125,2.6656
1.3435114503816794,-0.0916030534351145,-1.2213740458015268,-0.461181640625,-0.01416015625,-0.115478515625,2.6673
1.297709923664122,-0.030534351145038167,-1.3587786259541985,-0.4580078125,-0.007080078125,-0.116943359375,2.669
1.1450381679389312,0.0,-1.1603053435114503,-0.458251953125,-0.009765625,-0.128662109375,2.6706999999999996
1.2213740458015268,-0.21374045801526717,-1.1755725190839694,-0.459716796875,-0.01220703125,-0.12451171875,2.6723999999999997
1.2213740458015268,-0.42748091603053434,-1.1603053435114503,-0.456787109375,-0.00927734375,-0.1328125,2.6740999999999997
1.297709923664122,-0.366412213740458,-1.282442748091603,-0.456787109375,-0.0087890625,-0.128662109375,2.6757999999999997
1.3740458015267176,-0.6564885496183206,-1.3893129770992367,-0.45751953125,-0.0107421875,-0.12451171875,2.6774999999999998
1.4198473282442747,-0.7480916030534351,-1.5419847328244274,-0.458984375,-0.0087890625,-0.11962890625,2.6792
1.5114503816793894,-0.9007633587786259,-1.3435114503816794,-0.4560546875,-0.006591796875,-0.1171875,2.6809
1.4809160305343512,-0.9465648854961832,-1.7099236641221374,-0.458984375,-0.01318359375,-0.12255859375,2.6826
1.6946564885496183,-1.0534351145038168,-1.6641221374045803,-0.454345703125,-0.01318359375,-0.12353515625,2.6843
1.450381679389313,-1.1603053435114503,-1.8778625954198473,-0.45849609375,-0.0126953125,-0.12255859375,2.686
1.4198473282442747,-1.1450381679389312,-1.6030534351145038,-0.454345703125,-0.012451171875,-0.1240234375,2.6877
1.4198473282442747,-1.2366412213740459,-1.6641221374045803,-0.462890625,-0.01318359375,-0.125732421875,2.6894
1.3129770992366412,-1.2671755725190839,-1.6793893129770991,-0.462158203125,-0.01025390625,-0.120849609375,2.6911
1.5419847328244274,-1.2366412213740459,-1.816793893129771,-0.466064453125,-0.009765625,-0.1181640625,2.6927999999999996
1.465648854961832,-1.282442748091603,-1.6793893129770991,-0.458984375,-0.00927734375,-0.125244140625,2.6944999999999997
1.4198473282442747,-1.3435114503816794,-1.8931297709923665,-0.4658203125,-0.014892578125,-0.12109375,2.6961999999999997
1.6030534351145038,-1.3740458015267176,-1.7099236641221374,-0.464111328125,-0.0126953125,-0.111328125,2.6978999999999997
1.7404580152671756,-1.5114503816793894,-1.8473282442748091,-0.4658203125,-0.00537109375,-0.12158203125,2.6995999999999998
1.450381679389313,-1.6946564885496183,-1.6946564885496183,-0.46240234375,-0.008544921875,-0.129638671875,2.7013
1.816793893129771,-1.6793893129770991,-1.9083969465648856,-0.46142578125,-0.007080078125,-0.126708984375,2.703
1.83206106870229,-1.6793893129770991,-1.8931297709923665,-0.46142578125,-0.01171875,-0.13232421875,2.7047
1.3893129770992367,-1.9389312977099236,-1.9236641221374047,-0.460693359375,-0.0126953125,-0.122802734375,2.7064
1.6793893129770991,-1.8778625954198473,-2.030534351145038,-0.458984375,-0.0087890625,-0.12109375,2.7081
1.7557251908396947,-1.9541984732824427,-2.213740458015267,-0.459716796875,-0.01171875,-0.121826171875,2.7098
1.7251908396946565,-1.9694656488549618,-2.366412213740458,-0.45703125,-0.008056640625,-0.117919921875,2.7115
1.7251908396946565,-1.8931297709923665,-2.2595419847328246,-0.4609375,-0.008056640625,-0.1240234375,2.7132
1.4961832061068703,-2.122137404580153,-2.366412213740458,-0.465087890625,-0.007568359375,-0.1240234375,2.7148999999999996
1.4351145038167938,-2.213740458015267,-2.4427480916030535,-0.459228515625,-0.0087890625,-0.126708984375,2.7165999999999997
1.7709923664122138,-2.213740458015267,-2.4732824427480917,-0.45947265625,-0.01123046875,-0.12548828125,2.7182999999999997
1.7709923664122138,-2.4122137404580153,-2.5343511450381677,-0.462158203125,-0.013427734375,-0.123291015625,2.7199999999999998
1.6030534351145038,-2.2748091603053435,-2.3053435114503817,-0.457275390625,-0.009521484375,-0.128662109375,2.7217
2.0610687022900764,-2.427480916030534,-2.3969465648854964,-0.45703125,-0.013427734375,-0.1181640625,2.7234
1.7709923664122138,-2.5801526717557253,-2.3969465648854964,-0.454345703125,-0.01025390625,-0.121826171875,2.7251
1.6030534351145038,-2.519083969465649,-2.2595419847328246,-0.45703125,-0.008544921875,-0.12158203125,2.7268
1.8473282442748091,-2.732824427480916,-2.1068702290076335,-0.461181640625,-0.009521484375,-0.1259765625,2.7285
1.8778625954198473,-3.0381679389312977,-2.1526717557251906,-0.45556640625,-0.0048828125,-0.123046875,2.7302
1.8931297709923665,-3.2519083969465647,-2.122137404580153,-0.45556640625,-0.003662109375,-0.12451171875,2.7319
1.8015267175572518,-3.099236641221374,-2.3053435114503817,-0.45361328125,-0.012451171875,-0.12744140625,2.7336
1.6488549618320612,-3.114503816793893,-2.33587786259542,-0.459228515625,-0.01123046875,-0.1259765625,2.7353
2.015267175572519,-3.5877862595419847,-2.519083969465649,-0.461181640625,-0.0107421875,-0.119140625,2.7369999999999997
1.83206106870229,-3.9236641221374047,-2.564885496183206,-0.45947265625,-0.008544921875,-0.119384765625,2.7386999999999997
1.8931297709923665,-3.9083969465648853,-2.854961832061069,-0.455810546875,-0.0126953125,-0.12158203125,2.7403999999999997
2.015267175572519,-3.8473282442748094,-2.7480916030534353,-0.454833984375,-0.0146484375,-0.12255859375,2.7420999999999998
1.6793893129770991,-4.152671755725191,-2.8396946564885495,-0.462890625,-0.013671875,-0.12060546875,2.7438
2.0763358778625953,-4.0458015267175576,-2.6412213740458017,-0.4560546875,-0.0126953125,-0.125244140625,2.7455
2.0763358778625953,-4.091603053435114,-2.732824427480916,-0.45361328125,-0.01318359375,-0.125,2.7472
2.045801526717557,-4.396946564885496,-2.8244274809160306,-0.45361328125,-0.00927734375,-0.11962890625,2.7489
2.1068702290076335,-4.2748091603053435,-2.4885496183206106,-0.4599609375,-0.00927734375,-0.126953125,2.7506
2.0610687022900764,-4.717557251908397,-2.2900763358778624,-0.459716796875,-0.011474609375,-0.124267578125,2.7523
2.183206106870229,-4.702290076335878,-2.213740458015267,-0.460205078125,-0.009765625,-0.124755859375,2.754
2.2748091603053435,-4.656488549618321,-2.1374045801526718,-0.458740234375,-0.00732421875,-0.12548828125,2.7557
2.0,-4.748091603053435,-2.2900763358778624,-0.45654296875,-0.010009765625,-0.1259765625,2.7573999999999996
2.183206106870229,-4.885496183206107,-2.2900763358778624,-0.4580078125,-0.0068359375,-0.122802734375,2.7590999999999997
2.1374045801526718,-5.0534351145038165,-2.4580152671755724,-0.451416015625,-0.0166015625,-0.120849609375,2.7607999999999997
1.9083969465648856,-5.282442748091603,-2.595419847328244,-0.46142578125,-0.0087890625,-0.120849609375,2.7624999999999997
2.1068702290076335,-5.404580152671755,-2.7786259541984735,-0.460205078125,-0.0146484375,-0.12353515625,2.7641999999999998
2.3053435114503817,-5.526717557251908,-2.854961832061069,-0.458984375,-0.017578125,-0.11962890625,2.7659
2.16793893129771,-5.786259541984733,-2.854961832061069,-0.455322265625,-0.00927734375,-0.12646484375,2.7676
2.1374045801526718,-5.893129770992366,-3.0076335877862594,-0.459716796875,-0.017822265625,-0.123291015625,2.7693
2.015267175572519,-6.030534351145038,-2.8396946564885495,-0.45703125,-0.017822265625,-0.12060546875,2.771
1.9083969465648856,-6.366412213740458,-2.595419847328244,-0.45751953125,-0.016357421875,-0.123779296875,2.7727
2.16793893129771,-6.2748091603053435,-2.6106870229007635,-0.460205078125,-0.012451171875,-0.119140625,2.7744
2.16793893129771,-6.442748091603053,-2.4122137404580153,-0.45556640625,-0.016357421875,-0.12158203125,2.7761
2.1068702290076335,-6.916030534351145,-2.045801526717557,-0.4580078125,-0.009033203125,-0.11962890625,2.7778
2.0,-6.977099236641221,-1.816793893129771,-0.455322265625,-0.01611328125,-0.13134765625,2.7794999999999996
2.198473282442748,-7.206106870229007,-1.9694656488549618,-0.45458984375,-0.015380859375,-0.12646484375,2.7811999999999997
1.9236641221374047,-7.465648854961832,-2.045801526717557,-0.448974609375,-0.013916015625,-0.130859375,2.7828999999999997
2.015267175572519,-7.511450381679389,-1.9694656488549618,-0.455810546875,-0.019287109375,-0.129638671875,2.7845999999999997
2.0,-7.7251908396946565,-1.8625954198473282,-0.45947265625,-0.0224609375,-0.12548828125,2.7862999999999998
1.816793893129771,-7.969465648854962,-1.9236641221374047,-0.456298828125,-0.014892578125,-0.1259765625,2.788
1.786259541984733,-8.16793893129771,-1.9236641221374047,-0.455810546875,-0.015625,-0.12451171875,2.7897
1.83206106870229,-8.229007633587786,-2.0,-0.457275390625,-0.020263671875,-0.12353515625,2.7914
1.816793893129771,-8.564885496183207,-2.0,-0.458740234375,-0.01171875,-0.130615234375,2.7931
1.8473282442748091,-8.488549618320612,-1.8625954198473282,-0.45703125,-0.018798828125,-0.132080078125,2.7948
1.7709923664122138,-8.50381679389313,-1.8931297709923665,-0.459228515625,-0.015869140625,-0.11962890625,2.7965
1.786259541984733,-8.549618320610687,-1.7099236641221374,-0.461181640625,-0.019775390625,-0.12109375,2.7982
1.7251908396946565,-8.687022900763358,-1.5267175572519085,-0.4619140625,-0.017578125,-0.12744140625,2.7999
1.7099236641221374,-8.82442748091603,-1.5114503816793894,-0.458984375,-0.017578125,-0.12451171875,2.8015999999999996
1.6946564885496183,-9.007633587786259,-1.4045801526717556,-0.46240234375,-0.017333984375,-0.12939453125,2.8032999999999997
1.6488549618320612,-8.870229007633588,-1.3740458015267176,-0.456787109375,-0.013916015625,-0.125244140625,2.8049999999999997
1.6793893129770991,-8.916030534351146,-1.5419847328244274,-0.467041015625,-0.01123046875,-0.127197265625,2.8066999999999998
1.5572519083969465,-8.83969465648855,-1.2061068702290076,-0.46337890625,-0.017333984375,-0.12744140625,2.8084
1.297709923664122,-9.083969465648854,-1.297709923664122,-0.457763671875,-0.013671875,-0.12060546875,2.8101
1.282442748091603,-8.793893129770993,-1.3129770992366412,-0.45947265625,-0.019287109375,-0.121337890625,2.8118
1.3129770992366412,-8.732824427480915,-1.2061068702290076,-0.458984375,-0.017578125,-0.12060546875,2.8135
1.2213740458015268,-8.900763358778626,-1.0076335877862594,-0.461181640625,-0.01904296875,-0.121826171875,2.8152
1.282442748091603,-8.916030534351146,-1.3129770992366412,-0.457275390625,-0.021240234375,-0.125732421875,2.8169
0.916030534351145,-8.900763358778626,-1.0534351145038168,-0.4580078125,-0.01513671875,-0.121337890625,2.8186
1.1297709923664123,-8.961832061068701,-1.1908396946564885,-0.459228515625,-0.014892578125,-0.125244140625,2.8203
0.9923664122137404,-8.900763358778626,-1.1908396946564885,-0.4521484375,-0.018310546875,-0.125244140625,2.822
0.7786259541984732,-9.206106870229007,-1.1908396946564885,-0.457763671875,-0.01318359375,-0.126708984375,2.8236999999999997
0.7480916030534351,-9.404580152671755,-1.2213740458015268,-0.453857421875,-0.017578125,-0.120849609375,2.8253999999999997
0.6717557251908397,-9.236641221374045,-1.0076335877862594,-0.452392578125,-0.017822265625,-0.12646484375,2.8270999999999997
0.732824427480916,-9.587786259541986,-1.0076335877862594,-0.451171875,-0.013916015625,-0.11962890625,2.8287999999999998
0.7175572519083969,-9.694656488549619,-0.9007633587786259,-0.4560546875,-0.016845703125,-0.126220703125,2.8305
0.5648854961832062,-10.122137404580153,-0.9465648854961832,-0.459228515625,-0.01708984375,-0.129638671875,2.8322
0.7786259541984732,-10.198473282442748,-0.8702290076335878,-0.448486328125,-0.015380859375,-0.13037109375,2.8339
0.5954198473282443,-10.229007633587786,-0.7633587786259542,-0.455078125,-0.013427734375,-0.121337890625,2.8356
0.549618320610687,-10.65648854961832,-1.0076335877862594,-0.4501953125,-0.011474609375,-0.126220703125,2.8373
0.549618320610687,-11.022900763358779,-0.8091603053435115,-0.450439453125,-0.018798828125,-0.12744140625,2.839
0.13740458015267176,-11.16030534351145,-0.9007633587786259,-0.458251953125,-0.015869140625,-0.12646484375,2.8407
0.3053435114503817,-11.49618320610687,-0.7786259541984732,-0.45458984375,-0.012451171875,-0.125,2.8424
-0.030534351145038167,-11.49618320610687,-0.8549618320610687,-0.449462890625,-0.019287109375,-0.13037109375,2.8440999999999996
-0.13740458015267176,-11.86259541984733,-0.7938931297709924,-0.452880859375,-0.025634765625,-0.1240234375,2.8457999999999997
-0.015267175572519083,-12.305343511450381,-0.9312977099236641,-0.447265625,-0.019287109375,-0.123046875,2.8474999999999997
-0.1984732824427481,-12.488549618320612,-1.0076335877862594,-0.450439453125,-0.02001953125,-0.123291015625,2.8491999999999997
-0.48854961832061067,-12.870229007633588,-1.0534351145038168,-0.447265625,-0.012939453125,-0.124755859375,2.8508999999999998
-0.48854961832061067,-13.068702290076336,-0.8396946564885496,-0.447998046875,-0.01953125,-0.122802734375,2.8526
-0.5954198473282443,-13.572519083969466,-0.9618320610687023,-0.4482421875,-0.01904296875,-0.128173828125,2.8543
-0.5801526717557252,-13.893129770992367,-0.8854961832061069,-0.442138671875,-0.01806640625,-0.12353515625,2.856
-1.0381679389312977,-14.320610687022901,-0.9770992366412213,-0.4404296875,-0.0146484375,-0.125244140625,2.8577
-0.9770992366412213,-14.595419847328245,-0.8854961832061069,-0.4384765625,-0.016357421875,-0.125732421875,2.8594
-0.9770992366412213,-14.748091603053435,-0.9465648854961832,-0.44580078125,-0.021728515625,-0.128662109375,2.8611
-1.1297709923664123,-15.053435114503817,-0.916030534351145,-0.442138671875,-0.0126953125,-0.125,2.8628
-1.2213740458015268,-15.450381679389313,-0.8396946564885496,-0.4404296875,-0.016357421875,-0.122802734375,2.8645
-1.3587786259541985,-15.86259541984733,-0.9770992366412213,-0.44140625,-0.020263671875,-0.123779296875,2.8661999999999996
-1.3893129770992367,-16.259541984732824,-0.8854961832061069,-0.442138671875,-0.018798828125,-0.1279296875,2.8678999999999997
-1.1755725190839694,-16.47328244274809,-0.9312977099236641,-0.441162109375,-0.021728515625,-0.123291015625,2.8695999999999997
-1.633587786259542,-16.99236641221374,-1.0229007633587786,-0.43994140625,-0.01708984375,-0.129150390625,2.8712999999999997
-1.6641221374045803,-17.49618320610687,-0.7633587786259542,-0.44384765625,-0.018310546875,-0.124755859375,2.8729999999999998
-1.5877862595419847,-17.801526717557252,-0.916030534351145,-0.440673828125,-0.013671875,-0.120849609375,2.8747
-1.5419847328244274,-18.48854961832061,-0.6717557251908397,-0.440185546875,-0.015869140625,-0.117919921875,2.8764
-1.6793893129770991,-18.82442748091603,-0.6412213740458015,-0.43701171875,-0.01953125,-0.1220703125,2.8781
-2.015267175572519,-19.297709923664122,-0.549618320610687,-0.438720703125,-0.018310546875,-0.117431640625,2.8798
-1.9541984732824427,-19.69465648854962,-0.5954198473282443,-0.436767578125,-0.0166015625,-0.117431640625,2.8815
-1.9694656488549618,-20.16793893129771,-0.5190839694656488,-0.437744140625,-0.0166015625,-0.124755859375,2.8832
-2.366412213740458,-20.82442748091603,-0.732824427480916,-0.43994140625,-0.016357421875,-0.12451171875,2.8849
-2.366412213740458,-21.297709923664122,-0.7786259541984732,-0.445068359375,-0.01953125,-0.1240234375,2.8866
-2.366412213740458,-21.69465648854962,-0.7480916030534351,-0.44091796875,-0.0205078125,-0.11962890625,2.8882999999999996
-2.5343511450381677,-22.12213740458015,-0.6412213740458015,-0.4404296875,-0.017578125,-0.12060546875,2.8899999999999997
-2.6259541984732824,-22.50381679389313,-0.6717557251908397,-0.4384765625,-0.01611328125,-0.116943359375,2.8916999999999997
-2.5801526717557253,-23.083969465648856,-0.5190839694656488,-0.4384765625,-0.018310546875,-0.116943359375,2.8933999999999997
-2.900763358778626,-23.480916030534353,-0.6717557251908397,-0.44189453125,-0.018310546875,-0.114013671875,2.8951
-2.9618320610687023,-24.16793893129771,-0.44274809160305345,-0.439208984375,-0.0146484375,-0.1181640625,2.8968
-2.900763358778626,-24.702290076335878,-0.6717557251908397,-0.4365234375,-0.014404296875,-0.1220703125,2.8985
-2.8702290076335877,-24.9618320610687,-0.5190839694656488,-0.44091796875,-0.017333984375,-0.119140625,2.9002
-3.068702290076336,-25.66412213740458,-0.5190839694656488,-0.4365234375,-0.018798828125,-0.1181640625,2.9019
-3.0076335877862594,-26.213740458015266,-0.3816793893129771,-0.441162109375,-0.018310546875,-0.119140625,2.9036
-3.3282442748091605,-26.641221374045802,-0.5343511450381679,-0.44140625,-0.017333984375,-0.11474609375,2.9053
-3.312977099236641,-27.267175572519083,-0.3511450381679389,-0.441650390625,-0.021484375,-0.12109375,2.907
-3.5419847328244276,-27.81679389312977,-0.7480916030534351,-0.442138671875,-0.019287109375,-0.12060546875,2.9086999999999996
-3.7099236641221376,-28.061068702290076,-0.6870229007633588,-0.439208984375,-0.018798828125,-0.11669921875,2.9103999999999997
-3.8625954198473282,-28.47328244274809,-0.8549618320610687,-0.4365234375,-0.016357421875,-0.10986328125,2.9120999999999997
-3.9236641221374047,-28.9618320610687,-0.7480916030534351,-0.44140625,-0.023193359375,-0.114013671875,2.9137999999999997
-3.6946564885496183,-29.49618320610687,-1.0229007633587786,-0.43798828125,-0.01953125,-0.11376953125,2.9154999999999998
-3.877862595419847,-29.81679389312977,-1.083969465648855,-0.442138671875,-0.01611328125,-0.121337890625,2.9172
-3.8625954198473282,-30.519083969465647,-1.0687022900763359,-0.43896484375,-0.019287109375,-0.111328125,2.9189
-4.198473282442748,-30.83969465648855,-1.083969465648855,-0.43701171875,-0.0224609375,-0.115966796875,2.9206
-4.076335877862595,-31.374045801526716,-1.1297709923664123,-0.4404296875,-0.0068359375,-0.113037109375,2.9223
-4.015267175572519,-31.923664122137403,-0.8702290076335878,-0.43701171875,-0.016845703125,-0.108154296875,2.924
-4.137404580152672,-32.229007633587784,-0.9770992366412213,-0.437744140625,-0.019287109375,-0.1005859375,2.9257
-4.259541984732825,-32.732824427480914,-0.6870229007633588,-0.43017578125,-0.01904296875,-0.109375,2.9274
-4.519083969465649,-33.16030534351145,-0.8244274809160306,-0.43408203125,-0.01220703125,-0.11279296875,2.9291
-4.2748091603053435,-33.57251908396947,-0.7022900763358778,-0.435302734375,-0.01806640625,-0.097900390625,2.9307999999999996
-4.244274809160306,-34.030534351145036,-0.7786259541984732,-0.437255859375,-0.013671875,-0.09716796875,2.9324999999999997
-4.320610687022901,-34.58015267175573,-0.8854961832061069,-0.434326171875,-0.016845703125,-0.1015625,2.9341999999999997
-4.305343511450381,-34.94656488549618,-1.1908396946564885,-0.42822265625,-0.016357421875,-0.09423828125,2.9358999999999997
-4.351145038167939,-35.66412213740458,-1.099236641221374,-0.4326171875,-0.016845703125,-0.09912109375,2.9375999999999998
-4.320610687022901,-35.93893129770992,-0.9618320610687023,-0.433349609375,-0.01611328125,-0.1005859375,2.9393
-4.5038167938931295,-36.717557251908396,-0.9007633587786259,-0.435546875,-0.013916015625,-0.095947265625,2.941
-4.198473282442748,-37.282442748091604,-1.1450381679389312,-0.43310546875,-0.0107421875,-0.096435546875,2.9427
-3.984732824427481,-37.770992366412216,-1.0687022900763359,-0.43017578125,-0.008544921875,-0.09423828125,2.9444
-4.198473282442748,-38.42748091603053,-1.1145038167938932,-0.435546875,-0.012451171875,-0.0966796875,2.9461
-4.152671755725191,-39.00763358778626,-1.1450381679389312,-0.43408203125,-0.01025390625,-0.08251953125,2.9478
-3.9389312977099236,-39.64885496183206,-1.099236641221374,-0.437744140625,-0.013671875,-0.083251953125,2.9495
-4.122137404580153,-40.213740458015266,-1.1603053435114503,-0.43896484375,-0.01416015625,-0.08935546875,2.9512
-4.015267175572519,-40.595419847328245,-1.2366412213740459,-0.43798828125,-0.0107421875,-0.087646484375,2.9528999999999996
-4.0458015267175576,-41.41984732824427,-1.0687022900763359,-0.43798828125,-0.010498046875,-0.087158203125,2.9545999999999997
-3.816793893129771,-41.98473282442748,-1.2671755725190839,-0.4443359375,-0.008056640625,-0.08349609375,2.9562999999999997
-3.5267175572519083,-42.42748091603053,-1.5114503816793894,-0.4423828125,-0.01513671875,-0.08544921875,2.9579999999999997
-3.801526717557252,-42.88549618320611,-1.5114503816793894,-0.445556640625,-0.0107421875,-0.085693359375,2.9596999999999998
-3.572519083969466,-43.37404580152672,-1.3129770992366412,-0.440673828125,-0.0087890625,-0.072265625,2.9614
-3.2213740458015265,-43.74045801526717,-1.465648854961832,-0.449951171875,-0.0029296875,-0.07763671875,2.9631
-3.404580152671756,-43.98473282442748,-1.5114503816793894,-0.447265625,-0.008056640625,-0.080810546875,2.9648
-3.3282442748091605,-44.25954198473283,-1.6946564885496183,-0.4501953125,-0.008056640625,-0.072998046875,2.9665
-2.9618320610687023,-44.6412213740458,-1.4961832061068703,-0.456298828125,-0.01025390625,-0.0771484375,2.9682
-2.9923664122137406,-44.82442748091603,-1.6488549618320612,-0.451904296875,-0.005859375,-0.076904296875,2.9699
-3.099236641221374,-44.87022900763359,-1.5572519083969465,-0.45849609375,-0.00439453125,-0.079833984375,2.9716
-2.900763358778626,-44.80916030534351,-1.5114503816793894,-0.459716796875,-0.008056640625,-0.072265625,2.9733
-2.717557251908397,-44.83969465648855,-1.5267175572519085,-0.4521484375,0.0,-0.074951171875,2.9749999999999996
-2.7938931297709924,-45.05343511450382,-1.4961832061068703,-0.4541015625,-0.001953125,-0.072998046875,2.9766999999999997
-2.2595419847328246,-44.97709923664122,-1.4809160305343512,-0.4599609375,-0.00244140625,-0.077392578125,2.9783999999999997
-2.183206106870229,-44.87022900763359,-1.786259541984733,-0.4599609375,-0.004638671875,-0.07080078125,2.9800999999999997
-2.4427480916030535,-44.80916030534351,-1.2671755725190839,-0.45849609375,-0.007568359375,-0.072265625,2.9818
-2.1526717557251906,-44.50381679389313,-1.2671755725190839,-0.457763671875,-0.00537109375,-0.07080078125,2.9835
-2.122137404580153,-44.61068702290076,-1.4351145038167938,-0.463623046875,-0.011962890625,-0.0654296875,2.9852
-1.7251908396946565,-44.80916030534351,-1.618320610687023,-0.46142578125,-0.005126953125,-0.072265625,2.9869
-1.5725190839694656,-44.61068702290076,-1.6793893129770991,-0.465576171875,-0.00830078125,-0.063232421875,2.9886
-1.4351145038167938,-44.44274809160305,-1.6793893129770991,-0.4638671875,-0.003662109375,-0.06982421875,2.9903
-1.4961832061068703,-44.54961832061068,-1.633587786259542,-0.46484375,-0.004638671875,-0.06982421875,2.992
-1.3740458015267176,-44.412213740458014,-1.7099236641221374,-0.466552734375,-0.00537109375,-0.065673828125,2.9937
-1.297709923664122,-44.35114503816794,-1.6793893129770991,-0.464599609375,-0.005126953125,-0.068115234375,2.9953999999999996
-0.8396946564885496,-44.045801526717554,-1.83206106870229,-0.46826171875,-0.0068359375,-0.06591796875,2.9970999999999997
-0.8396946564885496,-44.091603053435115,-1.8931297709923665,-0.466552734375,-0.0068359375,-0.06396484375,2.9987999999999997
-0.7022900763358778,-44.091603053435115,-1.7404580152671756,-0.45849609375,-0.00537109375,-0.069580078125,3.0004999999999997
-0.7175572519083969,-44.10687022900763,-1.8625954198473282,-0.459228515625,-0.004150390625,-0.073486328125,3.0021999999999998
-0.6259541984732825,-44.12213740458015,-2.0763358778625953,-0.460205078125,-0.0068359375,-0.0712890625,3.0039
-0.15267175572519084,-43.98473282442748,-1.984732824427481,-0.4609375,-0.00537109375,-0.0732421875,3.0056
-0.21374045801526717,-44.12213740458015,-1.984732824427481,-0.459228515625,-0.002197265625,-0.0576171875,3.0073
-0.10687022900763359,-44.01526717557252,-2.2442748091603053,-0.45849609375,-0.010498046875,-0.064697265625,3.009
0.0,-43.74045801526717,-2.045801526717557,-0.459228515625,-0.007080078125,-0.071533203125,3.0107
0.10687022900763359,-43.908396946564885,-2.030534351145038,-0.451171875,-0.005859375,-0.073974609375,3.0124
0.4580152671755725,-43.69465648854962,-2.0610687022900764,-0.45166015625,0.001220703125,-0.06689453125,3.0141
0.2748091603053435,-43.969465648854964,-2.015267175572519,-0.45361328125,-0.00048828125,-0.064697265625,3.0158
0.16793893129770993,-44.12213740458015,-2.1526717557251906,-0.456298828125,-0.006103515625,-0.0576171875,3.0174999999999996
0.183206106870229,-44.19847328244275,-1.9083969465648856,-0.450439453125,-0.010009765625,-0.055908203125,3.0191999999999997
0.1984732824427481,-44.35114503816794,-1.9541984732824427,-0.447021484375,-0.006591796875,-0.053955078125,3.0208999999999997
0.5038167938931297,-44.6412213740458,-2.0,-0.451416015625,-0.00830078125,-0.052734375,3.0225999999999997
0.5801526717557252,-45.11450381679389,-1.8015267175572518,-0.449462890625,-0.007568359375,-0.056396484375,3.0242999999999998
0.5954198473282443,-45.038167938931295,-1.6946564885496183,-0.45556640625,-0.00927734375,-0.05908203125,3.026
0.5343511450381679,-45.32824427480916,-1.6641221374045803,-0.453125,-0.007568359375,-0.058349609375,3.0277
0.4122137404580153,-45.80152671755725,-1.83206106870229,-0.4501953125,-0.007080078125,-0.051025390625,3.0294
0.5801526717557252,-46.06106870229008,-1.6488549618320612,-0.454345703125,-0.0048828125,-0.05859375,3.0311
0.4732824427480916,-46.274809160305345,-1.8473282442748091,-0.451171875,-0.009033203125,-0.06396484375,3.0328
0.6106870229007634,-46.534351145038165,-1.4961832061068703,-0.4462890625,-0.00927734375,-0.045654296875,3.0345
0.6564885496183206,-46.74809160305343,-1.6030534351145038,-0.4462890625,-0.00634765625,-0.05615234375,3.0362
0.7022900763358778,-47.038167938931295,-1.83206106870229,-0.44775390625,-0.006591796875,-0.0556640625,3.0379
0.7786259541984732,-47.404580152671755,-1.7557251908396947,-0.44970703125,-0.01123046875,-0.05615234375,3.0395999999999996
0.7175572519083969,-47.465648854961835,-1.7404580152671756,-0.450927734375,-0.012451171875,-0.05419921875,3.0412999999999997
0.5801526717557252,-47.81679389312977,-2.0,-0.449951171875,-0.0078125,-0.05419921875,3.0429999999999997
0.7480916030534351,-48.13740458015267,-1.984732824427481,-0.453125,-0.006103515625,-0.0537109375,3.0446999999999997
0.7175572519083969,-48.396946564885496,-2.1374045801526718,-0.450439453125,-0.011962890625,-0.050048828125,3.0463999999999998
0.4732824427480916,-48.56488549618321,-2.2748091603053435,-0.4462890625,-0.009521484375,-0.0478515625,3.0481
0.42748091603053434,-48.85496183206107,-2.4122137404580153,-0.4462890625,-0.0107421875,-0.042236328125,3.0498
0.6564885496183206,-49.25190839694657,-2.7480916030534353,-0.44189453125,-0.009765625,-0.04638671875,3.0515
0.6564885496183206,-49.48091603053435,-2.7480916030534353,-0.4443359375,-0.010498046875,-0.049072265625,3.0532
0.7938931297709924,-49.80152671755725,-3.0229007633587788,-0.44189453125,-0.002685546875,-0.048828125,3.0549
0.6564885496183206,-50.0763358778626,-3.236641221374046,-0.440673828125,-0.009521484375,-0.0458984375,3.0566
0.44274809160305345,-50.213740458015266,-3.236641221374046,-0.44091796875,-0.00830078125,-0.04931640625,3.0583
0.6412213740458015,-50.68702290076336,-3.4656488549618323,-0.438720703125,-0.00927734375,-0.045166015625,3.0599999999999996
0.6106870229007634,-51.12977099236641,-3.5877862595419847,-0.438232421875,-0.00537109375,-0.04443359375,3.0616999999999996
0.5343511450381679,-51.23664122137404,-3.5572519083969465,-0.439697265625,-0.011474609375,-0.03955078125,3.0633999999999997
0.33587786259541985,-51.465648854961835,-3.7404580152671754,-0.4345703125,-0.00439453125,-0.036376953125,3.0650999999999997
0.5954198473282443,-52.0763358778626,-4.061068702290076,-0.436279296875,-0.01220703125,-0.038330078125,3.0667999999999997
0.33587786259541985,-52.412213740458014,-3.8625954198473282,-0.43505859375,-0.0107421875,-0.043212890625,3.0685
0.42748091603053434,-52.732824427480914,-4.076335877862595,-0.43408203125,-0.01416015625,-0.041259765625,3.0702
0.48854961832061067,-52.99236641221374,-4.1679389312977095,-0.435791015625,-0.01025390625,-0.03759765625,3.0719
0.5038167938931297,-53.49618320610687,-4.320610687022901,-0.4375,-0.01025390625,-0.030029296875,3.0736
0.4580152671755725,-53.86259541984733,-4.412213740458015,-0.43994140625,-0.013671875,-0.036376953125,3.0753
0.2595419847328244,-54.48854961832061,-4.366412213740458,-0.435791015625,-0.011962890625,-0.033203125,3.077
0.030534351145038167,-55.02290076335878,-4.442748091603053,-0.4345703125,-0.014404296875,-0.02783203125,3.0787
-0.015267175572519083,-55.465648854961835,-4.8396946564885495,-0.436279296875,-0.015625,-0.02783203125,3.0804
-0.0916030534351145,-55.87786259541985,-4.473282442748092,-0.4326171875,-0.01904296875,-0.02880859375,3.0820999999999996
-0.13740458015267176,-56.47328244274809,-4.549618320610687,-0.437255859375,-0.0146484375,-0.0283203125,3.0837999999999997
-0.32061068702290074,-56.67175572519084,-4.564885496183206,-0.440185546875,-0.01611328125,-0.027587890625,3.0854999999999997
-0.32061068702290074,-57.221374045801525,-4.916030534351145,-0.43994140625,-0.020751953125,-0.025390625,3.0871999999999997
-0.22900763358778625,-57.80152671755725,-4.717557251908397,-0.440185546875,-0.016845703125,-0.030517578125,3.0888999999999998
-0.1984732824427481,-57.969465648854964,-4.702290076335878,-0.43505859375,-0.016357421875,-0.01708984375,3.0906
-0.15267175572519084,-57.80152671755725,-4.366412213740458,-0.43603515625,-0.01513671875,-0.021240234375,3.0923
-0.5190839694656488,-58.42748091603053,-4.473282442748092,-0.430908203125,-0.0205078125,-0.019775390625,3.094
-0.5343511450381679,-58.99236641221374,-4.152671755725191,-0.438232421875,-0.01806640625,-0.021240234375,3.0957
-0.732824427480916,-59.29770992366412,-4.183206106870229,-0.432373046875,-0.0224609375,-0.019775390625,3.0974
-0.7480916030534351,-59.541984732824424,-4.183206106870229,-0.4306640625,-0.01953125,-0.016357421875,3.0991
-0.8549618320610687,-59.81679389312977,-4.2748091603053435,-0.44140625,-0.017822265625,-0.016845703125,3.1008
-0.9923664122137404,-60.35114503816794,-4.1679389312977095,-0.4384765625,-0.02392578125,-0.009033203125,3.1025
-1.083969465648855,-61.038167938931295,-3.969465648854962,-0.4365234375,-0.0185546875,-0.015380859375,3.1041999999999996
-1.0229007633587786,-61.32824427480916,-4.198473282442748,-0.435791015625,-0.018798828125,-0.00244140625,3.1058999999999997
-1.3282442748091603,-61.63358778625954,-4.106870229007634,-0.44091796875,-0.02197265625,-0.01220703125,3.1075999999999997
-1.0229007633587786,-62.30534351145038,-3.6946564885496183,-0.444580078125,-0.023681640625,-0.01025390625,3.1092999999999997
-1.0687022900763359,-62.61068702290076,-4.061068702290076,-0.4453125,-0.017578125,-0.003662109375,3.1109999999999998
-1.1908396946564885,-63.083969465648856,-3.877862595419847,-0.450439453125,-0.01708984375,-0.004150390625,3.1127
-1.3129770992366412,-63.31297709923664,-3.8931297709923665,-0.457763671875,-0.01806640625,-0.003173828125,3.1144
-1.2061068702290076,-63.66412213740458,-3.7404580152671754,-0.45263671875,-0.014892578125,-0.00537109375,3.1161
-1.2671755725190839,-63.86259541984733,-3.7099236641221376,-0.45654296875,-0.01220703125,-0.00537109375,3.1178
-1.1297709923664123,-63.770992366412216,-3.7557251908396947,-0.462158203125,-0.01904296875,0.0029296875,3.1195
-1.1908396946564885,-63.93893129770992,-3.8625954198473282,-0.465087890625,-0.013671875,-0.000244140625,3.1212
-1.099236641221374,-63.87786259541985,-3.572519083969466,-0.468994140625,-0.01513671875,0.0009765625,3.1229
-1.1450381679389312,-63.587786259541986,-3.480916030534351,-0.46533203125,-0.015869140625,0.005859375,3.1246
-1.2671755725190839,-63.16030534351145,-3.49618320610687,-0.469482421875,-0.0166015625,0.010009765625,3.1262999999999996
-1.0534351145038168,-62.6412213740458,-3.450381679389313,-0.47607421875,-0.0166015625,0.00927734375,3.1279999999999997
-0.8702290076335878,-61.83206106870229,-3.236641221374046,-0.481201171875,-0.011962890625,0.015869140625,3.1296999999999997
-1.0229007633587786,-61.11450381679389,-3.5419847328244276,-0.4814453125,-0.0126953125,0.0068359375,3.1313999999999997
-0.8702290076335878,-60.2442748091603,-3.4198473282442747,-0.483154296875,-0.010498046875,0.016357421875,3.1330999999999998
-0.9007633587786259,-59.541984732824424,-3.66412213740458,-0.4892578125,-0.015380859375,0.013916015625,3.1348
-0.8549618320610687,-58.229007633587784,-3.3893129770992365,-0.48779296875,-0.017333984375,0.020751953125,3.1365
-0.7633587786259542,-57.083969465648856,-3.6793893129770994,-0.491455078125,-0.01416015625,0.020263671875,3.1382
-0.8854961832061069,-55.847328244274806,-3.5114503816793894,-0.48681640625,-0.015869140625,0.01953125,3.1399
-0.732824427480916,-54.732824427480914,-3.4656488549618323,-0.489990234375,-0.013671875,0.01953125,3.1416
-0.5801526717557252,-53.603053435114504,-3.3587786259541983,-0.492431640625,-0.010009765625,0.021728515625,3.1433
-0.6259541984732825,-52.48854961832061,-3.3587786259541983,-0.49560546875,-0.009033203125,0.01513671875,3.145
-0.5190839694656488,-51.25190839694657,-3.2977099236641223,-0.4853515625,-0.01171875,0.021240234375,3.1466999999999996
-0.32061068702290074,-50.16793893129771,-3.572519083969466,-0.49365234375,-0.012451171875,0.022216796875,3.1483999999999996
-0.42748091603053434,-49.20610687022901,-3.3893129770992365,-0.492431640625,-0.007080078125,0.03125,3.1500999999999997
-0.33587786259541985,-48.030534351145036,-3.1908396946564888,-0.486328125,-0.010986328125,0.02783203125,3.1517999999999997
-0.04580152671755725,-47.14503816793893,-3.5419847328244276,-0.485107421875,-0.0126953125,0.01513671875,3.1534999999999997
-0.4122137404580153,-46.091603053435115,-3.6030534351145036,-0.482177734375,-0.013916015625,0.016357421875,3.1552
-0.2900763358778626,-45.41984732824427,-3.5572519083969465,-0.478515625,-0.007568359375,0.022216796875,3.1569
-0.0916030534351145,-44.961832061068705,-3.4656488549618323,-0.477783203125,-0.008056640625,0.0263671875,3.1586
-0.030534351145038167,-44.213740458015266,-3.450381679389313,-0.480712890625,-0.013916015625,0.022705078125,3.1603
-0.12213740458015267,-43.38931297709924,-3.7099236641221376,-0.475830078125,-0.013916015625,0.027099609375,3.162
0.04580152671755725,-42.88549618320611,-3.7557251908396947,-0.474609375,-0.015380859375,0.02587890625,3.1637
0.16793893129770993,-42.16793893129771,-3.83206106870229,-0.473388671875,-0.007568359375,0.026123046875,3.1654
0.030534351145038167,-42.0,-3.7251908396946565,-0.4755859375,-0.009765625,0.0263671875,3.1671
-0.061068702290076333,-41.725190839694655,-3.618320610687023,-0.472900390625,-0.010986328125,0.027099609375,3.1687999999999996
0.15267175572519084,-41.29770992366412,-3.6793893129770994,-0.46923828125,-0.0107421875,0.031982421875,3.1704999999999997
0.183206106870229,-40.94656488549618,-3.5572519083969465,-0.466064453125,-0.0126953125,0.025146484375,3.1721999999999997
0.3511450381679389,-40.87022900763359,-3.83206106870229,-0.46630859375,-0.00830078125,0.02294921875,3.1738999999999997
0.4580152671755725,-40.79389312977099,-3.954198473282443,-0.457275390625,-0.013916015625,0.03173828125,3.1755999999999998
0.549618320610687,-40.76335877862596,-3.618320610687023,-0.4580078125,-0.014404296875,0.023193359375,3.1773
0.4580152671755725,-40.916030534351144,-3.801526717557252,-0.45458984375,-0.011474609375,0.039306640625,3.179
0.5954198473282443,-40.961832061068705,-3.8473282442748094,-0.454345703125,-0.011474609375,0.03271484375,3.1807
0.6870229007633588,-40.778625954198475,-4.213740458015267,-0.448486328125,-0.0146484375,0.029052734375,3.1824
0.7175572519083969,-40.97709923664122,-4.152671755725191,-0.44580078125,-0.017578125,0.029296875,3.1841
0.5648854961832062,-41.06870229007634,-4.33587786259542,-0.44384765625,-0.014404296875,0.027587890625,3.1858
0.6717557251908397,-41.14503816793893,-4.580152671755725,-0.444091796875,-0.015380859375,0.0244140625,3.1875
0.8702290076335878,-41.43511450381679,-4.763358778625954,-0.438232421875,-0.021240234375,0.023681640625,3.1892
0.6870229007633588,-41.80152671755725,-4.687022900763359,-0.4375,-0.01953125,0.034912109375,3.1908999999999996
0.7022900763358778,-41.70992366412214,-4.778625954198473,-0.435302734375,-0.01513671875,0.0322265625,3.1925999999999997
0.732824427480916,-42.01526717557252,-4.824427480916031,-0.43359375,-0.015625,0.032470703125,3.1942999999999997
0.6106870229007634,-42.35114503816794,-4.854961832061068,-0.426513671875,-0.015869140625,0.029541015625,3.1959999999999997
0.5648854961832062,-42.56488549618321,-4.99236641221374,-0.428466796875,-0.019775390625,0.031494140625,3.1976999999999998
0.8244274809160306,-43.02290076335878,-4.961832061068702,-0.427001953125,-0.020263671875,0.04248046875,3.1994
0.6259541984732825,-43.80152671755725,-4.809160305343512,-0.43115234375,-0.015869140625,0.040771484375,3.2011
0.3969465648854962,-44.13740458015267,-4.854961832061068,-0.432861328125,-0.0205078125,0.04296875,3.2028
0.6412213740458015,-44.595419847328245,-4.641221374045801,-0.4287109375,-0.020751953125,0.04931640625,3.2045
0.8244274809160306,-45.221374045801525,-4.656488549618321,-0.43310546875,-0.01708984375,0.047119140625,3.2062
0.5954198473282443,-45.969465648854964,-4.656488549618321,-0.437255859375,-0.021240234375,0.048828125,3.2079
0.3816793893129771,-46.412213740458014,-4.33587786259542,-0.44384765625,-0.019775390625,0.05029296875,3.2096
0.48854961832061067,-46.99236641221374,-4.061068702290076,-0.443359375,-0.018310546875,0.039306640625,3.2112999999999996
0.3969465648854962,-47.57251908396947,-3.877862595419847,-0.44580078125,-0.0224609375,0.0439453125,3.2129999999999996
0.3053435114503817,-47.98473282442748,-3.7404580152671754,-0.45263671875,-0.026123046875,0.046630859375,3.2146999999999997
0.4732824427480916,-48.396946564885496,-3.7251908396946565,-0.46142578125,-0.0263671875,0.04296875,3.2163999999999997
0.183206106870229,-48.595419847328245,-3.114503816793893,-0.457763671875,-0.01904296875,0.057373046875,3.2180999999999997
0.24427480916030533,-48.61068702290076,-3.2519083969465647,-0.4638671875,-0.021728515625,0.057861328125,3.2197999999999998
-0.15267175572519084,-48.732824427480914,-3.2061068702290076,-0.466064453125,-0.02392578125,0.0546875,3.2215
-0.015267175572519083,-48.458015267175576,-2.9923664122137406,-0.47021484375,-0.025146484375,0.06298828125,3.2232
0.2595419847328244,-47.954198473282446,-2.6564885496183206,-0.470703125,-0.02490234375,0.053466796875,3.2249
0.15267175572519084,-47.48091603053435,-2.7022900763358777,-0.468994140625,-0.027099609375,0.052978515625,3.2266
0.0916030534351145,-46.61068702290076,-2.687022900763359,-0.473876953125,-0.02490234375,0.057373046875,3.2283
0.07633587786259542,-45.70992366412214,-2.564885496183206,-0.47021484375,-0.023193359375,0.0576171875,3.23
-0.16793893129770993,-44.74809160305343,-2.50381679389313,-0.47412109375,-0.025390625,0.05712890625,3.2317
0.030534351145038167,-43.74045801526717,-2.351145038167939,-0.471435546875,-0.02685546875,0.060546875,3.2333999999999996
-0.2595419847328244,-42.85496183206107,-2.4732824427480917,-0.469970703125,-0.0263671875,0.06640625,3.2350999999999996
-0.12213740458015267,-41.770992366412216,-2.4732824427480917,-0.474853515625,-0.020263671875,0.058837890625,3.2367999999999997
-0.2595419847328244,-40.900763358778626,-2.427480916030534,-0.47900390625,-0.0185546875,0.065185546875,3.2384999999999997
-0.6717557251908397,-39.74045801526717,-2.2900763358778624,-0.473388671875,-0.020751953125,0.0625,3.2401999999999997
-0.549618320610687,-38.70229007633588,-2.183206106870229,-0.475830078125,-0.022216796875,0.067138671875,3.2419
-0.5190839694656488,-38.091603053435115,-2.381679389312977,-0.465087890625,-0.020751953125,0.06396484375,3.2436
-0.48854961832061067,-37.404580152671755,-2.3206106870229006,-0.466552734375,-0.02392578125,0.0693359375,3.2453
-0.32061068702290074,-36.732824427480914,-2.4580152671755724,-0.472900390625,-0.02392578125,0.061767578125,3.247
-0.6870229007633588,-36.396946564885496,-2.50381679389313,-0.47021484375,-0.017822265625,0.059814453125,3.2487
-0.6870229007633588,-36.06106870229008,-2.6564885496183206,-0.46875,-0.02197265625,0.060791015625,3.2504
-0.4580152671755725,-35.80152671755725,-2.8396946564885495,-0.465087890625,-0.021240234375,0.0732421875,3.2521
-0.4122137404580153,-35.3587786259542,-2.6564885496183206,-0.459716796875,-0.020263671875,0.065673828125,3.2538
-0.7022900763358778,-35.083969465648856,-2.7480916030534353,-0.462158203125,-0.0234375,0.06396484375,3.2554999999999996
-0.6717557251908397,-34.76335877862596,-2.732824427480916,-0.455810546875,-0.019775390625,0.0673828125,3.2571999999999997
-0.6717557251908397,-34.61068702290076,-2.946564885496183,-0.457275390625,-0.0234375,0.0673828125,3.2588999999999997
-0.8091603053435115,-34.38167938931298,-2.8244274809160306,-0.454345703125,-0.020263671875,0.0654296875,3.2605999999999997
-0.8854961832061069,-34.18320610687023,-2.687022900763359,-0.45166015625,-0.02783203125,0.057373046875,3.2622999999999998
-0.8244274809160306,-34.213740458015266,-2.50381679389313,-0.451171875,-0.021484375,0.066162109375,3.264
-0.7022900763358778,-33.93893129770992,-2.3053435114503817,-0.450439453125,-0.022216796875,0.06103515625,3.2657
-1.2671755725190839,-33.969465648854964,-2.2290076335877864,-0.44873046875,-0.0205078125,0.05908203125,3.2674
-1.2213740458015268,-33.86259541984733,-2.381679389312977,-0.44580078125,-0.019775390625,0.06103515625,3.2691
-1.0534351145038168,-33.83206106870229,-2.33587786259542,-0.447509765625,-0.02490234375,0.065185546875,3.2708
-1.1297709923664123,-33.908396946564885,-2.183206106870229,-0.44873046875,-0.023193359375,0.05126953125,3.2725
-1.1450381679389312,-33.86259541984733,-1.816793893129771,-0.443603515625,-0.021240234375,0.06201171875,3.2742
-1.465648854961832,-33.969465648854964,-2.0916030534351147,-0.437255859375,-0.0263671875,0.056396484375,3.2759
-1.4045801526717556,-33.969465648854964,-1.8931297709923665,-0.436767578125,-0.02587890625,0.053955078125,3.2775999999999996
-1.5419847328244274,-33.954198473282446,-1.8778625954198473,-0.443115234375,-0.023681640625,0.06494140625,3.2792999999999997
-1.1145038167938932,-34.412213740458014,-1.7404580152671756,-0.439208984375,-0.02001953125,0.05712890625,3.2809999999999997
-1.297709923664122,-34.29007633587786,-1.7557251908396947,-0.442626953125,-0.0244140625,0.057861328125,3.2826999999999997
-1.4351145038167938,-34.30534351145038,-1.5877862595419847,-0.4375,-0.023193359375,0.055419921875,3.2843999999999998
-1.5877862595419847,-34.229007633587784,-1.7099236641221374,-0.44287109375,-0.025146484375,0.061279296875,3.2861
-1.618320610687023,-34.35114503816794,-1.7709923664122138,-0.44189453125,-0.01904296875,0.05859375,3.2878
-1.7251908396946565,-34.36641221374046,-1.7709923664122138,-0.435302734375,-0.0234375,0.052490234375,3.2895
-1.4809160305343512,-34.412213740458014,-1.5114503816793894,-0.439697265625,-0.0146484375,0.06640625,3.2912
-1.7251908396946565,-34.67175572519084,-1.7557251908396947,-0.436767578125,-0.02490234375,0.05810546875,3.2929
-1.6641221374045803,-34.717557251908396,-1.7557251908396947,-0.431396484375,-0.026123046875,0.061279296875,3.2946
-1.816793893129771,-34.56488549618321,-1.83206106870229,-0.433837890625,-0.02099609375,0.0517578125,3.2963
-1.8931297709923665,-34.732824427480914,-1.6488549618320612,-0.431640625,-0.021240234375,0.05078125,3.2979999999999996
-1.8778625954198473,-35.083969465648856,-1.6946564885496183,-0.433349609375,-0.022216796875,0.056884765625,3.2996999999999996
-1.6946564885496183,-35.267175572519086,-1.633587786259542,-0.429931640625,-0.02294921875,0.067138671875,3.3013999999999997
-1.83206106870229,-35.404580152671755,-1.7557251908396947,-0.432373046875,-0.01904296875,0.0576171875,3.3030999999999997
-1.9694656488549618,-35.52671755725191,-1.7709923664122138,-0.428466796875,-0.026123046875,0.067626953125,3.3047999999999997
-1.8931297709923665,-35.69465648854962,-1.7709923664122138,-0.43115234375,-0.0224609375,0.059326171875,3.3064999999999998
-1.8931297709923665,-35.725190839694655,-1.8473282442748091,-0.431884765625,-0.02001953125,0.064208984375,3.3082
-1.786259541984733,-36.13740458015267,-1.9236641221374047,-0.426025390625,-0.02294921875,0.062255859375,3.3099
-1.8625954198473282,-36.396946564885496,-1.9541984732824427,-0.422607421875,-0.018798828125,0.065185546875,3.3116
-2.0,-36.67175572519084,-2.1526717557251906,-0.431884765625,-0.021728515625,0.065673828125,3.3133
-1.9083969465648856,-37.038167938931295,-1.9389312977099236,-0.43017578125,-0.021484375,0.05908203125,3.315
-1.9389312977099236,-37.16030534351145,-2.2442748091603053,-0.4267578125,-0.017333984375,0.062744140625,3.3167
-1.8778625954198473,-37.02290076335878,-2.213740458015267,-0.426025390625,-0.022216796875,0.06689453125,3.3184
-1.8473282442748091,-37.587786259541986,-2.351145038167939,-0.42626953125,-0.01806640625,0.068359375,3.3200999999999996
-2.0,-37.969465648854964,-2.50381679389313,-0.427978515625,-0.014404296875,0.066650390625,3.3217999999999996
-1.9541984732824427,-38.12213740458015,-2.6412213740458017,-0.425537109375,-0.0166015625,0.071044921875,3.3234999999999997
-1.8625954198473282,-38.3206106870229,-2.2900763358778624,-0.4306640625,-0.0146484375,0.066162109375,3.3251999999999997
-2.0763358778625953,-38.61068702290076,-2.4732824427480917,-0.433349609375,-0.021728515625,0.060791015625,3.3268999999999997
-1.8015267175572518,-38.67175572519084,-2.5343511450381677,-0.429443359375,-0.0234375,0.0634765625,3.3286
-2.0,-38.80916030534351,-2.549618320610687,-0.424072265625,-0.019775390625,0.07421875,3.3303
-2.2748091603053435,-39.083969465648856,-2.6564885496183206,-0.42822265625,-0.015625,0.066162109375,3.332
-2.0610687022900764,-38.99236641221374,-2.8244274809160306,-0.427001953125,-0.0185546875,0.0703125,3.3337
-2.015267175572519,-39.14503816793893,-2.50381679389313,-0.427978515625,-0.015380859375,0.074462890625,3.3354
-2.3053435114503817,-39.32824427480916,-2.763358778625954,-0.429931640625,-0.019287109375,0.06640625,3.3371
-1.9389312977099236,-39.41984732824427,-2.8396946564885495,-0.429931640625,-0.016357421875,0.06396484375,3.3388
-1.9541984732824427,-39.57251908396947,-2.885496183206107,-0.429931640625,-0.019775390625,0.069580078125,3.3405
-2.2290076335877864,-39.541984732824424,-2.9770992366412212,-0.426513671875,-0.01953125,0.064208984375,3.3421999999999996
-2.351145038167939,-39.49618320610687,-2.931297709923664,-0.42236328125,-0.019775390625,0.077392578125,3.3438999999999997
-2.4122137404580153,-39.404580152671755,-2.6717557251908395,-0.426025390625,-0.019775390625,0.07275390625,3.3455999999999997
-2.50381679389313,-39.48091603053435,-2.7786259541984735,-0.4228515625,-0.018798828125,0.07080078125,3.3472999999999997
-2.5343511450381677,-39.55725190839695,-3.0381679389312977,-0.426025390625,-0.021484375,0.0615234375,3.3489999999999998
-2.6412213740458017,-39.61832061068702,-2.946564885496183,-0.42822265625,-0.0263671875,0.072509765625,3.3507
-2.6564885496183206,-39.603053435114504,-2.763358778625954,-0.424560546875,-0.01806640625,0.071044921875,3.3524
-2.564885496183206,-39.725190839694655,-3.0076335877862594,-0.42431640625,-0.019287109375,0.0703125,3.3541
-2.6717557251908395,-39.81679389312977,-2.7480916030534353,-0.427978515625,-0.02197265625,0.059326171875,3.3558
-2.6717557251908395,-39.83206106870229,-2.854961832061069,-0.4208984375,-0.017333984375,0.064697265625,3.3575
-2.900763358778626,-40.12213740458015,-2.854961832061069,-0.42578125,-0.0224609375,0.072265625,3.3592
-2.8091603053435112,-40.3206106870229,-2.732824427480916,-0.42431640625,-0.02001953125,0.074462890625,3.3609
-2.6564885496183206,-40.274809160305345,-2.4885496183206106,-0.42529296875,-0.018310546875,0.072021484375,3.3626
-2.687022900763359,-40.61068702290076,-2.595419847328244,-0.415771484375,-0.022216796875,0.078369140625,3.3642999999999996
-3.0381679389312977,-40.961832061068705,-2.717557251908397,-0.422607421875,-0.0185546875,0.068603515625,3.3659999999999997
-2.7480916030534353,-41.17557251908397,-2.7938931297709924,-0.423095703125,-0.015869140625,0.0751953125,3.3676999999999997
-2.931297709923664,-41.282442748091604,-2.6564885496183206,-0.41259765625,-0.01806640625,0.072509765625,3.3693999999999997
-2.946564885496183,-41.786259541984734,-2.6717557251908395,-0.408447265625,-0.01416015625,0.062744140625,3.3710999999999998
-2.9160305343511452,-42.06106870229008,-2.9160305343511452,-0.412841796875,-0.02001953125,0.072509765625,3.3728
-3.2519083969465647,-42.412213740458014,-3.0381679389312977,-0.41064453125,-0.01708984375,0.072509765625,3.3745
-3.2061068702290076,-42.70229007633588,-3.0839694656488548,-0.411865234375,-0.013916015625,0.071044921875,3.3762
-3.099236641221374,-43.11450381679389,-3.3587786259541983,-0.405029296875,-0.021728515625,0.072265625,3.3779
-3.3435114503816794,-43.31297709923664,-3.450381679389313,-0.409912109375,-0.018798828125,0.083740234375,3.3796
-3.3435114503816794,-43.83206106870229,-3.5572519083969465,-0.40869140625,-0.01611328125,0.077880859375,3.3813
-3.450381679389313,-44.38167938931298,-3.5572519083969465,-0.40283203125,-0.02099609375,0.075927734375,3.383
-3.2213740458015265,-44.717557251908396,-3.7251908396946565,-0.404052734375,-0.021484375,0.079833984375,3.3846999999999996
-3.0839694656488548,-45.17557251908397,-3.7251908396946565,-0.406494140625,-0.02001953125,0.078369140625,3.3863999999999996
-3.1297709923664123,-45.66412213740458,-3.816793893129771,-0.40087890625,-0.014404296875,0.08251953125,3.3880999999999997
-3.053435114503817,-46.3206106870229,-3.7557251908396947,-0.40673828125,-0.014892578125,0.0859375,3.3897999999999997
-2.7480916030534353,-46.732824427480914,-3.9083969465648853,-0.406494140625,-0.016845703125,0.073974609375,3.3914999999999997
-2.763358778625954,-47.282442748091604,-3.7557251908396947,-0.405517578125,-0.01611328125,0.088134765625,3.3931999999999998
-2.9618320610687023,-47.86259541984733,-3.5419847328244276,-0.406494140625,-0.020263671875,0.0927734375,3.3949
-3.0229007633587788,-47.9236641221374,-3.5877862595419847,-0.41748046875,-0.01611328125,0.09423828125,3.3966
-2.6106870229007635,-48.30534351145038,-3.6793893129770994,-0.420166015625,-0.0185546875,0.087646484375,3.3983
-2.4580152671755724,-48.54961832061068,-3.5877862595419847,-0.4248046875,-0.018798828125,0.09716796875,3.4
-2.519083969465649,-48.47328244274809,-3.3587786259541983,-0.43212890625,-0.01416015625,0.10888671875,3.4017
-2.50381679389313,-48.732824427480914,-3.312977099236641,-0.431640625,-0.013671875,0.09765625,3.4034
-2.427480916030534,-48.38167938931298,-3.2519083969465647,-0.4326171875,-0.020263671875,0.099609375,3.4051
-2.366412213740458,-48.25954198473283,-3.2977099236641223,-0.438720703125,-0.021240234375,0.1025390625,3.4067999999999996
-2.3053435114503817,-48.12213740458015,-3.3435114503816794,-0.441650390625,-0.0126953125,0.108154296875,3.4084999999999996
-2.2748091603053435,-47.7557251908397,-3.0229007633587788,-0.450439453125,-0.022216796875,0.10302734375,3.4101999999999997
-1.9541984732824427,-47.32824427480916,-2.9770992366412212,-0.4443359375,-0.01904296875,0.1044921875,3.4118999999999997
-1.8931297709923665,-46.83969465648855,-3.145038167938931,-0.450439453125,-0.023193359375,0.10888671875,3.4135999999999997
-1.8473282442748091,-46.0763358778626,-3.0076335877862594,-0.453369140625,-0.02294921875,0.11669921875,3.4153
-1.8931297709923665,-45.221374045801525,-2.6259541984732824,-0.45751953125,-0.01953125,0.117431640625,3.417
-1.7709923664122138,-44.030534351145036,-2.549618320610687,-0.458984375,-0.01806640625,0.1083984375,3.4187
-1.633587786259542,-43.083969465648856,-2.549618320610687,-0.460693359375,-0.021728515625,0.11181640625,3.4204
-2.045801526717557,-41.7557251908397,-2.213740458015267,-0.45556640625,-0.018798828125,0.115478515625,3.4221
-1.8473282442748091,-40.717557251908396,-2.3206106870229006,-0.463134765625,-0.020751953125,0.122314453125,3.4238
-1.5114503816793894,-39.19083969465649,-2.2290076335877864,-0.453857421875,-0.019775390625,0.12109375,3.4255
-1.7099236641221374,-38.0,-2.2442748091603053,-0.46142578125,-0.0234375,0.112060546875,3.4272
-1.633587786259542,-37.17557251908397,-1.9541984732824427,-0.454345703125,-0.021240234375,0.11865234375,3.4288999999999996
-1.5267175572519085,-35.9236641221374,-1.984732824427481,-0.457763671875,-0.021240234375,0.116455078125,3.4305999999999996
-1.1755725190839694,-34.94656488549618,-2.015267175572519,-0.457763671875,-0.020263671875,0.125,3.4322999999999997
-1.5572519083969465,-34.33587786259542,-1.7709923664122138,-0.45654296875,-0.02197265625,0.130615234375,3.4339999999999997
-1.3282442748091603,-33.64885496183206,-1.618320610687023,-0.448486328125,-0.020751953125,0.10986328125,3.4356999999999998
-0.9618320610687023,-33.038167938931295,-1.5877862595419847,-0.448974609375,-0.0185546875,0.1162109375,3.4374
-0.9465648854961832,-32.70229007633588,-1.5877862595419847,-0.4453125,-0.018310546875,0.115478515625,3.4391
-0.8244274809160306,-32.42748091603053,-1.5877862595419847,-0.442626953125,-0.020751953125,0.1220703125,3.4408
-0.7633587786259542,-32.12213740458015,-1.465648854961832,-0.43896484375,-0.020263671875,0.130126953125,3.4425
-0.9465648854961832,-31.83206106870229,-1.3587786259541985,-0.435302734375,-0.02099609375,0.1220703125,3.4442
-0.5648854961832062,-31.358778625954198,-1.3282442748091603,-0.431396484375,-0.020751953125,0.1220703125,3.4459
-0.42748091603053434,-30.85496183206107,-1.1450381679389312,-0.4326171875,-0.02294921875,0.122802734375,3.4476
-0.5190839694656488,-30.48854961832061,-1.1755725190839694,-0.4326171875,-0.02490234375,0.12060546875,3.4492999999999996
-0.366412213740458,-30.18320610687023,-0.9618320610687023,-0.4326171875,-0.020751953125,0.122802734375,3.4509999999999996
-0.4580152671755725,-29.603053435114504,-0.8854961832061069,-0.42822265625,-0.018310546875,0.115966796875,3.4526999999999997
-0.3816793893129771,-29.099236641221374,-0.7633587786259542,-0.429931640625,-0.02099609375,0.123779296875,3.4543999999999997
-0.15267175572519084,-28.870229007633586,-0.916030534351145,-0.42236328125,-0.019775390625,0.12646484375,3.4560999999999997
-0.0916030534351145,-28.931297709923665,-0.9770992366412213,-0.42529296875,-0.01611328125,0.119873046875,3.4577999999999998
0.030534351145038167,-28.763358778625953,-0.7633587786259542,-0.423095703125,-0.01611328125,0.123779296875,3.4595
-0.16793893129770993,-28.946564885496183,-0.8396946564885496,-0.42431640625,-0.017578125,0.1162109375,3.4612
0.24427480916030533,-29.389312977099237,-0.916030534351145,-0.422607421875,-0.018798828125,0.134033203125,3.4629
0.3053435114503817,-30.198473282442748,-0.8549618320610687,-0.41943359375,-0.02001953125,0.113037109375,3.4646
0.3969465648854962,-30.717557251908396,-0.8396946564885496,-0.416259765625,-0.019287109375,0.118408203125,3.4663
0.44274809160305345,-31.328244274809162,-0.8396946564885496,-0.4189453125,-0.021728515625,0.119384765625,3.468
0.5801526717557252,-32.06106870229008,-0.8244274809160306,-0.413818359375,-0.018798828125,0.114013671875,3.4697
0.7022900763358778,-32.595419847328245,-1.0381679389312977,-0.41552734375,-0.013671875,0.117431640625,3.4713999999999996
1.0381679389312977,-33.404580152671755,-0.7175572519083969,-0.412109375,-0.018798828125,0.1201171875,3.4730999999999996
1.3282442748091603,-33.847328244274806,-0.5343511450381679,-0.40869140625,-0.017578125,0.11572265625,3.4747999999999997
1.2213740458015268,-34.47328244274809,-0.6412213740458015,-0.407958984375,-0.011474609375,0.110595703125,3.4764999999999997
1.251908396946565,-35.221374045801525,-0.5954198473282443,-0.4033203125,-0.016845703125,0.116455078125,3.4781999999999997
1.4351145038167938,-35.770992366412216,-0.4580152671755725,-0.402099609375,-0.0126953125,0.119873046875,3.4798999999999998
1.8931297709923665,-36.396946564885496,-0.48854961832061067,-0.40185546875,-0.01171875,0.11962890625,3.4816
2.0763358778625953,-36.916030534351144,-0.6259541984732825,-0.395751953125,-0.01708984375,0.10693359375,3.4833
2.122137404580153,-37.725190839694655,-0.5801526717557252,-0.39453125,-0.013671875,0.106201171875,3.485
2.3206106870229006,-38.16793893129771,-0.7786259541984732,-0.3896484375,-0.01025390625,0.101806640625,3.4867
2.4122137404580153,-38.62595419847328,-0.8549618320610687,-0.3955078125,-0.0087890625,0.116943359375,3.4884
2.198473282442748,-38.67175572519084,-0.9465648854961832,-0.39013671875,-0.0107421875,0.1162109375,3.4901
2.045801526717557,-38.656488549618324,-1.2213740458015268,-0.386474609375,-0.010009765625,0.109130859375,3.4918
1.633587786259542,-38.76335877862596,-1.5877862595419847,-0.39208984375,-0.015625,0.115966796875,3.4934999999999996
1.5725190839694656,-38.74809160305343,-1.9083969465648856,-0.39697265625,-0.019287109375,0.10302734375,3.4951999999999996
1.5267175572519085,-38.47328244274809,-1.8931297709923665,-0.39599609375,-0.019775390625,0.107666015625,3.4968999999999997
1.6793893129770991,-38.396946564885496,-2.2748091603053435,-0.39794921875,-0.017333984375,0.117431640625,3.4985999999999997
1.816793893129771,-38.045801526717554,-1.9389312977099236,-0.399658203125,-0.01806640625,0.108154296875,3.5002999999999997
2.1068702290076335,-38.06106870229008,-1.8473282442748091,-0.403564453125,-0.0185546875,0.109619140625,3.502
2.3053435114503817,-38.06106870229008,-1.6946564885496183,-0.40380859375,-0.014404296875,0.1103515625,3.5037
2.5801526717557253,-38.12213740458015,-1.2671755725190839,-0.4072265625,-0.021240234375,0.10546875,3.5054
2.9618320610687023,-38.2442748091603,-0.9007633587786259,-0.4052734375,-0.01318359375,0.113525390625,3.5071
2.9160305343511452,-38.50381679389313,-0.6564885496183206,-0.39990234375,-0.014892578125,0.106689453125,3.5088
2.6259541984732824,-39.00763358778626,-0.5038167938931297,-0.398681640625,-0.010986328125,0.119384765625,3.5105
3.053435114503817,-39.31297709923664,-0.1984732824427481,-0.4033203125,-0.011474609375,0.1142578125,3.5122
3.0839694656488548,-39.52671755725191,-0.21374045801526717,-0.3974609375,-0.0146484375,0.115234375,3.5139
2.931297709923664,-39.93893129770992,-0.3969465648854962,-0.392578125,-0.01953125,0.1142578125,3.5155999999999996
2.564885496183206,-40.595419847328245,-0.5343511450381679,-0.3896484375,-0.01220703125,0.115478515625,3.5172999999999996
2.687022900763359,-41.099236641221374,-0.7480916030534351,-0.391357421875,-0.013671875,0.11572265625,3.5189999999999997
2.717557251908397,-41.404580152671755,-0.8244274809160306,-0.388916015625,-0.01611328125,0.117919921875,3.5206999999999997
2.6564885496183206,-42.0763358778626,-1.297709923664122,-0.383056640625,-0.01708984375,0.124755859375,3.5223999999999998
2.7022900763358777,-42.732824427480914,-1.633587786259542,-0.378173828125,-0.014892578125,0.121826171875,3.5241
2.7480916030534353,-43.083969465648856,-2.2595419847328246,-0.373779296875,-0.0166015625,0.119384765625,3.5258
2.3053435114503817,-43.66412213740458,-2.427480916030534,-0.373779296875,-0.013427734375,0.123046875,3.5275
2.3206106870229006,-43.98473282442748,-2.7022900763358777,-0.371337890625,-0.017333984375,0.125732421875,3.5292
2.2748091603053435,-44.58015267175573,-2.7022900763358777,-0.368408203125,-0.022705078125,0.120849609375,3.5309
2.16793893129771,-45.51145038167939,-3.1297709923664123,-0.36376953125,-0.0244140625,0.1240234375,3.5326
2.2595419847328246,-46.19847328244275,-3.0839694656488548,-0.364990234375,-0.023193359375,0.126708984375,3.5343
2.4580152671755724,-46.80916030534351,-3.1755725190839694,-0.36572265625,-0.02294921875,0.125,3.5359999999999996
2.2900763358778624,-47.69465648854962,-3.1297709923664123,-0.36669921875,-0.02099609375,0.112548828125,3.5376999999999996
2.564885496183206,-48.94656488549618,-3.1297709923664123,-0.36865234375,-0.017578125,0.127685546875,3.5393999999999997
2.8396946564885495,-49.725190839694655,-2.931297709923664,-0.368408203125,-0.015380859375,0.13037109375,3.5410999999999997
2.7786259541984735,-50.42748091603053,-2.946564885496183,-0.37158203125,-0.021728515625,0.1259765625,3.5427999999999997
2.8091603053435112,-51.57251908396947,-2.732824427480916,-0.374755859375,-0.02197265625,0.137451171875,3.5444999999999998
2.931297709923664,-52.51908396946565,-2.6717557251908395,-0.3759765625,-0.0244140625,0.13623046875,3.5462
2.7786259541984735,-53.38931297709924,-2.4122137404580153,-0.376220703125,-0.016845703125,0.1337890625,3.5479
2.4580152671755724,-54.152671755725194,-2.6564885496183206,-0.380859375,-0.016845703125,0.131591796875,3.5496
2.564885496183206,-54.534351145038165,-2.5801526717557253,-0.3779296875,-0.017333984375,0.136962890625,3.5513
2.6717557251908395,-54.87022900763359,-2.50381679389313,-0.38232421875,-0.019775390625,0.132080078125,3.553
2.50381679389313,-55.32824427480916,-2.366412213740458,-0.3876953125,-0.028076171875,0.1435546875,3.5547
2.564885496183206,-55.57251908396947,-2.50381679389313,-0.3837890625,-0.02001953125,0.133056640625,3.5564
2.2442748091603053,-55.52671755725191,-2.6412213740458017,-0.3857421875,-0.013916015625,0.139892578125,3.5580999999999996
2.1374045801526718,-55.48091603053435,-2.854961832061069,-0.39208984375,-0.0185546875,0.13525390625,3.5597999999999996
2.1374045801526718,-55.23664122137404,-2.8396946564885495,-0.385986328125,-0.024658203125,0.14208984375,3.5614999999999997
1.9083969465648856,-55.14503816793893,-3.099236641221374,-0.383544921875,-0.0234375,0.145263671875,3.5631999999999997
1.9389312977099236,-55.12977099236641,-3.3282442748091605,-0.39501953125,-0.02734375,0.13916015625,3.5648999999999997
1.9541984732824427,-54.83969465648855,-3.2519083969465647,-0.391845703125,-0.022705078125,0.1376953125,3.5665999999999998
2.015267175572519,-54.54961832061068,-3.1297709923664123,-0.39599609375,-0.020751953125,0.137451171875,3.5683
1.7557251908396947,-54.62595419847328,-3.3740458015267176,-0.394287109375,-0.022705078125,0.14892578125,3.57
1.5572519083969465,-54.56488549618321,-3.1908396946564888,-0.387451171875,-0.020751953125,0.1474609375,3.5717
1.6946564885496183,-54.778625954198475,-3.1755725190839694,-0.39111328125,-0.023193359375,0.14697265625,3.5734
1.9389312977099236,-55.12977099236641,-3.114503816793893,-0.388427734375,-0.022705078125,0.140625,3.5751
1.9083969465648856,-55.38931297709924,-3.2977099236641223,-0.39453125,-0.02294921875,0.145751953125,3.5768
1.9694656488549618,-55.6793893129771,-3.1603053435114505,-0.391357421875,-0.019775390625,0.148681640625,3.5785
1.9389312977099236,-56.0763358778626,-3.1603053435114505,-0.3896484375,-0.01806640625,0.154052734375,3.5801999999999996
1.9389312977099236,-56.2442748091603,-3.2213740458015265,-0.390380859375,-0.020263671875,0.158935546875,3.5818999999999996
2.0,-56.458015267175576,-3.5419847328244276,-0.406494140625,-0.0205078125,0.157470703125,3.5835999999999997
1.8473282442748091,-56.99236641221374,-3.7709923664122136,-0.404296875,-0.021728515625,0.155517578125,3.5852999999999997
1.9083969465648856,-57.02290076335878,-3.7557251908396947,-0.406982421875,-0.020751953125,0.152587890625,3.5869999999999997
1.9694656488549618,-57.17557251908397,-3.9083969465648853,-0.413330078125,-0.012451171875,0.159912109375,3.5887
1.984732824427481,-57.32824427480916,-4.106870229007634,-0.413818359375,-0.01513671875,0.156005859375,3.5904
1.6793893129770991,-57.38931297709924,-4.198473282442748,-0.41162109375,-0.017333984375,0.1591796875,3.5921
2.0763358778625953,-56.93129770992366,-4.595419847328245,-0.416015625,-0.01806640625,0.159912109375,3.5938
1.7557251908396947,-56.25954198473283,-4.5038167938931295,-0.42431640625,-0.017578125,0.169189453125,3.5955
1.6488549618320612,-55.725190839694655,-4.641221374045801,-0.432373046875,-0.01953125,0.16943359375,3.5972
2.122137404580153,-54.80916030534351,-4.748091603053435,-0.4306640625,-0.01611328125,0.178955078125,3.5989
1.8778625954198473,-54.0,-5.00763358778626,-0.43505859375,-0.013916015625,0.171875,3.6005999999999996
1.8473282442748091,-52.80916030534351,-4.885496183206107,-0.436767578125,-0.016357421875,0.174072265625,3.6022999999999996
1.8931297709923665,-51.725190839694655,-4.99236641221374,-0.43994140625,-0.020263671875,0.1748046875,3.6039999999999996
1.8473282442748091,-50.36641221374046,-5.312977099236641,-0.44189453125,-0.01953125,0.18017578125,3.6056999999999997
1.7557251908396947,-48.79389312977099,-5.572519083969466,-0.44287109375,-0.018798828125,0.1787109375,3.6073999999999997
1.8625954198473282,-47.221374045801525,-5.480916030534351,-0.441650390625,-0.021484375,0.1826171875,3.6090999999999998
1.5419847328244274,-45.74045801526717,-5.465648854961832,-0.443603515625,-0.021484375,0.183837890625,3.6108
1.1755725190839694,-44.25954198473283,-5.587786259541985,-0.441650390625,-0.018798828125,0.1796875,3.6125
1.3893129770992367,-42.85496183206107,-5.755725190839694,-0.440185546875,-0.017578125,0.179443359375,3.6142
1.2061068702290076,-41.45038167938932,-5.7251908396946565,-0.435791015625,-0.0224609375,0.1884765625,3.6159
0.8854961832061069,-40.13740458015267,-5.786259541984733,-0.4345703125,-0.02099609375,0.19384765625,3.6176
0.9923664122137404,-39.11450381679389,-5.816793893129771,-0.43408203125,-0.02099609375,0.18994140625,3.6193
0.8091603053435115,-37.87786259541985,-6.091603053435114,-0.431396484375,-0.020263671875,0.19384765625,3.621
0.7480916030534351,-37.16030534351145,-5.893129770992366,-0.42529296875,-0.017578125,0.18994140625,3.6226999999999996
0.7938931297709924,-36.61068702290076,-5.847328244274809,-0.423583984375,-0.021484375,0.188232421875,3.6243999999999996
1.1755725190839694,-36.18320610687023,-5.893129770992366,-0.419189453125,-0.026123046875,0.187744140625,3.6260999999999997
0.916030534351145,-35.64885496183206,-5.770992366412214,-0.41650390625,-0.01904296875,0.178955078125,3.6277999999999997
1.0076335877862594,-35.43511450381679,-5.923664122137405,-0.41552734375,-0.017578125,0.18310546875,3.6294999999999997
0.9312977099236641,-35.12977099236641,-5.893129770992366,-0.416015625,-0.022705078125,0.186767578125,3.6311999999999998
0.8244274809160306,-34.900763358778626,-5.9541984732824424,-0.412353515625,-0.019287109375,0.187255859375,3.6329
0.9770992366412213,-34.717557251908396,-5.938931297709924,-0.40771484375,-0.023193359375,0.1845703125,3.6346
0.7022900763358778,-34.42748091603053,-5.786259541984733,-0.407470703125,-0.021728515625,0.190673828125,3.6363
0.6106870229007634,-34.0763358778626,-6.030534351145038,-0.407958984375,-0.021484375,0.1845703125,3.638
0.7633587786259542,-33.7557251908397,-6.106870229007634,-0.407470703125,-0.0146484375,0.185546875,3.6397
0.7175572519083969,-33.43511450381679,-5.938931297709924,-0.404296875,-0.01953125,0.189453125,3.6414
0.8854961832061069,-32.916030534351144,-6.106870229007634,-0.405517578125,-0.01708984375,0.197021484375,3.6431
0.6106870229007634,-32.54961832061068,-6.213740458015267,-0.40380859375,-0.021728515625,0.188720703125,3.6447999999999996
0.6717557251908397,-31.84732824427481,-6.244274809160306,-0.406494140625,-0.0205078125,0.185546875,3.6464999999999996
0.7786259541984732,-31.72519083969466,-6.2748091603053435,-0.4033203125,-0.018310546875,0.190673828125,3.6481999999999997
0.44274809160305345,-31.083969465648856,-6.366412213740458,-0.404541015625,-0.01708984375,0.178466796875,3.6498999999999997
0.8702290076335878,-30.53435114503817,-6.33587786259542,-0.402099609375,-0.0185546875,0.195068359375,3.6515999999999997
0.6717557251908397,-30.18320610687023,-6.33587786259542,-0.4033203125,-0.0166015625,0.201171875,3.6532999999999998
0.7938931297709924,-30.015267175572518,-6.412213740458015,-0.406982421875,-0.0185546875,0.1875,3.655
0.8702290076335878,-29.49618320610687,-6.320610687022901,-0.4013671875,-0.024169921875,0.190673828125,3.6567
0.9312977099236641,-29.022900763358777,-6.213740458015267,-0.39794921875,-0.02197265625,0.1943359375,3.6584
0.8396946564885496,-28.885496183206108,-6.3816793893129775,-0.396728515625,-0.021240234375,0.191650390625,3.6601
0.7022900763358778,-28.9618320610687,-6.473282442748092,-0.39501953125,-0.018798828125,0.187255859375,3.6618
0.9923664122137404,-28.732824427480917,-6.33587786259542,-0.38671875,-0.025390625,0.19384765625,3.6635
0.7175572519083969,-28.595419847328245,-6.5038167938931295,-0.384765625,-0.022705078125,0.18603515625,3.6652
0.6106870229007634,-28.53435114503817,-6.717557251908397,-0.38427734375,-0.020751953125,0.19384765625,3.6668999999999996
0.5038167938931297,-28.793893129770993,-6.6106870229007635,-0.380859375,-0.025634765625,0.1953125,3.6685999999999996
0.5954198473282443,-28.83969465648855,-6.580152671755725,-0.3740234375,-0.03173828125,0.1875,3.6702999999999997
0.33587786259541985,-29.00763358778626,-6.732824427480916,-0.38134765625,-0.031982421875,0.191650390625,3.6719999999999997
0.4580152671755725,-29.251908396946565,-7.022900763358779,-0.372802734375,-0.025634765625,0.1865234375,3.6736999999999997
0.366412213740458,-29.572519083969464,-6.870229007633588,-0.3701171875,-0.02392578125,0.193359375,3.6754
0.15267175572519084,-30.27480916030534,-7.114503816793893,-0.369873046875,-0.031005859375,0.19873046875,3.6771
0.183206106870229,-30.50381679389313,-6.656488549618321,-0.365234375,-0.0205078125,0.185302734375,3.6788
0.183206106870229,-31.083969465648856,-6.656488549618321,-0.37548828125,-0.02685546875,0.193603515625,3.6805
0.21374045801526717,-31.49618320610687,-6.473282442748092,-0.374755859375,-0.034912109375,0.199462890625,3.6822
0.42748091603053434,-31.84732824427481,-6.2748091603053435,-0.376220703125,-0.03271484375,0.19580078125,3.6839
0.5343511450381679,-32.19847328244275,-6.0,-0.371337890625,-0.0302734375,0.196533203125,3.6856
0.5343511450381679,-32.67175572519084,-5.572519083969466,-0.36865234375,-0.0322265625,0.1962890625,3.6872999999999996
0.44274809160305345,-32.6412213740458,-5.4961832061068705,-0.374267578125,-0.029296875,0.196044921875,3.6889999999999996
0.4732824427480916,-32.6412213740458,-5.267175572519084,-0.373046875,-0.0322265625,0.197998046875,3.6906999999999996
0.7175572519083969,-32.961832061068705,-5.083969465648855,-0.378173828125,-0.0341796875,0.199462890625,3.6923999999999997
0.8091603053435115,-32.88549618320611,-4.900763358778626,-0.3798828125,-0.028076171875,0.193359375,3.6940999999999997
0.6564885496183206,-32.656488549618324,-4.595419847328245,-0.375,-0.02685546875,0.20361328125,3.6957999999999998
0.6259541984732825,-32.44274809160305,-4.641221374045801,-0.38037109375,-0.027587890625,0.195556640625,3.6975
0.48854961832061067,-32.595419847328245,-4.488549618320611,-0.38330078125,-0.0234375,0.186279296875,3.6992
0.549618320610687,-32.274809160305345,-4.625954198473282,-0.3876953125,-0.029052734375,0.20068359375,3.7009
0.48854961832061067,-31.81679389312977,-4.702290076335878,-0.386962890625,-0.026123046875,0.201416015625,3.7026
0.5954198473282443,-31.572519083969464,-4.793893129770993,-0.391357421875,-0.0283203125,0.203125,3.7043
0.6870229007633588,-31.267175572519083,-4.687022900763359,-0.38671875,-0.027099609375,0.204345703125,3.706
0.6106870229007634,-31.099236641221374,-4.763358778625954,-0.39013671875,-0.021728515625,0.201904296875,3.7077
0.6717557251908397,-30.412213740458014,-4.778625954198473,-0.38818359375,-0.026611328125,0.19677734375,3.7093999999999996
0.9007633587786259,-30.412213740458014,-4.900763358778626,-0.38671875,-0.02783203125,0.199951171875,3.7110999999999996
0.8091603053435115,-30.076335877862597,-4.9465648854961835,-0.389404296875,-0.01904296875,0.206787109375,3.7127999999999997
0.6412213740458015,-29.755725190839694,-4.885496183206107,-0.3896484375,-0.025634765625,0.206787109375,3.7144999999999997
1.1603053435114503,-29.572519083969464,-4.625954198473282,-0.3818359375,-0.02685546875,0.192138671875,3.7161999999999997
1.0534351145038168,-29.419847328244273,-5.0534351145038165,-0.38916015625,-0.02783203125,0.204833984375,3.7178999999999998
1.0076335877862594,-29.17557251908397,-4.961832061068702,-0.388427734375,-0.0234375,0.199951171875,3.7196
0.7633587786259542,-29.34351145038168,-4.916030534351145,-0.382080078125,-0.032958984375,0.203369140625,3.7213
0.9770992366412213,-29.221374045801525,-4.900763358778626,-0.38623046875,-0.025390625,0.197021484375,3.723
0.8244274809160306,-29.236641221374047,-5.129770992366412,-0.385009765625,-0.027099609375,0.19140625,3.7247
0.8396946564885496,-29.206106870229007,-4.961832061068702,-0.380859375,-0.0263671875,0.203857421875,3.7264
1.0076335877862594,-29.14503816793893,-4.977099236641221,-0.380615234375,-0.029296875,0.19921875,3.7281
1.1908396946564885,-29.114503816793892,-4.8396946564885495,-0.376953125,-0.03076171875,0.20458984375,3.7298
1.0229007633587786,-29.129770992366414,-5.221374045801527,-0.37939453125,-0.02783203125,0.2001953125,3.7314999999999996
0.8702290076335878,-28.977099236641223,-5.0534351145038165,-0.375,-0.025146484375,0.199951171875,3.7331999999999996
0.8549618320610687,-29.236641221374047,-5.236641221374046,-0.37158203125,-0.027099609375,0.200439453125,3.7348999999999997
0.9770992366412213,-29.450381679389313,-5.145038167938932,-0.373046875,-0.028076171875,0.203369140625,3.7365999999999997
0.7786259541984732,-29.46564885496183,-5.190839694656488,-0.373046875,-0.026611328125,0.196533203125,3.7382999999999997
0.8854961832061069,-29.557251908396946,-5.083969465648855,-0.36962890625,-0.0322265625,0.203857421875,3.7399999999999998
1.3282442748091603,-29.66412213740458,-5.175572519083969,-0.36767578125,-0.0283203125,0.201904296875,3.7417
1.1755725190839694,-29.572519083969464,-4.977099236641221,-0.369873046875,-0.031982421875,0.20263671875,3.7434
1.3435114503816794,-29.633587786259543,-5.129770992366412,-0.366943359375,-0.02685546875,0.20751953125,3.7451
1.4045801526717556,-29.52671755725191,-4.931297709923665,-0.370849609375,-0.030517578125,0.20947265625,3.7468
1.297709923664122,-29.709923664122137,-4.641221374045801,-0.372802734375,-0.027587890625,0.211669921875,3.7485
1.251908396946565,-29.64885496183206,-4.763358778625954,-0.368896484375,-0.026123046875,0.200927734375,3.7502
1.3435114503816794,-29.49618320610687,-5.038167938931298,-0.372314453125,-0.03271484375,0.2060546875,3.7519
1.2213740458015268,-29.297709923664122,-4.824427480916031,-0.37353515625,-0.0302734375,0.2080078125,3.7535999999999996
1.3740458015267176,-29.435114503816795,-4.931297709923665,-0.36669921875,-0.0322265625,0.207275390625,3.7552999999999996
1.4045801526717556,-29.297709923664122,-4.870229007633588,-0.371826171875,-0.0234375,0.208740234375,3.7569999999999997
1.5267175572519085,-29.129770992366414,-4.961832061068702,-0.373291015625,-0.024169921875,0.207275390625,3.7586999999999997
1.5419847328244274,-29.450381679389313,-4.793893129770993,-0.37060546875,-0.024169921875,0.216552734375,3.7603999999999997
1.7404580152671756,-29.221374045801525,-4.900763358778626,-0.374267578125,-0.02685546875,0.21875,3.7620999999999998
1.8625954198473282,-29.053435114503817,-5.022900763358779,-0.374267578125,-0.027587890625,0.21044921875,3.7638
2.030534351145038,-29.129770992366414,-4.763358778625954,-0.37060546875,-0.02392578125,0.212890625,3.7655
2.030534351145038,-29.022900763358777,-4.885496183206107,-0.3779296875,-0.027099609375,0.21826171875,3.7672
2.015267175572519,-29.114503816793892,-4.900763358778626,-0.382080078125,-0.029052734375,0.217041015625,3.7689
1.7557251908396947,-28.748091603053435,-4.641221374045801,-0.378662109375,-0.028564453125,0.21630859375,3.7706
1.8931297709923665,-28.53435114503817,-4.763358778625954,-0.377197265625,-0.031005859375,0.22119140625,3.7723
2.122137404580153,-28.396946564885496,-4.519083969465649,-0.3779296875,-0.02783203125,0.2265625,3.7739999999999996
1.9694656488549618,-28.16793893129771,-4.641221374045801,-0.377197265625,-0.02587890625,0.2236328125,3.7756999999999996
2.198473282442748,-27.893129770992367,-4.595419847328245,-0.379638671875,-0.02587890625,0.2236328125,3.7773999999999996
2.045801526717557,-27.72519083969466,-4.595419847328245,-0.382080078125,-0.022705078125,0.220458984375,3.7790999999999997
2.213740458015267,-27.480916030534353,-4.366412213740458,-0.38232421875,-0.030029296875,0.218505859375,3.7807999999999997
2.3206106870229006,-27.236641221374047,-4.427480916030534,-0.385009765625,-0.0263671875,0.22021484375,3.7824999999999998
2.33587786259542,-26.671755725190838,-4.106870229007634,-0.3837890625,-0.033935546875,0.221435546875,3.7842
2.6106870229007635,-26.549618320610687,-4.106870229007634,-0.377685546875,-0.02880859375,0.22119140625,3.7859
2.5801526717557253,-26.27480916030534,-4.106870229007634,-0.3828125,-0.02685546875,0.21875,3.7876
2.366412213740458,-25.6793893129771,-4.137404580152672,-0.3779296875,-0.022705078125,0.22607421875,3.7893
2.564885496183206,-25.603053435114504,-3.9083969465648853,-0.383056640625,-0.02685546875,0.221923828125,3.791
2.7022900763358777,-25.099236641221374,-3.9083969465648853,-0.384033203125,-0.02685546875,0.22900390625,3.7927
2.885496183206107,-25.00763358778626,-3.7709923664122136,-0.381103515625,-0.0283203125,0.220703125,3.7944
2.9160305343511452,-24.870229007633586,-3.954198473282443,-0.382080078125,-0.0244140625,0.216796875,3.7960999999999996
3.1603053435114505,-24.610687022900763,-3.49618320610687,-0.380859375,-0.02392578125,0.216064453125,3.7977999999999996
3.2061068702290076,-24.748091603053435,-3.618320610687023,-0.376953125,-0.0283203125,0.21923828125,3.7994999999999997
3.3282442748091605,-24.564885496183205,-3.5267175572519083,-0.378173828125,-0.029541015625,0.21826171875,3.8011999999999997
3.267175572519084,-24.259541984732824,-3.5877862595419847,-0.374755859375,-0.029296875,0.21923828125,3.8028999999999997
3.648854961832061,-24.076335877862597,-3.4198473282442747,-0.3759765625,-0.028076171875,0.215576171875,3.8045999999999998
3.404580152671756,-23.541984732824428,-3.3587786259541983,-0.37548828125,-0.0234375,0.218017578125,3.8063
3.4656488549618323,-22.931297709923665,-3.404580152671756,-0.372802734375,-0.02685546875,0.216796875,3.808
3.7099236641221376,-22.38167938931298,-3.404580152671756,-0.373779296875,-0.03125,0.2236328125,3.8097
3.3587786259541983,-21.84732824427481,-3.3435114503816794,-0.369384765625,-0.024658203125,0.220703125,3.8114
3.3893129770992365,-21.358778625954198,-3.312977099236641,-0.37060546875,-0.02685546875,0.21533203125,3.8131
3.6946564885496183,-20.977099236641223,-3.312977099236641,-0.373291015625,-0.029541015625,0.215576171875,3.8148
3.633587786259542,-20.564885496183205,-3.5114503816793894,-0.371337890625,-0.030029296875,0.22021484375,3.8165
3.816793893129771,-20.15267175572519,-3.404580152671756,-0.375,-0.029541015625,0.215087890625,3.8181999999999996
3.877862595419847,-19.770992366412212,-3.4656488549618323,-0.3701171875,-0.031982421875,0.210693359375,3.8198999999999996
3.954198473282443,-19.740458015267176,-3.435114503816794,-0.36572265625,-0.027099609375,0.218505859375,3.8215999999999997
4.106870229007634,-19.603053435114504,-3.435114503816794,-0.36865234375,-0.02880859375,0.2216796875,3.8232999999999997
3.984732824427481,-19.480916030534353,-3.312977099236641,-0.36572265625,-0.0302734375,0.219482421875,3.8249999999999997
4.091603053435114,-19.419847328244273,-3.312977099236641,-0.3662109375,-0.034423828125,0.216064453125,3.8266999999999998
3.8931297709923665,-19.69465648854962,-3.1297709923664123,-0.366455078125,-0.02490234375,0.2177734375,3.8284
4.0458015267175576,-19.64885496183206,-3.099236641221374,-0.36083984375,-0.029541015625,0.220947265625,3.8301
4.1679389312977095,-19.66412213740458,-3.236641221374046,-0.361083984375,-0.034423828125,0.221923828125,3.8318
4.213740458015267,-19.6793893129771,-2.9770992366412212,-0.36376953125,-0.025634765625,0.208740234375,3.8335
4.396946564885496,-19.46564885496183,-2.9618320610687023,-0.35498046875,-0.03173828125,0.215087890625,3.8352
4.229007633587786,-19.6793893129771,-2.9770992366412212,-0.352783203125,-0.030029296875,0.2216796875,3.8369
4.320610687022901,-19.755725190839694,-3.236641221374046,-0.355712890625,-0.03369140625,0.2255859375,3.8385999999999996
4.213740458015267,-19.755725190839694,-3.2061068702290076,-0.348388671875,-0.033203125,0.2255859375,3.8402999999999996
4.0,-20.076335877862597,-3.0076335877862594,-0.34765625,-0.03515625,0.2236328125,3.8419999999999996
4.320610687022901,-20.229007633587788,-3.114503816793893,-0.34375,-0.033203125,0.221923828125,3.8436999999999997
4.183206106870229,-20.442748091603054,-3.0381679389312977,-0.34521484375,-0.030517578125,0.21533203125,3.8453999999999997
4.030534351145038,-20.916030534351144,-3.1297709923664123,-0.345703125,-0.032958984375,0.232666015625,3.8470999999999997
4.183206106870229,-21.129770992366414,-3.145038167938931,-0.339599609375,-0.0322265625,0.22705078125,3.8487999999999998
4.320610687022901,-21.34351145038168,-3.053435114503817,-0.34521484375,-0.0302734375,0.22509765625,3.8505
4.183206106870229,-21.61832061068702,-2.900763358778626,-0.346435546875,-0.026611328125,0.220458984375,3.8522
4.030534351145038,-21.893129770992367,-3.1755725190839694,-0.342529296875,-0.02783203125,0.22412109375,3.8539
4.244274809160306,-22.48854961832061,-3.0076335877862594,-0.347900390625,-0.038330078125,0.22314453125,3.8556
4.183206106870229,-22.580152671755727,-2.7480916030534353,-0.34228515625,-0.028076171875,0.218994140625,3.8573
4.213740458015267,-22.82442748091603,-2.6259541984732824,-0.343505859375,-0.02880859375,0.21533203125,3.859
4.5038167938931295,-23.068702290076335,-2.595419847328244,-0.349609375,-0.03076171875,0.220458984375,3.8606999999999996
4.442748091603053,-23.267175572519083,-2.4427480916030535,-0.34765625,-0.0302734375,0.22021484375,3.8623999999999996
4.290076335877862,-23.083969465648856,-2.4732824427480917,-0.345947265625,-0.031494140625,0.224365234375,3.8640999999999996
4.33587786259542,-23.17557251908397,-2.4122137404580153,-0.343505859375,-0.0302734375,0.224609375,3.8657999999999997
4.534351145038168,-23.587786259541986,-2.2748091603053435,-0.3466796875,-0.02685546875,0.222900390625,3.8674999999999997
4.412213740458015,-23.251908396946565,-2.2442748091603053,-0.3486328125,-0.0244140625,0.2138671875,3.8691999999999998
4.213740458015267,-23.099236641221374,-2.030534351145038,-0.353271484375,-0.02783203125,0.215087890625,3.8709
4.442748091603053,-23.221374045801525,-2.213740458015267,-0.3486328125,-0.029296875,0.21875,3.8726
4.259541984732825,-23.267175572519083,-2.2595419847328246,-0.348876953125,-0.03271484375,0.2197265625,3.8743
4.412213740458015,-23.34351145038168,-2.4732824427480917,-0.344970703125,-0.029541015625,0.220947265625,3.876
4.3816793893129775,-23.31297709923664,-2.4732824427480917,-0.3515625,-0.030517578125,0.21826171875,3.8777
4.229007633587786,-23.267175572519083,-2.3969465648854964,-0.343505859375,-0.02685546875,0.220947265625,3.8794
4.259541984732825,-23.389312977099237,-2.427480916030534,-0.346435546875,-0.022216796875,0.216796875,3.8811
4.351145038167939,-23.267175572519083,-2.2748091603053435,-0.345947265625,-0.01904296875,0.21533203125,3.8827999999999996
4.396946564885496,-23.297709923664122,-2.213740458015267,-0.345703125,-0.030029296875,0.210693359375,3.8844999999999996
4.33587786259542,-23.64885496183206,-2.3053435114503817,-0.340576171875,-0.025146484375,0.21875,3.8861999999999997
4.366412213740458,-23.6793893129771,-2.2748091603053435,-0.34326171875,-0.028076171875,0.224609375,3.8878999999999997
4.473282442748092,-23.72519083969466,-2.4580152671755724,-0.343994140625,-0.0322265625,0.209228515625,3.8895999999999997
4.106870229007634,-23.954198473282442,-2.2748091603053435,-0.345947265625,-0.028076171875,0.21435546875,3.8912999999999998
4.564885496183206,-23.893129770992367,-2.2290076335877864,-0.341796875,-0.0283203125,0.217041015625,3.893
4.580152671755725,-23.954198473282442,-2.3206106870229006,-0.34326171875,-0.033447265625,0.220458984375,3.8947
4.290076335877862,-24.12213740458015,-2.2442748091603053,-0.34521484375,-0.029541015625,0.209228515625,3.8964
4.3816793893129775,-24.244274809160306,-2.0763358778625953,-0.34228515625,-0.032470703125,0.21044921875,3.8981
4.534351145038168,-24.427480916030536,-2.4122137404580153,-0.3408203125,-0.0234375,0.216796875,3.8998
4.580152671755725,-24.366412213740457,-2.2748091603053435,-0.333251953125,-0.026611328125,0.216552734375,3.9015
4.519083969465649,-24.702290076335878,-2.16793893129771,-0.33447265625,-0.029541015625,0.214599609375,3.9032
4.595419847328245,-24.870229007633586,-2.0763358778625953,-0.3369140625,-0.029541015625,0.20849609375,3.9048999999999996
4.33587786259542,-25.114503816793892,-1.984732824427481,-0.333984375,-0.031005859375,0.212646484375,3.9065999999999996
4.809160305343512,-25.404580152671755,-1.9541984732824427,-0.33251953125,-0.024658203125,0.216796875,3.9082999999999997
4.717557251908397,-25.587786259541986,-2.1068702290076335,-0.32958984375,-0.023681640625,0.20947265625,3.9099999999999997
4.458015267175573,-26.0,-2.015267175572519,-0.327880859375,-0.025634765625,0.218505859375,3.9116999999999997
4.580152671755725,-26.16793893129771,-2.045801526717557,-0.330078125,-0.029052734375,0.218505859375,3.9133999999999998
4.595419847328245,-26.564885496183205,-1.8778625954198473,-0.327392578125,-0.03125,0.213623046875,3.9151
4.67175572519084,-26.870229007633586,-2.0610687022900764,-0.326416015625,-0.029052734375,0.216796875,3.9168
4.5038167938931295,-27.129770992366414,-2.1374045801526718,-0.3291015625,-0.02685546875,0.221923828125,3.9185
4.549618320610687,-27.64885496183206,-2.1374045801526718,-0.32763671875,-0.027587890625,0.21240234375,3.9202
4.931297709923665,-28.091603053435115,-2.0610687022900764,-0.322509765625,-0.029541015625,0.22314453125,3.9219
4.732824427480916,-28.259541984732824,-2.3969465648854964,-0.322265625,-0.03369140625,0.22607421875,3.9236
4.67175572519084,-28.9618320610687,-2.2900763358778624,-0.32568359375,-0.033203125,0.223388671875,3.9252999999999996
4.625954198473282,-29.572519083969464,-2.366412213740458,-0.327392578125,-0.03076171875,0.21142578125,3.9269999999999996
4.656488549618321,-29.84732824427481,-2.33587786259542,-0.322998046875,-0.030517578125,0.223876953125,3.9286999999999996
4.885496183206107,-30.366412213740457,-2.3206106870229006,-0.322265625,-0.027099609375,0.217529296875,3.9303999999999997
4.717557251908397,-30.793893129770993,-2.3053435114503817,-0.321533203125,-0.025390625,0.218505859375,3.9320999999999997
4.931297709923665,-31.328244274809162,-2.366412213740458,-0.3203125,-0.02978515625,0.215087890625,3.9337999999999997
4.687022900763359,-31.480916030534353,-2.50381679389313,-0.3173828125,-0.0224609375,0.21533203125,3.9354999999999998
5.00763358778626,-32.06106870229008,-2.6106870229007635,-0.316650390625,-0.022216796875,0.225341796875,3.9372
4.824427480916031,-32.54961832061068,-2.4732824427480917,-0.312255859375,-0.02392578125,0.220703125,3.9389
4.595419847328245,-32.656488549618324,-2.6412213740458017,-0.31494140625,-0.02685546875,0.221435546875,3.9406
4.702290076335878,-33.05343511450382,-2.687022900763359,-0.315673828125,-0.025390625,0.21923828125,3.9423
4.6106870229007635,-33.587786259541986,-2.6412213740458017,-0.31884765625,-0.0302734375,0.22509765625,3.944
4.625954198473282,-33.83206106870229,-2.6412213740458017,-0.3232421875,-0.024658203125,0.230712890625,3.9457
4.900763358778626,-34.06106870229008,-2.763358778625954,-0.319580078125,-0.033447265625,0.223876953125,3.9473999999999996
4.717557251908397,-34.656488549618324,-2.595419847328244,-0.32373046875,-0.03076171875,0.22119140625,3.9490999999999996
4.564885496183206,-34.80916030534351,-2.6412213740458017,-0.32373046875,-0.030029296875,0.220703125,3.9507999999999996
4.67175572519084,-35.267175572519086,-2.5801526717557253,-0.32470703125,-0.029541015625,0.2275390625,3.9524999999999997
4.824427480916031,-35.41984732824427,-2.4732824427480917,-0.3291015625,-0.029052734375,0.22607421875,3.9541999999999997
4.519083969465649,-35.603053435114504,-2.3206106870229006,-0.326416015625,-0.03076171875,0.22705078125,3.9558999999999997
4.351145038167939,-36.0,-2.4427480916030535,-0.322021484375,-0.029052734375,0.228271484375,3.9576
4.412213740458015,-36.045801526717554,-2.366412213740458,-0.328125,-0.03125,0.22265625,3.9593
4.33587786259542,-36.35114503816794,-2.366412213740458,-0.327880859375,-0.027099609375,0.233642578125,3.961
4.290076335877862,-36.42748091603053,-2.2290076335877864,-0.32373046875,-0.03125,0.22900390625,3.9627
4.580152671755725,-36.33587786259542,-2.2900763358778624,-0.32177734375,-0.033203125,0.2373046875,3.9644
4.320610687022901,-36.48854961832061,-2.2748091603053435,-0.32861328125,-0.03369140625,0.2451171875,3.9661
4.351145038167939,-36.76335877862596,-2.366412213740458,-0.330322265625,-0.033447265625,0.23095703125,3.9678
4.091603053435114,-36.70229007633588,-1.9694656488549618,-0.326416015625,-0.02978515625,0.230712890625,3.9694999999999996
4.091603053435114,-36.62595419847328,-2.122137404580153,-0.322509765625,-0.035400390625,0.233642578125,3.9711999999999996
4.030534351145038,-36.76335877862596,-1.8778625954198473,-0.32666015625,-0.033935546875,0.23583984375,3.9728999999999997
3.984732824427481,-36.534351145038165,-1.8015267175572518,-0.32861328125,-0.033203125,0.237060546875,3.9745999999999997
3.969465648854962,-36.80916030534351,-1.8473282442748091,-0.32958984375,-0.029541015625,0.23681640625,3.9762999999999997
3.648854961832061,-36.67175572519084,-1.9389312977099236,-0.330078125,-0.032470703125,0.238525390625,3.9779999999999998
3.5267175572519083,-36.6412213740458,-1.9694656488549618,-0.331787109375,-0.03564453125,0.2431640625,3.9797
3.7251908396946565,-36.961832061068705,-2.015267175572519,-0.330810546875,-0.031005859375,0.2373046875,3.9814
3.6793893129770994,-36.93129770992366,-1.8015267175572518,-0.33447265625,-0.030029296875,0.2353515625,3.9831
3.4198473282442747,-36.85496183206107,-1.984732824427481,-0.33056640625,-0.0341796875,0.235107421875,3.9848
3.435114503816794,-36.79389312977099,-1.9694656488549618,-0.333740234375,-0.029296875,0.234619140625,3.9865
3.2213740458015265,-36.458015267175576,-1.9694656488549618,-0.334228515625,-0.033447265625,0.23095703125,3.9882
3.053435114503817,-36.656488549618324,-1.83206106870229,-0.335693359375,-0.03173828125,0.23681640625,3.9898999999999996
2.931297709923664,-36.29007633587786,-2.0916030534351147,-0.328125,-0.039306640625,0.231689453125,3.9915999999999996
3.0229007633587788,-36.13740458015267,-1.9389312977099236,-0.331787109375,-0.032958984375,0.230712890625,3.9932999999999996
2.931297709923664,-36.35114503816794,-1.9694656488549618,-0.328369140625,-0.031005859375,0.245849609375,3.9949999999999997
2.4732824427480917,-35.969465648854964,-1.984732824427481,-0.326416015625,-0.03271484375,0.24169921875,3.9966999999999997
2.519083969465649,-36.01526717557252,-1.8778625954198473,-0.331298828125,-0.02685546875,0.234619140625,3.9983999999999997
2.3206106870229006,-36.06106870229008,-1.7251908396946565,-0.334716796875,-0.02978515625,0.24609375,4.0001
2.33587786259542,-35.87786259541985,-2.0610687022900764,-0.33544921875,-0.031982421875,0.244384765625,4.001799999999999
2.381679389312977,-36.030534351145036,-2.183206106870229,-0.32763671875,-0.027099609375,0.2509765625,4.0035
2.015267175572519,-35.954198473282446,-1.9541984732824427,-0.328857421875,-0.03271484375,0.255126953125,4.005199999999999
1.984732824427481,-36.2442748091603,-2.045801526717557,-0.330078125,-0.033935546875,0.24560546875,4.0069
1.8473282442748091,-36.29007633587786,-2.030534351145038,-0.327392578125,-0.0322265625,0.2490234375,4.0085999999999995
1.8625954198473282,-36.38167938931298,-2.045801526717557,-0.325927734375,-0.031982421875,0.244873046875,4.0103
1.786259541984733,-36.274809160305345,-2.122137404580153,-0.322021484375,-0.0341796875,0.245849609375,4.012
1.5725190839694656,-36.274809160305345,-2.4122137404580153,-0.3203125,-0.025146484375,0.2392578125,4.0137
1.5419847328244274,-36.458015267175576,-2.351145038167939,-0.3173828125,-0.02587890625,0.242431640625,4.0154
1.450381679389313,-36.51908396946565,-2.1374045801526718,-0.3193359375,-0.030029296875,0.247314453125,4.0171
1.1603053435114503,-36.56488549618321,-2.1068702290076335,-0.3203125,-0.028564453125,0.242919921875,4.0188
1.2213740458015268,-36.778625954198475,-2.3206106870229006,-0.32275390625,-0.03173828125,0.245849609375,4.0205
1.099236641221374,-36.732824427480914,-2.763358778625954,-0.320556640625,-0.03173828125,0.256591796875,4.0222
0.8854961832061069,-36.99236641221374,-2.8091603053435112,-0.32177734375,-0.0322265625,0.25537109375,4.023899999999999
0.9465648854961832,-37.05343511450382,-2.763358778625954,-0.31982421875,-0.031982421875,0.25439453125,4.0256
0.6870229007633588,-37.038167938931295,-2.732824427480916,-0.32080078125,-0.032470703125,0.258056640625,4.027299999999999
0.366412213740458,-37.02290076335878,-2.8244274809160306,-0.31982421875,-0.031494140625,0.248779296875,4.029
0.3969465648854962,-37.12977099236641,-2.6106870229007635,-0.315185546875,-0.0361328125,0.252197265625,4.0306999999999995
0.3053435114503817,-37.3587786259542,-2.9923664122137406,-0.315673828125,-0.03173828125,0.254638671875,4.0324
0.2900763358778626,-37.267175572519086,-2.7480916030534353,-0.320556640625,-0.030517578125,0.258544921875,4.0341
0.061068702290076333,-37.43511450381679,-2.854961832061069,-0.31640625,-0.029052734375,0.256591796875,4.0358
-0.07633587786259542,-37.63358778625954,-2.687022900763359,-0.3173828125,-0.029541015625,0.253173828125,4.0375
-0.2595419847328244,-37.6793893129771,-2.8091603053435112,-0.322021484375,-0.031494140625,0.26904296875,4.0392
0.015267175572519083,-37.74045801526717,-2.931297709923664,-0.321533203125,-0.037109375,0.2587890625,4.0409
0.015267175572519083,-37.52671755725191,-2.885496183206107,-0.320556640625,-0.02783203125,0.25390625,4.0426
-0.5343511450381679,-37.725190839694655,-2.900763358778626,-0.320556640625,-0.030029296875,0.256103515625,4.0443
-0.21374045801526717,-37.587786259541986,-2.763358778625954,-0.324462890625,-0.03173828125,0.25927734375,4.045999999999999
-0.44274809160305345,-37.32824427480916,-3.145038167938931,-0.325927734375,-0.03271484375,0.262451171875,4.0477
-0.5038167938931297,-37.541984732824424,-2.9160305343511452,-0.3232421875,-0.033203125,0.263916015625,4.0493999999999994
-0.7175572519083969,-37.17557251908397,-2.885496183206107,-0.322021484375,-0.03515625,0.271728515625,4.0511
-0.7022900763358778,-36.97709923664122,-3.0076335877862594,-0.321044921875,-0.031982421875,0.26123046875,4.0527999999999995
-0.7938931297709924,-36.62595419847328,-2.900763358778626,-0.321533203125,-0.0322265625,0.2626953125,4.0545
-0.9923664122137404,-36.36641221374046,-2.9770992366412212,-0.32080078125,-0.0302734375,0.265380859375,4.0562
-0.732824427480916,-36.01526717557252,-2.931297709923664,-0.326171875,-0.031982421875,0.257568359375,4.0579
-0.8702290076335878,-35.70992366412214,-2.946564885496183,-0.325439453125,-0.029052734375,0.262939453125,4.0596
-1.0381679389312977,-35.66412213740458,-2.946564885496183,-0.32177734375,-0.03076171875,0.26220703125,4.0613
-1.2213740458015268,-35.23664122137404,-2.900763358778626,-0.329833984375,-0.032470703125,0.2578125,4.063
-1.1297709923664123,-34.93129770992366,-3.0229007633587788,-0.3271484375,-0.02978515625,0.261962890625,4.0647
-1.282442748091603,-34.534351145038165,-2.9770992366412212,-0.326171875,-0.030517578125,0.265869140625,4.0664
-1.450381679389313,-34.38167938931298,-3.0381679389312977,-0.3232421875,-0.0283203125,0.26611328125,4.068099999999999
-1.3282442748091603,-33.908396946564885,-3.2061068702290076,-0.326171875,-0.02978515625,0.267333984375,4.0698
-1.5114503816793894,-33.89312977099237,-3.2061068702290076,-0.327880859375,-0.030517578125,0.2578125,4.0714999999999995
-1.5572519083969465,-33.80152671755725,-3.1603053435114505,-0.330322265625,-0.03076171875,0.263916015625,4.0732
-1.450381679389313,-33.55725190839695,-3.3740458015267176,-0.3251953125,-0.02783203125,0.262939453125,4.0748999999999995
-1.450381679389313,-33.17557251908397,-3.3435114503816794,-0.32861328125,-0.02880859375,0.26171875,4.0766
-1.5725190839694656,-32.916030534351144,-3.5267175572519083,-0.319091796875,-0.0302734375,0.257568359375,4.0783
-1.6793893129770991,-32.76335877862596,-3.66412213740458,-0.316162109375,-0.0302734375,0.269287109375,4.08
-1.8015267175572518,-32.732824427480914,-3.404580152671756,-0.317626953125,-0.025390625,0.268310546875,4.0817
-1.5419847328244274,-32.38167938931298,-3.572519083969466,-0.32470703125,-0.02783203125,0.2666015625,4.0834
-1.7099236641221374,-32.030534351145036,-3.572519083969466,-0.3212890625,-0.032958984375,0.26123046875,4.0851
-2.1374045801526718,-31.87786259541985,-3.618320610687023,-0.31787109375,-0.021484375,0.270263671875,4.0868
-2.122137404580153,-31.69465648854962,-3.7099236641221376,-0.317626953125,-0.023193359375,0.26025390625,4.0885
-2.045801526717557,-31.52671755725191,-3.5267175572519083,-0.3154296875,-0.033935546875,0.271484375,4.090199999999999
-1.9541984732824427,-31.16030534351145,-3.7099236641221376,-0.31494140625,-0.027587890625,0.270263671875,4.0919
-2.030534351145038,-30.9618320610687,-3.5572519083969465,-0.309814453125,-0.026123046875,0.276123046875,4.0935999999999995
-1.9236641221374047,-30.977099236641223,-3.786259541984733,-0.31787109375,-0.029296875,0.2734375,4.0953
-2.213740458015267,-30.870229007633586,-3.801526717557252,-0.313232421875,-0.028076171875,0.281494140625,4.0969999999999995
-2.16793893129771,-30.580152671755727,-3.5419847328244276,-0.30859375,-0.031494140625,0.272705078125,4.0987
-2.0,-30.610687022900763,-3.5572519083969465,-0.310546875,-0.0322265625,0.268798828125,4.1004
-2.0,-30.53435114503817,-3.6793893129770994,-0.312255859375,-0.029052734375,0.260498046875,4.1021
-2.0916030534351147,-30.53435114503817,-3.7251908396946565,-0.3076171875,-0.0244140625,0.263916015625,4.1038
-2.0,-30.290076335877863,-3.7557251908396947,-0.310791015625,-0.02587890625,0.265625,4.1055
-2.045801526717557,-30.564885496183205,-3.49618320610687,-0.310546875,-0.0283203125,0.26953125,4.1072
-1.8931297709923665,-30.442748091603054,-3.633587786259542,-0.31103515625,-0.029052734375,0.26953125,4.108899999999999
-2.015267175572519,-30.35114503816794,-3.7557251908396947,-0.30859375,-0.029052734375,0.268310546875,4.1106
-1.8931297709923665,-30.35114503816794,-3.5419847328244276,-0.30712890625,-0.029541015625,0.27685546875,4.112299999999999
-1.9541984732824427,-30.48854961832061,-3.6793893129770994,-0.3017578125,-0.02685546875,0.269287109375,4.114
-2.0916030534351147,-30.47328244274809,-4.030534351145038,-0.301025390625,-0.026123046875,0.267578125,4.1156999999999995
-2.0,-30.610687022900763,-3.8625954198473282,-0.30078125,-0.025146484375,0.27392578125,4.1174
-1.7251908396946565,-30.564885496183205,-4.076335877862595,-0.30322265625,-0.03369140625,0.28271484375,4.1190999999999995
-1.9694656488549618,-30.50381679389313,-4.0458015267175576,-0.301025390625,-0.025146484375,0.275146484375,4.1208
-1.7404580152671756,-30.717557251908396,-4.2748091603053435,-0.29931640625,-0.024169921875,0.274658203125,4.1225
-1.6946564885496183,-30.65648854961832,-4.183206106870229,-0.30224609375,-0.021484375,0.279541015625,4.1242
-1.6488549618320612,-30.977099236641223,-4.320610687022901,-0.305908203125,-0.02734375,0.2783203125,4.1259
-1.5572519083969465,-30.946564885496183,-4.106870229007634,-0.301025390625,-0.02392578125,0.274169921875,4.1276
-1.7557251908396947,-30.977099236641223,-4.2748091603053435,-0.30078125,-0.032470703125,0.275146484375,4.1293
-1.4198473282442747,-31.16030534351145,-4.1679389312977095,-0.297119140625,-0.030029296875,0.282470703125,4.130999999999999
-1.5114503816793894,-31.221374045801525,-4.137404580152672,-0.29931640625,-0.03173828125,0.284423828125,4.1327
-1.4809160305343512,-31.022900763358777,-4.259541984732825,-0.297119140625,-0.026123046875,0.281005859375,4.134399999999999
-1.4198473282442747,-31.221374045801525,-4.213740458015267,-0.302978515625,-0.0302734375,0.285888671875,4.1361
-1.2366412213740459,-31.267175572519083,-4.0458015267175576,-0.30615234375,-0.029541015625,0.284423828125,4.1377999999999995
-1.251908396946565,-31.17557251908397,-4.198473282442748,-0.29931640625,-0.0283203125,0.279541015625,4.1395
-1.1603053435114503,-31.00763358778626,-4.290076335877862,-0.30078125,-0.025146484375,0.291015625,4.1411999999999995
-1.3435114503816794,-31.053435114503817,-4.320610687022901,-0.298583984375,-0.028564453125,0.288330078125,4.1429
-1.0534351145038168,-30.885496183206108,-4.0458015267175576,-0.303955078125,-0.02587890625,0.28857421875,4.1446
-0.9007633587786259,-30.870229007633586,-4.076335877862595,-0.301513671875,-0.025146484375,0.281005859375,4.1463
-0.916030534351145,-30.65648854961832,-4.259541984732825,-0.30029296875,-0.02880859375,0.286376953125,4.148
-0.9007633587786259,-30.47328244274809,-4.351145038167939,-0.302978515625,-0.028076171875,0.288818359375,4.1497
-1.0229007633587786,-30.458015267175572,-4.183206106870229,-0.303466796875,-0.03125,0.281005859375,4.1514
-1.0076335877862594,-30.061068702290076,-4.229007633587786,-0.30126953125,-0.02734375,0.291259765625,4.153099999999999
-0.6259541984732825,-30.076335877862597,-4.259541984732825,-0.303955078125,-0.030029296875,0.290771484375,4.1548
-0.6717557251908397,-29.83206106870229,-4.1679389312977095,-0.306640625,-0.031005859375,0.286865234375,4.156499999999999
-0.48854961832061067,-29.587786259541986,-4.0458015267175576,-0.30712890625,-0.031982421875,0.281494140625,4.1582
-0.6564885496183206,-29.374045801526716,-3.969465648854962,-0.300048828125,-0.02490234375,0.28515625,4.1598999999999995
-0.5648854961832062,-29.099236641221374,-4.137404580152672,-0.302001953125,-0.0244140625,0.286376953125,4.1616
-0.24427480916030533,-28.931297709923665,-4.290076335877862,-0.30322265625,-0.023681640625,0.2880859375,4.1633
-0.2748091603053435,-28.83969465648855,-4.122137404580153,-0.30078125,-0.032958984375,0.28515625,4.165
-0.3053435114503817,-28.65648854961832,-4.0,-0.30615234375,-0.029296875,0.287841796875,4.1667
-0.04580152671755725,-28.396946564885496,-3.984732824427481,-0.303466796875,-0.025634765625,0.274169921875,4.1684
0.15267175572519084,-28.229007633587788,-4.152671755725191,-0.298828125,-0.024658203125,0.290283203125,4.1701
0.07633587786259542,-28.396946564885496,-4.091603053435114,-0.299560546875,-0.03125,0.29541015625,4.1718
0.15267175572519084,-28.198473282442748,-4.076335877862595,-0.2998046875,-0.025390625,0.283935546875,4.1735
0.22900763358778625,-28.0,-3.9083969465648853,-0.297119140625,-0.029296875,0.294921875,4.175199999999999
0.2900763358778626,-27.908396946564885,-3.9389312977099236,-0.298828125,-0.02685546875,0.292724609375,4.1769
0.366412213740458,-27.893129770992367,-3.969465648854962,-0.29736328125,-0.031005859375,0.279052734375,4.178599999999999
0.5190839694656488,-27.61832061068702,-3.8625954198473282,-0.295166015625,-0.02490234375,0.288330078125,4.1803
0.5038167938931297,-27.61832061068702,-3.7709923664122136,-0.294189453125,-0.02587890625,0.282958984375,4.1819999999999995
0.6106870229007634,-27.755725190839694,-4.076335877862595,-0.294189453125,-0.02880859375,0.2822265625,4.1837
0.7633587786259542,-27.64885496183206,-3.877862595419847,-0.29638671875,-0.02783203125,0.28466796875,4.1854
0.6717557251908397,-27.61832061068702,-3.8473282442748094,-0.290283203125,-0.029541015625,0.291748046875,4.1871
0.7938931297709924,-27.572519083969464,-3.7557251908396947,-0.289306640625,-0.027099609375,0.288818359375,4.1888
0.9465648854961832,-27.450381679389313,-3.9236641221374047,-0.291259765625,-0.02734375,0.279296875,4.1905
0.9923664122137404,-27.541984732824428,-3.9083969465648853,-0.291748046875,-0.030517578125,0.283203125,4.1922
0.8244274809160306,-27.633587786259543,-3.954198473282443,-0.291748046875,-0.0263671875,0.28271484375,4.1939
1.0076335877862594,-27.52671755725191,-4.0,-0.289794921875,-0.02783203125,0.279052734375,4.1956
1.2671755725190839,-27.236641221374047,-4.137404580152672,-0.2900390625,-0.024658203125,0.28271484375,4.197299999999999
1.2671755725190839,-27.358778625954198,-3.9389312977099236,-0.287109375,-0.030029296875,0.281494140625,4.199
1.1297709923664123,-27.66412213740458,-4.33587786259542,-0.2900390625,-0.02490234375,0.282958984375,4.200699999999999
1.3435114503816794,-27.541984732824428,-4.122137404580153,-0.288330078125,-0.02734375,0.286376953125,4.2024
1.4809160305343512,-27.740458015267176,-4.427480916030534,-0.28515625,-0.0283203125,0.286865234375,4.2040999999999995
1.5114503816793894,-27.740458015267176,-4.137404580152672,-0.285400390625,-0.025146484375,0.291748046875,4.2058
1.633587786259542,-27.862595419847327,-4.473282442748092,-0.28564453125,-0.029052734375,0.28515625,4.2075
1.83206106870229,-27.862595419847327,-4.3816793893129775,-0.2822265625,-0.0224609375,0.287353515625,4.2092
1.7557251908396947,-27.96946564885496,-4.687022900763359,-0.281494140625,-0.029541015625,0.289306640625,4.2109
1.7557251908396947,-28.015267175572518,-4.5038167938931295,-0.27685546875,-0.02783203125,0.284423828125,4.2126
1.816793893129771,-28.091603053435115,-4.854961832061068,-0.2802734375,-0.02783203125,0.291259765625,4.2143
1.7557251908396947,-28.213740458015266,-4.67175572519084,-0.281982421875,-0.03173828125,0.294677734375,4.216
1.6793893129770991,-28.091603053435115,-4.99236641221374,-0.2841796875,-0.021728515625,0.28662109375,4.2177
1.8473282442748091,-28.30534351145038,-5.083969465648855,-0.281494140625,-0.0322265625,0.28662109375,4.219399999999999
1.816793893129771,-28.33587786259542,-5.190839694656488,-0.278564453125,-0.031005859375,0.289306640625,4.2211
1.8015267175572518,-28.47328244274809,-5.083969465648855,-0.28125,-0.029052734375,0.292724609375,4.222799999999999
1.8931297709923665,-28.641221374045802,-5.221374045801527,-0.282470703125,-0.032470703125,0.292724609375,4.2245
1.7557251908396947,-28.748091603053435,-5.297709923664122,-0.2861328125,-0.02783203125,0.28955078125,4.2261999999999995
2.0610687022900764,-28.610687022900763,-5.633587786259542,-0.286865234375,-0.024169921875,0.291015625,4.2279
2.0763358778625953,-28.717557251908396,-5.541984732824427,-0.2822265625,-0.02783203125,0.285400390625,4.2296
2.015267175572519,-29.053435114503817,-5.740458015267175,-0.28466796875,-0.0283203125,0.2919921875,4.2313
1.984732824427481,-28.946564885496183,-5.770992366412214,-0.2802734375,-0.0302734375,0.28662109375,4.233
1.7557251908396947,-28.793893129770993,-5.8320610687022905,-0.283447265625,-0.036376953125,0.287841796875,4.2347
1.8625954198473282,-28.748091603053435,-5.984732824427481,-0.287109375,-0.0361328125,0.288330078125,4.2364
1.816793893129771,-29.00763358778626,-5.969465648854962,-0.2802734375,-0.03564453125,0.288330078125,4.2381
1.4961832061068703,-28.885496183206108,-5.801526717557252,-0.28125,-0.03271484375,0.2890625,4.2398
1.5572519083969465,-28.702290076335878,-5.847328244274809,-0.28515625,-0.033935546875,0.287353515625,4.241499999999999
1.5267175572519085,-28.519083969465647,-5.877862595419847,-0.28173828125,-0.03466796875,0.29443359375,4.2432
1.7099236641221374,-28.442748091603054,-5.893129770992366,-0.283935546875,-0.03662109375,0.29638671875,4.2448999999999995
1.4351145038167938,-28.290076335877863,-5.679389312977099,-0.279296875,-0.03466796875,0.293212890625,4.2466
1.3740458015267176,-28.3206106870229,-5.679389312977099,-0.28173828125,-0.04150390625,0.299072265625,4.2482999999999995
1.3435114503816794,-27.984732824427482,-5.66412213740458,-0.284912109375,-0.037109375,0.305908203125,4.25
1.2213740458015268,-27.755725190839694,-5.557251908396947,-0.285888671875,-0.041259765625,0.299560546875,4.2517
1.0534351145038168,-27.755725190839694,-5.435114503816794,-0.28515625,-0.041259765625,0.299560546875,4.2534
0.9770992366412213,-27.633587786259543,-5.404580152671755,-0.280517578125,-0.041015625,0.294921875,4.2551
0.8854961832061069,-27.419847328244273,-5.267175572519084,-0.288330078125,-0.0400390625,0.298583984375,4.2568
0.6870229007633588,-27.0381679389313,-5.251908396946565,-0.2841796875,-0.044189453125,0.300537109375,4.2585
0.44274809160305345,-27.114503816793892,-5.1603053435114505,-0.2734375,-0.042236328125,0.296630859375,4.260199999999999
0.3511450381679389,-27.068702290076335,-5.00763358778626,-0.279541015625,-0.041015625,0.29296875,4.2619
0.16793893129770993,-27.00763358778626,-5.00763358778626,-0.281982421875,-0.043212890625,0.293701171875,4.263599999999999
0.061068702290076333,-26.80916030534351,-5.022900763358779,-0.27783203125,-0.045654296875,0.287353515625,4.2653
-0.12213740458015267,-26.717557251908396,-4.702290076335878,-0.277099609375,-0.044189453125,0.29736328125,4.2669999999999995
0.061068702290076333,-26.47328244274809,-4.595419847328245,-0.277587890625,-0.041259765625,0.29150390625,4.2687
-0.48854961832061067,-26.53435114503817,-4.549618320610687,-0.279296875,-0.03955078125,0.29833984375,4.2703999999999995
-0.33587786259541985,-26.519083969465647,-4.351145038167939,-0.27685546875,-0.046630859375,0.2958984375,4.2721
-0.2748091603053435,-26.48854961832061,-4.229007633587786,-0.27587890625,-0.041748046875,0.29736328125,4.2738
-0.5801526717557252,-26.290076335877863,-4.1679389312977095,-0.276611328125,-0.04150390625,0.292236328125,4.2755
-0.7938931297709924,-26.30534351145038,-4.1679389312977095,-0.2783203125,-0.042236328125,0.306884765625,4.2772
-0.8854961832061069,-26.47328244274809,-4.2748091603053435,-0.278564453125,-0.04443359375,0.304931640625,4.2789
-1.0076335877862594,-26.366412213740457,-3.954198473282443,-0.275390625,-0.0419921875,0.297119140625,4.2806
-1.2213740458015268,-26.244274809160306,-3.954198473282443,-0.27392578125,-0.04052734375,0.293212890625,4.282299999999999
-1.3893129770992367,-26.396946564885496,-4.0458015267175576,-0.274169921875,-0.04296875,0.29638671875,4.284
-1.3893129770992367,-26.412213740458014,-4.091603053435114,-0.270751953125,-0.037109375,0.2978515625,4.285699999999999
-1.3587786259541985,-26.290076335877863,-4.091603053435114,-0.273681640625,-0.03515625,0.292724609375,4.2874
-1.633587786259542,-26.458015267175572,-4.198473282442748,-0.271484375,-0.035888671875,0.28759765625,4.2890999999999995
-1.83206106870229,-26.427480916030536,-4.320610687022901,-0.27490234375,-0.0400390625,0.296875,4.2908
-1.5725190839694656,-26.30534351145038,-4.259541984732825,-0.275390625,-0.041259765625,0.297607421875,4.2924999999999995
-1.6641221374045803,-26.458015267175572,-4.198473282442748,-0.270263671875,-0.037353515625,0.29736328125,4.2942
-1.6030534351145038,-26.442748091603054,-4.351145038167939,-0.26904296875,-0.029296875,0.299072265625,4.2959
-1.7557251908396947,-26.38167938931298,-4.519083969465649,-0.275390625,-0.03173828125,0.298583984375,4.2976
-1.786259541984733,-26.30534351145038,-4.3816793893129775,-0.2685546875,-0.030029296875,0.3017578125,4.2993
-1.9541984732824427,-26.244274809160306,-4.656488549618321,-0.26611328125,-0.029541015625,0.3017578125,4.301
-1.9389312977099236,-26.3206106870229,-4.732824427480916,-0.271240234375,-0.0302734375,0.304443359375,4.3027
-1.8473282442748091,-26.18320610687023,-4.900763358778626,-0.269775390625,-0.031494140625,0.302734375,4.304399999999999
-2.16793893129771,-25.954198473282442,-4.717557251908397,-0.27001953125,-0.03271484375,0.298583984375,4.3061
-2.0610687022900764,-26.03053435114504,-4.763358778625954,-0.270751953125,-0.029541015625,0.294677734375,4.307799999999999
-2.213740458015267,-26.0,-5.206106870229007,-0.268798828125,-0.03125,0.3046875,4.3095
-2.1526717557251906,-26.0,-5.236641221374046,-0.2666015625,-0.028564453125,0.302490234375,4.3111999999999995
-2.16793893129771,-25.6793893129771,-5.297709923664122,-0.270263671875,-0.0283203125,0.293212890625,4.3129
-1.83206106870229,-25.587786259541986,-5.435114503816794,-0.265869140625,-0.0302734375,0.3017578125,4.3145999999999995
-1.786259541984733,-25.72519083969466,-5.587786259541985,-0.26611328125,-0.02734375,0.297607421875,4.3163
-2.0763358778625953,-25.786259541984734,-5.877862595419847,-0.26611328125,-0.0224609375,0.30224609375,4.318
-1.8778625954198473,-25.755725190839694,-5.862595419847328,-0.261474609375,-0.027099609375,0.299560546875,4.3197
-1.5267175572519085,-25.801526717557252,-5.9541984732824424,-0.26123046875,-0.023681640625,0.308837890625,4.3214
-1.618320610687023,-25.984732824427482,-5.801526717557252,-0.265625,-0.02490234375,0.30615234375,4.3231
-1.6488549618320612,-26.12213740458015,-6.213740458015267,-0.26025390625,-0.0322265625,0.314208984375,4.3248
-1.5419847328244274,-26.290076335877863,-6.198473282442748,-0.259033203125,-0.02685546875,0.30224609375,4.326499999999999
-1.465648854961832,-26.3206106870229,-6.427480916030534,-0.26416015625,-0.025634765625,0.30810546875,4.3282
-1.0229007633587786,-26.3206106870229,-6.488549618320611,-0.259521484375,-0.02734375,0.30615234375,4.329899999999999
-1.1297709923664123,-26.564885496183205,-6.473282442748092,-0.259033203125,-0.02685546875,0.299072265625,4.3316
-1.3282442748091603,-26.870229007633586,-6.687022900763359,-0.2607421875,-0.030029296875,0.3037109375,4.3332999999999995
-1.0534351145038168,-26.85496183206107,-6.8396946564885495,-0.263671875,-0.030029296875,0.31298828125,4.335
-1.083969465648855,-27.14503816793893,-6.625954198473282,-0.256103515625,-0.03125,0.31201171875,4.3366999999999996
-0.8702290076335878,-27.389312977099237,-6.9465648854961835,-0.259033203125,-0.0341796875,0.3076171875,4.3384
-0.9007633587786259,-27.435114503816795,-7.00763358778626,-0.25439453125,-0.034912109375,0.30224609375,4.3401
-0.7938931297709924,-27.72519083969466,-6.900763358778626,-0.254150390625,-0.03271484375,0.313720703125,4.3418
-0.6717557251908397,-27.541984732824428,-7.068702290076335,-0.2626953125,-0.0341796875,0.3037109375,4.3435
-0.5648854961832062,-27.755725190839694,-7.00763358778626,-0.260498046875,-0.036376953125,0.317138671875,4.3452
-0.5190839694656488,-27.862595419847327,-6.778625954198473,-0.254150390625,-0.033203125,0.31396484375,4.3469
-0.4580152671755725,-27.740458015267176,-6.793893129770993,-0.2607421875,-0.0390625,0.31689453125,4.348599999999999
-0.33587786259541985,-27.740458015267176,-6.488549618320611,-0.25927734375,-0.03662109375,0.3125,4.3503
0.07633587786259542,-27.84732824427481,-6.67175572519084,-0.257568359375,-0.034423828125,0.314697265625,4.351999999999999
-0.07633587786259542,-27.61832061068702,-6.366412213740458,-0.255859375,-0.0361328125,0.31494140625,4.3537
0.12213740458015267,-27.541984732824428,-6.198473282442748,-0.26025390625,-0.03857421875,0.309326171875,4.3553999999999995
0.24427480916030533,-27.69465648854962,-6.0458015267175576,-0.263427734375,-0.037353515625,0.307373046875,4.3571
0.4580152671755725,-27.603053435114504,-5.816793893129771,-0.263427734375,-0.036865234375,0.3076171875,4.3588
0.5954198473282443,-27.267175572519083,-5.465648854961832,-0.263916015625,-0.0341796875,0.3173828125,4.3605
0.6564885496183206,-27.358778625954198,-5.541984732824427,-0.2607421875,-0.03515625,0.316650390625,4.3622
0.6564885496183206,-27.435114503816795,-5.099236641221374,-0.26513671875,-0.036865234375,0.31103515625,4.3639
1.0229007633587786,-27.374045801526716,-5.114503816793893,-0.256591796875,-0.03369140625,0.304443359375,4.3656
0.8549618320610687,-27.17557251908397,-4.9465648854961835,-0.261962890625,-0.03515625,0.311767578125,4.3673
1.1603053435114503,-27.17557251908397,-4.870229007633588,-0.255615234375,-0.041015625,0.31005859375,4.369
1.3587786259541985,-27.114503816793892,-4.625954198473282,-0.25927734375,-0.03759765625,0.309326171875,4.370699999999999
1.1755725190839694,-26.900763358778626,-4.702290076335878,-0.254638671875,-0.033935546875,0.312255859375,4.3724
1.3129770992366412,-26.870229007633586,-4.198473282442748,-0.264404296875,-0.029296875,0.315185546875,4.374099999999999
1.3129770992366412,-26.885496183206108,-4.305343511450381,-0.2578125,-0.033203125,0.308837890625,4.3758
1.5419847328244274,-26.732824427480917,-4.076335877862595,-0.255859375,-0.0400390625,0.316162109375,4.3774999999999995
1.786259541984733,-26.763358778625953,-4.213740458015267,-0.255615234375,-0.038330078125,0.313720703125,4.3792
1.6793893129770991,-26.549618320610687,-4.122137404580153,-0.255126953125,-0.034912109375,0.315673828125,4.3809
1.786259541984733,-26.610687022900763,-4.412213740458015,-0.25732421875,-0.036376953125,0.3125,4.3826
1.633587786259542,-26.427480916030536,-4.198473282442748,-0.254150390625,-0.032470703125,0.31591796875,4.3843
2.015267175572519,-26.625954198473284,-4.061068702290076,-0.25439453125,-0.033935546875,0.31298828125,4.386
2.122137404580153,-26.48854961832061,-3.984732824427481,-0.251953125,-0.03564453125,0.31298828125,4.3877
1.786259541984733,-26.137404580152673,-4.122137404580153,-0.252197265625,-0.033935546875,0.309326171875,4.3894
1.984732824427481,-26.076335877862597,-4.305343511450381,-0.25146484375,-0.03515625,0.314208984375,4.3911
1.9389312977099236,-26.045801526717558,-4.198473282442748,-0.253173828125,-0.037841796875,0.307861328125,4.392799999999999
2.0610687022900764,-25.938931297709924,-4.2748091603053435,-0.25,-0.03564453125,0.3095703125,4.3945
1.8015267175572518,-25.923664122137403,-4.5038167938931295,-0.25146484375,-0.036376953125,0.313720703125,4.396199999999999
1.9083969465648856,-25.893129770992367,-4.442748091603053,-0.24658203125,-0.037841796875,0.306396484375,4.3979
2.1526717557251906,-25.755725190839694,-4.564885496183206,-0.25048828125,-0.031494140625,0.3173828125,4.3995999999999995
1.83206106870229,-25.81679389312977,-4.519083969465649,-0.2470703125,-0.031494140625,0.3154296875,4.4013
2.0763358778625953,-25.755725190839694,-4.564885496183206,-0.241455078125,-0.037353515625,0.30859375,4.403
2.16793893129771,-25.786259541984734,-4.5038167938931295,-0.24267578125,-0.033203125,0.30810546875,4.4047
1.9083969465648856,-25.709923664122137,-4.687022900763359,-0.244873046875,-0.03466796875,0.308349609375,4.4064
1.9389312977099236,-25.72519083969466,-4.8396946564885495,-0.243408203125,-0.03271484375,0.319091796875,4.4081
1.9236641221374047,-25.83206106870229,-4.870229007633588,-0.23974609375,-0.034423828125,0.3115234375,4.4098
2.015267175572519,-25.862595419847327,-4.763358778625954,-0.242919921875,-0.035400390625,0.313720703125,4.411499999999999
1.8473282442748091,-25.96946564885496,-4.870229007633588,-0.23974609375,-0.03076171875,0.308349609375,4.4132
1.5267175572519085,-26.259541984732824,-5.251908396946565,-0.234619140625,-0.034423828125,0.3095703125,4.414899999999999
1.7251908396946565,-26.412213740458014,-5.297709923664122,-0.2333984375,-0.03369140625,0.314697265625,4.4166
1.6793893129770991,-26.65648854961832,-5.465648854961832,-0.23388671875,-0.037109375,0.3134765625,4.4182999999999995
1.83206106870229,-26.885496183206108,-5.603053435114504,-0.22998046875,-0.033935546875,0.30810546875,4.42
1.5877862595419847,-27.16030534351145,-5.679389312977099,-0.230712890625,-0.033203125,0.311279296875,4.4216999999999995
1.450381679389313,-27.51145038167939,-6.137404580152672,-0.227783203125,-0.0322265625,0.3046875,4.4234
1.6030534351145038,-27.64885496183206,-6.106870229007634,-0.226318359375,-0.03662109375,0.3154296875,4.4251
1.7099236641221374,-28.290076335877863,-6.564885496183206,-0.22802734375,-0.037109375,0.311279296875,4.4268
1.4198473282442747,-28.885496183206108,-6.625954198473282,-0.221923828125,-0.036865234375,0.308837890625,4.4285
1.4351145038167938,-29.099236641221374,-6.931297709923665,-0.2255859375,-0.0390625,0.31494140625,4.4302
1.2213740458015268,-29.633587786259543,-7.190839694656488,-0.22216796875,-0.03564453125,0.302734375,4.4319
1.465648854961832,-29.893129770992367,-7.435114503816794,-0.2275390625,-0.042236328125,0.316162109375,4.433599999999999
1.2061068702290076,-30.244274809160306,-7.374045801526718,-0.226318359375,-0.0380859375,0.3154296875,4.4353
1.0687022900763359,-30.732824427480917,-7.709923664122138,-0.23095703125,-0.041748046875,0.31298828125,4.436999999999999
1.0534351145038168,-30.9618320610687,-7.862595419847328,-0.228759765625,-0.042724609375,0.3134765625,4.4387
1.083969465648855,-31.51145038167939,-7.984732824427481,-0.228515625,-0.038330078125,0.32177734375,4.4403999999999995
0.9312977099236641,-31.96946564885496,-8.16793893129771,-0.223876953125,-0.04052734375,0.32080078125,4.4421
0.8549618320610687,-32.13740458015267,-8.076335877862595,-0.223876953125,-0.046142578125,0.318115234375,4.4437999999999995
0.42748091603053434,-32.33587786259542,-8.0,-0.22314453125,-0.04541015625,0.318359375,4.4455
0.5190839694656488,-32.61068702290076,-8.381679389312977,-0.22509765625,-0.047119140625,0.33447265625,4.4472
0.6106870229007634,-32.93129770992366,-8.274809160305344,-0.227294921875,-0.047607421875,0.3193359375,4.4489
0.33587786259541985,-32.778625954198475,-8.335877862595419,-0.232421875,-0.0458984375,0.32275390625,4.4506
0.4732824427480916,-33.23664122137404,-8.458015267175572,-0.2314453125,-0.04443359375,0.33154296875,4.4523
0.3511450381679389,-33.43511450381679,-8.549618320610687,-0.228271484375,-0.04150390625,0.328857421875,4.454
0.0916030534351145,-33.66412213740458,-8.625954198473282,-0.235107421875,-0.049560546875,0.336669921875,4.455699999999999
0.030534351145038167,-33.786259541984734,-8.82442748091603,-0.23779296875,-0.047607421875,0.33740234375,4.4574
0.12213740458015267,-34.01526717557252,-8.625954198473282,-0.238525390625,-0.041015625,0.32421875,4.459099999999999
0.030534351145038167,-34.06106870229008,-8.885496183206106,-0.23876953125,-0.049072265625,0.32666015625,4.4608
-0.030534351145038167,-33.9236641221374,-8.854961832061068,-0.244384765625,-0.045166015625,0.334228515625,4.4624999999999995
-0.13740458015267176,-34.10687022900763,-8.900763358778626,-0.23876953125,-0.045654296875,0.338623046875,4.4642
-0.061068702290076333,-33.93893129770992,-8.80916030534351,-0.2392578125,-0.048583984375,0.34228515625,4.4658999999999995
-0.15267175572519084,-33.770992366412216,-8.641221374045802,-0.23974609375,-0.047607421875,0.333740234375,4.4676
-0.2900763358778626,-33.541984732824424,-8.580152671755725,-0.243408203125,-0.046875,0.3388671875,4.4693
-0.15267175572519084,-33.221374045801525,-8.67175572519084,-0.2451171875,-0.044921875,0.3388671875,4.471
-0.366412213740458,-33.038167938931295,-8.458015267175572,-0.24560546875,-0.046875,0.347900390625,4.4727
-0.4122137404580153,-32.61068702290076,-8.381679389312977,-0.24853515625,-0.042236328125,0.3369140625,4.4744
-0.42748091603053434,-32.229007633587784,-8.366412213740459,-0.244140625,-0.038818359375,0.349853515625,4.4761
-0.732824427480916,-31.862595419847327,-8.045801526717558,-0.2412109375,-0.041748046875,0.357177734375,4.477799999999999
-0.5038167938931297,-31.419847328244273,-7.709923664122138,-0.24365234375,-0.041015625,0.347900390625,4.4795
-0.549618320610687,-31.068702290076335,-7.755725190839694,-0.248046875,-0.040283203125,0.345947265625,4.481199999999999
-0.3511450381679389,-30.748091603053435,-7.816793893129771,-0.246337890625,-0.036865234375,0.354248046875,4.4829
-0.7175572519083969,-30.229007633587788,-7.7251908396946565,-0.249755859375,-0.038818359375,0.34912109375,4.4845999999999995
-0.5648854961832062,-29.81679389312977,-7.603053435114504,-0.251708984375,-0.038818359375,0.341064453125,4.4863
-0.6717557251908397,-29.389312977099237,-7.755725190839694,-0.247314453125,-0.03662109375,0.35009765625,4.4879999999999995
-0.8396946564885496,-29.114503816793892,-7.847328244274809,-0.244384765625,-0.036865234375,0.346435546875,4.4897
-0.4580152671755725,-28.580152671755727,-8.045801526717558,-0.25,-0.03466796875,0.35107421875,4.4914
-0.4122137404580153,-28.33587786259542,-8.15267175572519,-0.244384765625,-0.03271484375,0.346923828125,4.4931
-0.3511450381679389,-27.72519083969466,-8.351145038167939,-0.24072265625,-0.032470703125,0.34619140625,4.4948
-0.4732824427480916,-27.557251908396946,-8.50381679389313,-0.246826171875,-0.031494140625,0.344482421875,4.4965
-0.21374045801526717,-27.34351145038168,-8.793893129770993,-0.24365234375,-0.031494140625,0.35107421875,4.4982
-0.44274809160305345,-26.99236641221374,-8.717557251908397,-0.244873046875,-0.038818359375,0.3544921875,4.499899999999999
-0.2900763358778626,-26.641221374045802,-8.931297709923664,-0.24267578125,-0.03564453125,0.3505859375,4.5016
-0.48854961832061067,-26.412213740458014,-9.053435114503817,-0.23779296875,-0.033935546875,0.35009765625,4.503299999999999
-0.6412213740458015,-25.984732824427482,-9.007633587786259,-0.242431640625,-0.029541015625,0.3466796875,4.505
-0.1984732824427481,-25.755725190839694,-9.267175572519085,-0.239013671875,-0.03662109375,0.347412109375,4.5066999999999995
-0.3053435114503817,-25.358778625954198,-9.267175572519085,-0.240478515625,-0.03271484375,0.345703125,4.5084
-0.33587786259541985,-25.16030534351145,-9.312977099236642,-0.236572265625,-0.03369140625,0.35400390625,4.5100999999999996
-0.16793893129770993,-24.82442748091603,-9.511450381679388,-0.233154296875,-0.034912109375,0.352783203125,4.5118
-0.2595419847328244,-24.82442748091603,-9.48091603053435,-0.237060546875,-0.04443359375,0.348876953125,4.5135
-0.3053435114503817,-24.38167938931298,-9.450381679389313,-0.2373046875,-0.040283203125,0.343994140625,4.5152
-0.07633587786259542,-24.259541984732824,-9.511450381679388,-0.234130859375,-0.04443359375,0.34375,4.5169
0.24427480916030533,-24.091603053435115,-9.358778625954198,-0.23681640625,-0.041015625,0.33935546875,4.5186
0.015267175572519083,-23.893129770992367,-9.48091603053435,-0.2392578125,-0.03515625,0.338623046875,4.5203
0.030534351145038167,-23.954198473282442,-9.465648854961833,-0.237060546875,-0.04833984375,0.349365234375,4.521999999999999
0.15267175572519084,-23.51145038167939,-9.450381679389313,-0.237060546875,-0.04248046875,0.343994140625,4.5237
0.16793893129770993,-23.358778625954198,-9.267175572519085,-0.229736328125,-0.043212890625,0.346435546875,4.525399999999999
0.3969465648854962,-23.00763358778626,-9.282442748091603,-0.23779296875,-0.051025390625,0.343994140625,4.5271
0.2900763358778626,-22.870229007633586,-9.053435114503817,-0.23779296875,-0.048828125,0.345703125,4.5287999999999995
0.061068702290076333,-22.33587786259542,-8.977099236641221,-0.234130859375,-0.043701171875,0.349853515625,4.5305
0.32061068702290074,-22.198473282442748,-8.82442748091603,-0.230712890625,-0.046142578125,0.33935546875,4.5322
0.5648854961832062,-22.061068702290076,-8.778625954198473,-0.232421875,-0.051513671875,0.347412109375,4.5339
0.6412213740458015,-21.541984732824428,-8.778625954198473,-0.228759765625,-0.0478515625,0.349609375,4.5356
0.5648854961832062,-21.49618320610687,-8.717557251908397,-0.232177734375,-0.0390625,0.3505859375,4.5373
0.6870229007633588,-21.404580152671755,-8.442748091603054,-0.232177734375,-0.046142578125,0.35009765625,4.539
0.6106870229007634,-21.068702290076335,-8.564885496183207,-0.232177734375,-0.0458984375,0.354736328125,4.5407
0.8854961832061069,-21.0381679389313,-8.274809160305344,-0.22265625,-0.047119140625,0.345458984375,4.5424
0.7633587786259542,-21.022900763358777,-8.396946564885496,-0.22216796875,-0.0478515625,0.351318359375,4.544099999999999
0.8702290076335878,-21.022900763358777,-8.473282442748092,-0.222900390625,-0.046875,0.353759765625,4.5458
0.9770992366412213,-20.610687022900763,-8.335877862595419,-0.226318359375,-0.04736328125,0.353271484375,4.547499999999999
0.9007633587786259,-20.748091603053435,-8.335877862595419,-0.218505859375,-0.046142578125,0.33984375,4.5492
0.7633587786259542,-20.702290076335878,-8.641221374045802,-0.217041015625,-0.05029296875,0.360107421875,4.5508999999999995
1.1908396946564885,-20.900763358778626,-8.534351145038167,-0.22119140625,-0.047119140625,0.361328125,4.5526
1.1755725190839694,-20.610687022900763,-8.687022900763358,-0.22265625,-0.04736328125,0.355712890625,4.5543
1.0381679389312977,-20.82442748091603,-8.580152671755725,-0.2216796875,-0.05126953125,0.35791015625,4.556
1.1603053435114503,-20.80916030534351,-8.83969465648855,-0.22119140625,-0.0537109375,0.35986328125,4.5577
1.3740458015267176,-20.641221374045802,-8.625954198473282,-0.214599609375,-0.041015625,0.353271484375,4.5594
1.2671755725190839,-20.732824427480917,-8.748091603053435,-0.217041015625,-0.038818359375,0.357421875,4.5611
1.6641221374045803,-20.946564885496183,-8.702290076335878,-0.219970703125,-0.0400390625,0.353759765625,4.5628
1.7251908396946565,-20.564885496183205,-8.793893129770993,-0.223388671875,-0.04296875,0.363525390625,4.5645
1.5114503816793894,-20.229007633587788,-9.022900763358779,-0.22216796875,-0.0478515625,0.355712890625,4.566199999999999
1.7404580152671756,-20.076335877862597,-8.992366412213741,-0.224609375,-0.048828125,0.36083984375,4.5679
1.816793893129771,-20.045801526717558,-8.793893129770993,-0.2255859375,-0.0439453125,0.364990234375,4.569599999999999
1.8931297709923665,-19.801526717557252,-9.114503816793894,-0.227783203125,-0.045654296875,0.358154296875,4.5713
1.7557251908396947,-19.450381679389313,-9.068702290076336,-0.228759765625,-0.03759765625,0.360595703125,4.5729999999999995
1.8473282442748091,-19.114503816793892,-9.16030534351145,-0.224853515625,-0.038818359375,0.361572265625,4.5747
1.9236641221374047,-18.83969465648855,-9.236641221374045,-0.2275390625,-0.0400390625,0.35546875,4.5764
1.9389312977099236,-18.442748091603054,-9.282442748091603,-0.23046875,-0.041015625,0.366943359375,4.5781
1.5419847328244274,-18.0,-9.221374045801527,-0.229248046875,-0.04150390625,0.361572265625,4.5798
2.0763358778625953,-17.709923664122137,-9.587786259541986,-0.233154296875,-0.04541015625,0.359619140625,4.5815
1.984732824427481,-17.236641221374047,-9.419847328244275,-0.233642578125,-0.037841796875,0.36181640625,4.5832
1.7709923664122138,-16.870229007633586,-9.633587786259541,-0.2353515625,-0.0419921875,0.3583984375,4.584899999999999
1.9083969465648856,-16.50381679389313,-9.557251908396946,-0.2294921875,-0.0439453125,0.36279296875,4.5866
1.786259541984733,-15.923664122137405,-9.679389312977099,-0.233154296875,-0.04443359375,0.35400390625,4.588299999999999
1.9541984732824427,-15.465648854961833,-9.648854961832061,-0.233642578125,-0.04248046875,0.359130859375,4.59
1.9236641221374047,-14.992366412213741,-9.572519083969466,-0.232421875,-0.044921875,0.356201171875,4.5916999999999994
1.786259541984733,-14.458015267175572,-9.526717557251908,-0.226806640625,-0.043701171875,0.360107421875,4.5934
2.16793893129771,-14.15267175572519,-9.572519083969466,-0.2353515625,-0.046142578125,0.3603515625,4.5950999999999995
2.122137404580153,-13.603053435114504,-9.129770992366412,-0.234375,-0.044189453125,0.357666015625,4.5968
1.9236641221374047,-13.282442748091603,-9.32824427480916,-0.233642578125,-0.046630859375,0.362548828125,4.5985
1.9083969465648856,-12.885496183206106,-9.16030534351145,-0.2333984375,-0.043701171875,0.357177734375,4.6002
2.1374045801526718,-12.366412213740459,-8.977099236641221,-0.22705078125,-0.047607421875,0.360107421875,4.6019
2.1068702290076335,-12.229007633587786,-8.885496183206106,-0.22607421875,-0.04345703125,0.36279296875,4.6036
2.045801526717557,-11.86259541984733,-8.977099236641221,-0.230224609375,-0.048828125,0.353271484375,4.6053
2.213740458015267,-11.511450381679388,-8.885496183206106,-0.225341796875,-0.0478515625,0.359619140625,4.606999999999999
2.030534351145038,-10.870229007633588,-8.854961832061068,-0.222412109375,-0.046630859375,0.36376953125,4.6087
2.198473282442748,-10.610687022900763,-8.488549618320612,-0.226318359375,-0.048583984375,0.359619140625,4.610399999999999
2.122137404580153,-10.427480916030534,-8.641221374045802,-0.221435546875,-0.047607421875,0.3564453125,4.6121
2.030534351145038,-10.412213740458014,-8.50381679389313,-0.224853515625,-0.04736328125,0.354248046875,4.6137999999999995
2.0916030534351147,-10.13740458015267,-8.213740458015268,-0.224853515625,-0.05078125,0.34814453125,4.6155
2.122137404580153,-9.694656488549619,-8.16793893129771,-0.21923828125,-0.05224609375,0.35009765625,4.6171999999999995
2.0916030534351147,-9.49618320610687,-8.381679389312977,-0.2197265625,-0.04931640625,0.351806640625,4.6189
1.984732824427481,-9.557251908396946,-8.13740458015267,-0.21630859375,-0.0478515625,0.36767578125,4.6206
2.2442748091603053,-9.435114503816793,-7.969465648854962,-0.2197265625,-0.048828125,0.356201171875,4.6223
2.4427480916030535,-9.114503816793894,-7.8320610687022905,-0.218505859375,-0.051513671875,0.343994140625,4.624
2.0610687022900764,-9.068702290076336,-7.740458015267175,-0.213134765625,-0.05126953125,0.352783203125,4.6257
1.8625954198473282,-9.099236641221374,-7.419847328244275,-0.212646484375,-0.052734375,0.3515625,4.6274
2.1068702290076335,-8.702290076335878,-7.541984732824427,-0.213623046875,-0.052734375,0.35107421875,4.629099999999999
2.0,-8.610687022900763,-7.114503816793893,-0.212158203125,-0.050048828125,0.3466796875,4.6308
2.1374045801526718,-8.687022900763358,-7.00763358778626,-0.20849609375,-0.0556640625,0.3505859375,4.632499999999999
1.984732824427481,-8.580152671755725,-6.900763358778626,-0.204345703125,-0.0546875,0.346435546875,4.6342
1.9236641221374047,-8.351145038167939,-6.931297709923665,-0.209716796875,-0.054443359375,0.33740234375,4.6358999999999995
1.9389312977099236,-8.458015267175572,-6.534351145038168,-0.215087890625,-0.057373046875,0.34423828125,4.6376
2.1068702290076335,-8.198473282442748,-6.366412213740458,-0.20361328125,-0.055908203125,0.341796875,4.6392999999999995
1.8015267175572518,-8.351145038167939,-6.1679389312977095,-0.201904296875,-0.0537109375,0.343505859375,4.641
1.9236641221374047,-8.610687022900763,-6.152671755725191,-0.2021484375,-0.056640625,0.34814453125,4.6427
1.9389312977099236,-8.335877862595419,-5.755725190839694,-0.201416015625,-0.058837890625,0.344482421875,4.6444
1.618320610687023,-8.442748091603054,-5.511450381679389,-0.202880859375,-0.05810546875,0.349365234375,4.6461
1.6946564885496183,-8.274809160305344,-5.145038167938932,-0.20849609375,-0.054931640625,0.343017578125,4.6478
1.6641221374045803,-8.106870229007633,-4.916030534351145,-0.2001953125,-0.05859375,0.33984375,4.6495
1.7099236641221374,-8.15267175572519,-4.717557251908397,-0.209716796875,-0.0576171875,0.337158203125,4.651199999999999
1.9541984732824427,-8.396946564885496,-4.534351145038168,-0.205322265625,-0.05810546875,0.33740234375,4.6529
2.0,-8.458015267175572,-4.549618320610687,-0.1982421875,-0.0546875,0.343017578125,4.654599999999999
2.0,-8.610687022900763,-4.3816793893129775,-0.205078125,-0.056396484375,0.335693359375,4.6563
1.7557251908396947,-8.641221374045802,-4.061068702290076,-0.20166015625,-0.055419921875,0.344970703125,4.6579999999999995
1.7709923664122138,-8.65648854961832,-4.061068702290076,-0.2021484375,-0.05419921875,0.339599609375,4.6597
1.9236641221374047,-8.717557251908397,-3.954198473282443,-0.200439453125,-0.05322265625,0.335205078125,4.6613999999999995
1.83206106870229,-8.900763358778626,-3.9236641221374047,-0.203857421875,-0.052734375,0.328125,4.6631
1.7557251908396947,-8.916030534351146,-3.984732824427481,-0.1953125,-0.0576171875,0.33740234375,4.6648
1.3435114503816794,-9.099236641221374,-4.106870229007634,-0.2041015625,-0.05419921875,0.333984375,4.6665
1.3282442748091603,-8.778625954198473,-4.0,-0.200927734375,-0.052001953125,0.336669921875,4.6682
1.282442748091603,-9.068702290076336,-3.969465648854962,-0.19970703125,-0.0517578125,0.33642578125,4.6699
1.1908396946564885,-9.17557251908397,-4.259541984732825,-0.19775390625,-0.04736328125,0.333251953125,4.6716
1.3435114503816794,-9.038167938931299,-4.244274809160306,-0.19677734375,-0.05712890625,0.333251953125,4.673299999999999
1.251908396946565,-9.19083969465649,-4.320610687022901,-0.19580078125,-0.05810546875,0.3271484375,4.675
0.8396946564885496,-9.19083969465649,-4.396946564885496,-0.192626953125,-0.051025390625,0.3271484375,4.676699999999999
0.8702290076335878,-9.236641221374045,-4.3816793893129775,-0.203125,-0.05908203125,0.334228515625,4.6784
0.7786259541984732,-9.32824427480916,-4.534351145038168,-0.19970703125,-0.060302734375,0.333740234375,4.6800999999999995
0.6259541984732825,-9.49618320610687,-4.488549618320611,-0.197509765625,-0.05322265625,0.33544921875,4.6818
0.3816793893129771,-9.526717557251908,-4.702290076335878,-0.1943359375,-0.05859375,0.331298828125,4.6834999999999996
0.366412213740458,-9.603053435114504,-4.473282442748092,-0.195556640625,-0.05859375,0.32861328125,4.6852
0.22900763358778625,-9.801526717557252,-4.793893129770993,-0.189697265625,-0.053466796875,0.3271484375,4.6869
-0.061068702290076333,-9.86259541984733,-4.763358778625954,-0.192138671875,-0.0595703125,0.326904296875,4.6886
-0.12213740458015267,-9.83206106870229,-4.748091603053435,-0.196044921875,-0.056396484375,0.336181640625,4.6903
-0.2748091603053435,-10.045801526717558,-4.778625954198473,-0.19189453125,-0.052734375,0.334716796875,4.692
-0.21374045801526717,-10.320610687022901,-4.793893129770993,-0.196533203125,-0.05322265625,0.33251953125,4.6937
-0.5038167938931297,-10.473282442748092,-4.931297709923665,-0.19970703125,-0.057373046875,0.323486328125,4.695399999999999
-0.4732824427480916,-10.549618320610687,-4.931297709923665,-0.1923828125,-0.05419921875,0.321044921875,4.6971
-0.549618320610687,-10.564885496183207,-4.961832061068702,-0.193115234375,-0.056396484375,0.31640625,4.698799999999999
-0.6870229007633588,-10.65648854961832,-4.824427480916031,-0.1875,-0.055419921875,0.32958984375,4.7005
-0.9465648854961832,-11.236641221374045,-4.9465648854961835,-0.188720703125,-0.05859375,0.330078125,4.7021999999999995
-1.0534351145038168,-11.282442748091603,-4.931297709923665,-0.189208984375,-0.053955078125,0.33544921875,4.7039
-1.0229007633587786,-11.526717557251908,-5.083969465648855,-0.196533203125,-0.052734375,0.337646484375,4.7056
-1.0381679389312977,-11.34351145038168,-4.961832061068702,-0.19140625,-0.05224609375,0.32763671875,4.7073
-1.282442748091603,-11.877862595419847,-4.99236641221374,-0.190185546875,-0.0537109375,0.33349609375,4.709
-1.3740458015267176,-12.076335877862595,-5.175572519083969,-0.186279296875,-0.051513671875,0.330322265625,4.7107
-1.5267175572519085,-12.13740458015267,-5.114503816793893,-0.1884765625,-0.05419921875,0.33203125,4.7124
-1.786259541984733,-12.106870229007633,-5.099236641221374,-0.191650390625,-0.0576171875,0.3310546875,4.7141
-1.6946564885496183,-12.473282442748092,-5.32824427480916,-0.192138671875,-0.04931640625,0.32861328125,4.7158
-1.7404580152671756,-12.763358778625955,-5.297709923664122,-0.18505859375,-0.04931640625,0.321044921875,4.717499999999999
-1.8015267175572518,-12.992366412213741,-5.343511450381679,-0.189208984375,-0.04931640625,0.3310546875,4.7192
-1.816793893129771,-13.068702290076336,-5.435114503816794,-0.1884765625,-0.046875,0.33349609375,4.720899999999999
-2.213740458015267,-13.19083969465649,-5.694656488549619,-0.1923828125,-0.0498046875,0.32568359375,4.7226
-2.030534351145038,-13.648854961832061,-5.770992366412214,-0.189208984375,-0.0478515625,0.33154296875,4.7242999999999995
-1.984732824427481,-13.679389312977099,-5.847328244274809,-0.191650390625,-0.0576171875,0.33154296875,4.726
-2.213740458015267,-14.15267175572519,-5.679389312977099,-0.18798828125,-0.0517578125,0.3408203125,4.7277
-2.3053435114503817,-14.259541984732824,-5.755725190839694,-0.184814453125,-0.044677734375,0.332275390625,4.7294
-2.5343511450381677,-14.65648854961832,-5.7251908396946565,-0.189453125,-0.05029296875,0.32666015625,4.7311
-2.687022900763359,-14.625954198473282,-5.9541984732824424,-0.1875,-0.052490234375,0.322509765625,4.7328
-2.6564885496183206,-14.67175572519084,-5.893129770992366,-0.19384765625,-0.052490234375,0.33447265625,4.7345
-2.427480916030534,-15.022900763358779,-5.740458015267175,-0.1865234375,-0.050048828125,0.334228515625,4.736199999999999
-2.50381679389313,-15.068702290076336,-5.740458015267175,-0.189697265625,-0.04541015625,0.3359375,4.7379
-2.4122137404580153,-15.19083969465649,-5.847328244274809,-0.194091796875,-0.0478515625,0.33349609375,4.739599999999999
-2.4122137404580153,-15.312977099236642,-5.709923664122138,-0.1904296875,-0.0546875,0.328125,4.7413
-2.6564885496183206,-15.19083969465649,-5.7251908396946565,-0.187744140625,-0.048828125,0.33349609375,4.742999999999999
-2.4885496183206106,-15.16030534351145,-5.358778625954199,-0.19189453125,-0.052978515625,0.33056640625,4.7447
-2.6412213740458017,-15.389312977099237,-5.541984732824427,-0.197265625,-0.05419921875,0.3310546875,4.7463999999999995
-2.6412213740458017,-15.236641221374045,-5.419847328244275,-0.192626953125,-0.05126953125,0.335205078125,4.7481
-2.33587786259542,-15.19083969465649,-5.435114503816794,-0.1884765625,-0.048583984375,0.328857421875,4.7498
-2.50381679389313,-15.450381679389313,-5.083969465648855,-0.1923828125,-0.05126953125,0.3310546875,4.7515
-2.717557251908397,-15.618320610687023,-5.267175572519084,-0.191650390625,-0.046630859375,0.336669921875,4.7532
-2.595419847328244,-15.526717557251908,-5.068702290076335,-0.19482421875,-0.05029296875,0.333251953125,4.7549
-2.50381679389313,-15.709923664122137,-5.114503816793893,-0.184814453125,-0.048583984375,0.34033203125,4.7566
-2.4580152671755724,-15.86259541984733,-4.809160305343512,-0.18701171875,-0.047119140625,0.3447265625,4.758299999999999
-2.595419847328244,-15.83206106870229,-5.114503816793893,-0.18408203125,-0.051513671875,0.336669921875,4.76
-2.4732824427480917,-16.091603053435115,-5.00763358778626,-0.189208984375,-0.05078125,0.34375,4.761699999999999
-2.6564885496183206,-16.198473282442748,-4.656488549618321,-0.1826171875,-0.0478515625,0.33935546875,4.7634
-2.687022900763359,-16.564885496183205,-4.885496183206107,-0.179931640625,-0.04736328125,0.340576171875,4.7650999999999994
-2.549618320610687,-16.65648854961832,-4.763358778625954,-0.1875,-0.05517578125,0.333251953125,4.7668
-2.4732824427480917,-16.80916030534351,-4.702290076335878,-0.179443359375,-0.048583984375,0.33447265625,4.7684999999999995
-2.5801526717557253,-17.206106870229007,-4.732824427480916,-0.1787109375,-0.050048828125,0.328857421875,4.7702
-2.50381679389313,-17.297709923664122,-4.6106870229007635,-0.1728515625,-0.05029296875,0.331787109375,4.7719
-2.4885496183206106,-17.72519083969466,-4.8396946564885495,-0.166748046875,-0.054931640625,0.33447265625,4.7736
-2.381679389312977,-18.244274809160306,-4.809160305343512,-0.1748046875,-0.054443359375,0.336669921875,4.7753
-2.0610687022900764,-18.50381679389313,-4.870229007633588,-0.177001953125,-0.048095703125,0.343017578125,4.777
-2.33587786259542,-19.083969465648856,-4.870229007633588,-0.178466796875,-0.044189453125,0.33251953125,4.7787
-2.183206106870229,-19.282442748091604,-4.748091603053435,-0.17578125,-0.045654296875,0.336669921875,4.780399999999999
-2.0763358778625953,-19.66412213740458,-4.687022900763359,-0.171630859375,-0.04833984375,0.341552734375,4.7821
-1.7557251908396947,-20.35114503816794,-4.931297709923665,-0.174072265625,-0.046630859375,0.34375,4.783799999999999
-2.0610687022900764,-20.80916030534351,-4.580152671755725,-0.170654296875,-0.045654296875,0.3466796875,4.7855
-1.9236641221374047,-21.374045801526716,-4.717557251908397,-0.169921875,-0.0546875,0.33544921875,4.7871999999999995
-1.7099236641221374,-22.061068702290076,-4.427480916030534,-0.171875,-0.04248046875,0.347412109375,4.7889
-1.4045801526717556,-22.50381679389313,-4.473282442748092,-0.171630859375,-0.051025390625,0.35107421875,4.7905999999999995
-1.3587786259541985,-23.099236641221374,-4.488549618320611,-0.1748046875,-0.0498046875,0.36328125,4.7923
-1.2061068702290076,-23.572519083969464,-4.595419847328245,-0.17333984375,-0.047119140625,0.352783203125,4.794
-1.2061068702290076,-23.908396946564885,-4.3816793893129775,-0.17919921875,-0.04931640625,0.35205078125,4.7957
-0.9770992366412213,-24.366412213740457,-4.595419847328245,-0.175048828125,-0.051025390625,0.355712890625,4.7974
-0.9007633587786259,-24.732824427480917,-4.564885496183206,-0.17919921875,-0.043701171875,0.35009765625,4.7991
-0.6717557251908397,-24.9618320610687,-4.900763358778626,-0.182373046875,-0.042236328125,0.353271484375,4.8008
-0.5954198473282443,-24.931297709923665,-5.022900763358779,-0.181884765625,-0.04541015625,0.351806640625,4.802499999999999
-0.4122137404580153,-25.053435114503817,-5.175572519083969,-0.185302734375,-0.041748046875,0.3623046875,4.8042
-0.12213740458015267,-25.17557251908397,-5.465648854961832,-0.193359375,-0.037353515625,0.353271484375,4.805899999999999
0.07633587786259542,-25.297709923664122,-5.66412213740458,-0.19287109375,-0.04052734375,0.358642578125,4.8076
0.16793893129770993,-25.129770992366414,-5.938931297709924,-0.19775390625,-0.037841796875,0.3603515625,4.8092999999999995
0.3511450381679389,-24.82442748091603,-6.213740458015267,-0.19921875,-0.0380859375,0.359619140625,4.811
0.5190839694656488,-24.3206106870229,-6.6106870229007635,-0.2001953125,-0.037353515625,0.359619140625,4.8126999999999995
0.732824427480916,-24.076335877862597,-6.900763358778626,-0.198486328125,-0.0419921875,0.359130859375,4.8144
0.6106870229007634,-23.64885496183206,-6.885496183206107,-0.2041015625,-0.034423828125,0.35791015625,4.8161
0.8854961832061069,-23.114503816793892,-7.374045801526718,-0.199951171875,-0.033935546875,0.366943359375,4.8178
1.0076335877862594,-22.83969465648855,-7.404580152671755,-0.201904296875,-0.03466796875,0.360107421875,4.8195
0.8702290076335878,-22.27480916030534,-7.8320610687022905,-0.20556640625,-0.035888671875,0.367919921875,4.8212
1.0076335877862594,-21.6793893129771,-7.923664122137405,-0.206787109375,-0.0341796875,0.36572265625,4.8229
0.9007633587786259,-20.9618320610687,-7.877862595419847,-0.20849609375,-0.03466796875,0.36376953125,4.824599999999999
1.099236641221374,-20.53435114503817,-8.16793893129771,-0.20068359375,-0.03173828125,0.376708984375,4.8263
1.465648854961832,-19.801526717557252,-8.50381679389313,-0.20263671875,-0.035400390625,0.37158203125,4.827999999999999
1.1755725190839694,-19.099236641221374,-8.702290076335878,-0.2021484375,-0.036376953125,0.36669921875,4.8297
1.2671755725190839,-18.595419847328245,-8.793893129770993,-0.20263671875,-0.0400390625,0.36474609375,4.8313999999999995
1.3587786259541985,-18.38167938931298,-8.595419847328245,-0.2041015625,-0.04052734375,0.372314453125,4.8331
1.83206106870229,-17.6793893129771,-8.65648854961832,-0.20068359375,-0.037353515625,0.365966796875,4.8347999999999995
1.816793893129771,-17.0381679389313,-8.67175572519084,-0.197509765625,-0.037841796875,0.3583984375,4.8365
1.8931297709923665,-16.9618320610687,-8.977099236641221,-0.196044921875,-0.04150390625,0.3623046875,4.8382
1.9083969465648856,-16.702290076335878,-8.82442748091603,-0.197265625,-0.044189453125,0.357421875,4.8399
2.213740458015267,-16.16793893129771,-8.992366412213741,-0.198974609375,-0.0400390625,0.368408203125,4.8416
2.381679389312977,-16.045801526717558,-8.854961832061068,-0.194580078125,-0.038330078125,0.363525390625,4.8433
2.2442748091603053,-16.12213740458015,-8.793893129770993,-0.183349609375,-0.047119140625,0.358154296875,4.845
2.427480916030534,-15.86259541984733,-8.702290076335878,-0.185302734375,-0.04541015625,0.361328125,4.846699999999999
2.366412213740458,-15.770992366412214,-8.793893129770993,-0.188232421875,-0.05078125,0.35888671875,4.8484
2.198473282442748,-16.045801526717558,-8.610687022900763,-0.190673828125,-0.04248046875,0.3623046875,4.850099999999999
2.366412213740458,-15.526717557251908,-8.595419847328245,-0.18310546875,-0.04443359375,0.36376953125,4.8518
2.3969465648854964,-15.603053435114504,-8.564885496183207,-0.185546875,-0.047607421875,0.360107421875,4.8534999999999995
2.6259541984732824,-15.740458015267176,-8.65648854961832,-0.1796875,-0.04296875,0.36279296875,4.8552
2.5343511450381677,-15.526717557251908,-8.442748091603054,-0.18310546875,-0.04931640625,0.353515625,4.8568999999999996
2.4580152671755724,-15.648854961832061,-8.641221374045802,-0.1806640625,-0.045654296875,0.355712890625,4.8586
2.595419847328244,-15.48091603053435,-8.412213740458014,-0.18017578125,-0.049560546875,0.3525390625,4.8603
2.4885496183206106,-15.618320610687023,-8.51908396946565,-0.1806640625,-0.0478515625,0.360107421875,4.862
2.6717557251908395,-15.740458015267176,-8.381679389312977,-0.17431640625,-0.0458984375,0.35107421875,4.8637
2.4122137404580153,-15.618320610687023,-8.335877862595419,-0.17138671875,-0.051025390625,0.359619140625,4.8654
2.6412213740458017,-15.618320610687023,-8.351145038167939,-0.169921875,-0.049072265625,0.36572265625,4.8671
2.366412213740458,-15.755725190839694,-8.366412213740459,-0.173095703125,-0.044189453125,0.37353515625,4.868799999999999
2.4580152671755724,-15.938931297709924,-8.458015267175572,-0.16943359375,-0.047607421875,0.365478515625,4.8705
2.351145038167939,-15.83206106870229,-8.580152671755725,-0.171142578125,-0.045166015625,0.358642578125,4.872199999999999
2.2900763358778624,-16.106870229007633,-8.442748091603054,-0.16650390625,-0.047119140625,0.363525390625,4.8739
2.33587786259542,-16.427480916030536,-8.641221374045802,-0.16748046875,-0.048095703125,0.36279296875,4.8755999999999995
2.198473282442748,-16.396946564885496,-8.83969465648855,-0.166259765625,-0.047119140625,0.35986328125,4.8773
2.0610687022900764,-16.778625954198475,-9.206106870229007,-0.16845703125,-0.046630859375,0.362548828125,4.879
2.0610687022900764,-16.99236641221374,-9.374045801526718,-0.165771484375,-0.04833984375,0.361083984375,4.8807
1.618320610687023,-17.52671755725191,-9.633587786259541,-0.1689453125,-0.04736328125,0.358154296875,4.8824
1.7404580152671756,-17.770992366412212,-9.969465648854962,-0.16455078125,-0.0478515625,0.351806640625,4.8841
2.030534351145038,-18.076335877862597,-10.335877862595419,-0.164794921875,-0.043212890625,0.35986328125,4.8858
1.9236641221374047,-18.396946564885496,-10.67175572519084,-0.157470703125,-0.043701171875,0.366943359375,4.887499999999999
1.8015267175572518,-18.68702290076336,-11.022900763358779,-0.16162109375,-0.046875,0.373291015625,4.8892
1.7099236641221374,-19.00763358778626,-11.19083969465649,-0.16162109375,-0.048095703125,0.37109375,4.890899999999999
1.8473282442748091,-19.389312977099237,-11.633587786259541,-0.15966796875,-0.04541015625,0.36865234375,4.8926
1.9541984732824427,-19.770992366412212,-12.045801526717558,-0.1630859375,-0.04541015625,0.37646484375,4.894299999999999
1.8778625954198473,-19.72519083969466,-12.122137404580153,-0.16357421875,-0.04345703125,0.36376953125,4.896
1.8778625954198473,-20.35114503816794,-12.65648854961832,-0.166259765625,-0.046142578125,0.366943359375,4.8976999999999995
2.198473282442748,-20.198473282442748,-13.022900763358779,-0.162353515625,-0.041259765625,0.367431640625,4.8994
1.8473282442748091,-20.396946564885496,-13.34351145038168,-0.164794921875,-0.048095703125,0.371826171875,4.9011
2.122137404580153,-20.458015267175572,-13.603053435114504,-0.1650390625,-0.048828125,0.363525390625,4.9028
2.2595419847328246,-20.625954198473284,-13.954198473282442,-0.171875,-0.048828125,0.37451171875,4.9045
2.0,-20.68702290076336,-14.366412213740459,-0.174072265625,-0.049560546875,0.378662109375,4.9062
1.5572519083969465,-20.53435114503817,-14.65648854961832,-0.175048828125,-0.054443359375,0.37451171875,4.9079
1.7099236641221374,-20.564885496183205,-15.007633587786259,-0.177001953125,-0.056884765625,0.370361328125,4.909599999999999
1.465648854961832,-20.290076335877863,-15.16030534351145,-0.1787109375,-0.055419921875,0.378662109375,4.9113
1.099236641221374,-20.27480916030534,-15.267175572519085,-0.1787109375,-0.05810546875,0.378173828125,4.912999999999999
0.9923664122137404,-20.061068702290076,-15.603053435114504,-0.1806640625,-0.056884765625,0.37548828125,4.9147
1.099236641221374,-20.0,-15.86259541984733,-0.183837890625,-0.060546875,0.3740234375,4.916399999999999
0.9465648854961832,-19.587786259541986,-15.755725190839694,-0.186767578125,-0.0576171875,0.37451171875,4.9181
0.8396946564885496,-19.083969465648856,-15.786259541984732,-0.19091796875,-0.058837890625,0.373779296875,4.9197999999999995
0.6412213740458015,-18.641221374045802,-15.618320610687023,-0.19189453125,-0.06201171875,0.383544921875,4.9215
0.7938931297709924,-18.595419847328245,-15.664122137404581,-0.19287109375,-0.064697265625,0.3671875,4.9232
0.7633587786259542,-17.87786259541985,-15.312977099236642,-0.19140625,-0.06396484375,0.38525390625,4.9249
0.7938931297709924,-16.916030534351144,-15.038167938931299,-0.192138671875,-0.0634765625,0.379150390625,4.9266
1.083969465648855,-16.580152671755727,-14.961832061068701,-0.18798828125,-0.065673828125,0.3662109375,4.9283
0.7938931297709924,-15.86259541984733,-14.51908396946565,-0.190185546875,-0.068603515625,0.380615234375,4.93
0.7633587786259542,-15.48091603053435,-14.15267175572519,-0.187744140625,-0.0654296875,0.37646484375,4.931699999999999
1.1450381679389312,-14.687022900763358,-13.86259541984733,-0.191162109375,-0.06689453125,0.38330078125,4.9334
0.9770992366412213,-14.213740458015268,-13.48091603053435,-0.185791015625,-0.067626953125,0.38134765625,4.935099999999999
0.9770992366412213,-13.725190839694656,-13.145038167938932,-0.1826171875,-0.068359375,0.38037109375,4.9368
1.1145038167938932,-13.114503816793894,-12.977099236641221,-0.183349609375,-0.0634765625,0.37548828125,4.9384999999999994
1.0687022900763359,-12.854961832061068,-12.931297709923664,-0.1865234375,-0.0625,0.381591796875,4.9402
0.7480916030534351,-12.534351145038167,-12.580152671755725,-0.181640625,-0.0595703125,0.381103515625,4.9418999999999995
0.7938931297709924,-12.320610687022901,-12.580152671755725,-0.1806640625,-0.063232421875,0.367431640625,4.9436
1.0076335877862594,-12.122137404580153,-12.580152671755725,-0.181884765625,-0.05908203125,0.379150390625,4.9453
0.8091603053435115,-11.98473282442748,-12.412213740458014,-0.17919921875,-0.062255859375,0.372802734375,4.947
0.7938931297709924,-11.694656488549619,-12.732824427480915,-0.183349609375,-0.0634765625,0.36767578125,4.9487
0.9007633587786259,-11.541984732824428,-12.534351145038167,-0.18115234375,-0.059814453125,0.3828125,4.9504
1.083969465648855,-11.648854961832061,-12.763358778625955,-0.178466796875,-0.060546875,0.37255859375,4.9521
0.8091603053435115,-11.358778625954198,-12.473282442748092,-0.16943359375,-0.0615234375,0.370361328125,4.953799999999999
0.8396946564885496,-11.206106870229007,-12.549618320610687,-0.178466796875,-0.056640625,0.375,4.9555
1.099236641221374,-11.19083969465649,-12.290076335877863,-0.175048828125,-0.052490234375,0.36962890625,4.957199999999999
1.2213740458015268,-11.007633587786259,-12.335877862595419,-0.173095703125,-0.056640625,0.37158203125,4.9589
1.5572519083969465,-10.65648854961832,-12.01526717557252,-0.174072265625,-0.056396484375,0.36083984375,4.9605999999999995
1.5725190839694656,-10.625954198473282,-11.969465648854962,-0.173095703125,-0.0546875,0.36279296875,4.9623
1.4351145038167938,-10.320610687022901,-11.603053435114504,-0.171875,-0.062255859375,0.368408203125,4.9639999999999995
1.5572519083969465,-10.366412213740459,-11.648854961832061,-0.171875,-0.05615234375,0.367431640625,4.9657
1.7709923664122138,-10.259541984732824,-11.633587786259541,-0.171142578125,-0.0576171875,0.372314453125,4.9674
1.6488549618320612,-10.0,-11.34351145038168,-0.169189453125,-0.056884765625,0.3662109375,4.9691
1.816793893129771,-10.01526717557252,-11.221374045801527,-0.16552734375,-0.060546875,0.366943359375,4.9708
1.6488549618320612,-9.969465648854962,-11.206106870229007,-0.1669921875,-0.060302734375,0.3720703125,4.9725
1.8931297709923665,-9.908396946564885,-10.778625954198473,-0.164794921875,-0.0576171875,0.3681640625,4.9742
1.8625954198473282,-9.877862595419847,-10.885496183206106,-0.16259765625,-0.06005859375,0.361328125,4.975899999999999
2.16793893129771,-10.13740458015267,-10.51908396946565,-0.157958984375,-0.064453125,0.370361328125,4.9776
2.2748091603053435,-10.183206106870228,-10.259541984732824,-0.16455078125,-0.066162109375,0.369384765625,4.979299999999999
1.9389312977099236,-10.290076335877863,-10.274809160305344,-0.163818359375,-0.062255859375,0.370849609375,4.981
2.6412213740458017,-10.473282442748092,-10.076335877862595,-0.15869140625,-0.06494140625,0.364501953125,4.9826999999999995
2.8091603053435112,-10.595419847328245,-9.86259541984733,-0.163330078125,-0.066162109375,0.364501953125,4.9844
2.885496183206107,-10.763358778625955,-9.770992366412214,-0.1650390625,-0.068115234375,0.366455078125,4.9860999999999995
3.236641221374046,-10.82442748091603,-9.49618320610687,-0.165283203125,-0.064453125,0.3623046875,4.9878
3.4198473282442747,-10.946564885496183,-9.358778625954198,-0.156494140625,-0.0625,0.35986328125,4.9895
3.7099236641221376,-11.114503816793894,-9.282442748091603,-0.162353515625,-0.064697265625,0.359619140625,4.9912
3.5572519083969465,-11.007633587786259,-9.16030534351145,-0.162841796875,-0.068603515625,0.363525390625,4.9929
3.66412213740458,-11.145038167938932,-8.900763358778626,-0.162841796875,-0.065673828125,0.365234375,4.9946
4.198473282442748,-11.007633587786259,-8.65648854961832,-0.169677734375,-0.06689453125,0.354248046875,4.9963
4.030534351145038,-10.870229007633588,-8.15267175572519,-0.16845703125,-0.06640625,0.35302734375,4.997999999999999
4.259541984732825,-11.099236641221374,-8.15267175572519,-0.159912109375,-0.070068359375,0.360107421875,4.9997
4.442748091603053,-11.038167938931299,-7.801526717557252,-0.164794921875,-0.065185546875,0.365478515625,5.001399999999999
4.122137404580153,-10.702290076335878,-7.557251908396947,-0.16357421875,-0.0673828125,0.35595703125,5.0031
4.229007633587786,-10.885496183206106,-7.282442748091603,-0.164794921875,-0.072021484375,0.3583984375,5.0047999999999995
4.534351145038168,-10.687022900763358,-7.099236641221374,-0.1689453125,-0.0693359375,0.348388671875,5.0065
4.625954198473282,-10.595419847328245,-6.763358778625954,-0.166259765625,-0.068603515625,0.352783203125,5.0081999999999995
4.854961832061068,-10.458015267175572,-6.595419847328245,-0.159912109375,-0.070556640625,0.35888671875,5.0099
4.580152671755725,-10.458015267175572,-6.137404580152672,-0.166748046875,-0.065185546875,0.361328125,5.0116
4.8396946564885495,-10.381679389312977,-6.152671755725191,-0.162353515625,-0.06884765625,0.363037109375,5.0133
5.221374045801527,-10.259541984732824,-5.816793893129771,-0.163330078125,-0.064697265625,0.358642578125,5.015
5.1603053435114505,-10.305343511450381,-5.908396946564886,-0.1611328125,-0.073486328125,0.36376953125,5.0167
5.114503816793893,-10.351145038167939,-5.6183206106870225,-0.163330078125,-0.06201171875,0.350830078125,5.0184
5.1603053435114505,-10.473282442748092,-5.343511450381679,-0.161865234375,-0.06640625,0.358154296875,5.020099999999999
5.129770992366412,-10.412213740458014,-5.343511450381679,-0.1650390625,-0.06591796875,0.3681640625,5.0218
5.297709923664122,-10.351145038167939,-5.1603053435114505,-0.153076171875,-0.06640625,0.35595703125,5.023499999999999
5.3893129770992365,-10.50381679389313,-5.0534351145038165,-0.155029296875,-0.064453125,0.35693359375,5.0252
5.32824427480916,-10.549618320610687,-5.038167938931298,-0.15576171875,-0.060302734375,0.35693359375,5.0268999999999995
5.3893129770992365,-10.320610687022901,-4.8396946564885495,-0.15625,-0.06640625,0.357666015625,5.0286
5.603053435114504,-10.396946564885496,-5.068702290076335,-0.157958984375,-0.06494140625,0.350830078125,5.0302999999999995
5.587786259541985,-10.351145038167939,-4.961832061068702,-0.15283203125,-0.066162109375,0.356201171875,5.032
5.633587786259542,-10.381679389312977,-5.251908396946565,-0.154541015625,-0.061767578125,0.3564453125,5.0337
5.847328244274809,-10.351145038167939,-4.824427480916031,-0.157958984375,-0.05908203125,0.353759765625,5.0354
5.908396946564886,-10.290076335877863,-5.068702290076335,-0.14990234375,-0.0625,0.357421875,5.0371
5.770992366412214,-10.442748091603054,-5.068702290076335,-0.15283203125,-0.06298828125,0.353759765625,5.038799999999999
5.755725190839694,-10.51908396946565,-5.145038167938932,-0.1513671875,-0.06201171875,0.353271484375,5.0405
5.786259541984733,-10.67175572519084,-5.022900763358779,-0.14990234375,-0.056884765625,0.348388671875,5.042199999999999
5.801526717557252,-10.80916030534351,-5.022900763358779,-0.14990234375,-0.062255859375,0.353759765625,5.0439
5.801526717557252,-11.083969465648854,-4.977099236641221,-0.1484375,-0.058837890625,0.354248046875,5.045599999999999
5.694656488549619,-11.297709923664122,-5.312977099236641,-0.150390625,-0.0673828125,0.3505859375,5.0473
5.480916030534351,-11.664122137404581,-5.0534351145038165,-0.14697265625,-0.062255859375,0.347412109375,5.0489999999999995
5.648854961832061,-11.84732824427481,-4.977099236641221,-0.151123046875,-0.0576171875,0.342529296875,5.0507
5.786259541984733,-12.030534351145038,-4.977099236641221,-0.14697265625,-0.063720703125,0.348876953125,5.0524
5.587786259541985,-12.198473282442748,-4.900763358778626,-0.148193359375,-0.0625,0.343505859375,5.0541
5.480916030534351,-12.335877862595419,-4.824427480916031,-0.143798828125,-0.060546875,0.353759765625,5.0558
5.557251908396947,-12.51908396946565,-4.870229007633588,-0.141357421875,-0.0625,0.3466796875,5.0575
5.145038167938932,-12.900763358778626,-4.900763358778626,-0.147216796875,-0.063720703125,0.34423828125,5.0592
5.374045801526718,-13.053435114503817,-4.687022900763359,-0.14306640625,-0.0634765625,0.3486328125,5.060899999999999
5.1603053435114505,-13.404580152671755,-4.702290076335878,-0.14013671875,-0.067138671875,0.349609375,5.0626
5.083969465648855,-13.404580152671755,-4.6106870229007635,-0.143798828125,-0.062744140625,0.343505859375,5.064299999999999
5.236641221374046,-13.419847328244275,-4.6106870229007635,-0.143310546875,-0.061767578125,0.34326171875,5.066
4.8396946564885495,-13.786259541984732,-4.580152671755725,-0.14013671875,-0.060791015625,0.3505859375,5.067699999999999
5.00763358778626,-13.893129770992367,-4.3816793893129775,-0.144287109375,-0.0615234375,0.347900390625,5.0694
4.656488549618321,-14.15267175572519,-4.488549618320611,-0.14013671875,-0.060302734375,0.345703125,5.0710999999999995
4.778625954198473,-14.351145038167939,-4.641221374045801,-0.1357421875,-0.06884765625,0.3525390625,5.0728
4.809160305343512,-14.427480916030534,-4.6106870229007635,-0.1435546875,-0.05712890625,0.34716796875,5.0745
4.732824427480916,-14.778625954198473,-4.519083969465649,-0.141845703125,-0.055908203125,0.348388671875,5.0762
4.580152671755725,-14.931297709923664,-4.687022900763359,-0.144287109375,-0.06396484375,0.34912109375,5.0779
4.656488549618321,-15.007633587786259,-4.396946564885496,-0.14501953125,-0.061279296875,0.36083984375,5.0796
4.748091603053435,-15.206106870229007,-4.366412213740458,-0.144775390625,-0.064453125,0.355224609375,5.0813
4.564885496183206,-15.526717557251908,-4.2748091603053435,-0.137939453125,-0.060302734375,0.358154296875,5.082999999999999
4.351145038167939,-15.404580152671755,-4.229007633587786,-0.13818359375,-0.06298828125,0.3505859375,5.0847
4.305343511450381,-15.709923664122137,-4.259541984732825,-0.14013671875,-0.059326171875,0.3525390625,5.086399999999999
4.061068702290076,-15.740458015267176,-4.3816793893129775,-0.13525390625,-0.06103515625,0.358154296875,5.0881
4.091603053435114,-16.198473282442748,-4.320610687022901,-0.13818359375,-0.059814453125,0.35986328125,5.089799999999999
3.786259541984733,-16.35114503816794,-4.625954198473282,-0.132080078125,-0.0537109375,0.347412109375,5.0915
3.786259541984733,-16.47328244274809,-4.534351145038168,-0.13525390625,-0.062255859375,0.3505859375,5.0931999999999995
3.6946564885496183,-16.83969465648855,-4.595419847328245,-0.138671875,-0.056640625,0.355712890625,5.0949
3.633587786259542,-17.480916030534353,-4.748091603053435,-0.144775390625,-0.064453125,0.349365234375,5.0966
3.786259541984733,-17.328244274809162,-5.083969465648855,-0.13720703125,-0.06640625,0.34912109375,5.0983
3.7099236641221376,-17.740458015267176,-5.038167938931298,-0.13525390625,-0.068359375,0.354248046875,5.1
3.435114503816794,-17.72519083969466,-5.022900763358779,-0.13671875,-0.0654296875,0.35498046875,5.1017
3.450381679389313,-18.15267175572519,-5.251908396946565,-0.137939453125,-0.066162109375,0.348876953125,5.1034
3.236641221374046,-18.259541984732824,-5.251908396946565,-0.138671875,-0.060791015625,0.34716796875,5.105099999999999
3.053435114503817,-18.213740458015266,-5.190839694656488,-0.13671875,-0.064697265625,0.35302734375,5.1068
2.7938931297709924,-18.27480916030534,-5.3893129770992365,-0.1396484375,-0.066162109375,0.355224609375,5.108499999999999
2.8244274809160306,-18.519083969465647,-5.251908396946565,-0.140380859375,-0.06982421875,0.35302734375,5.1102
2.717557251908397,-18.717557251908396,-5.435114503816794,-0.135498046875,-0.073974609375,0.357666015625,5.1118999999999994
2.381679389312977,-18.641221374045802,-5.343511450381679,-0.1357421875,-0.06591796875,0.348388671875,5.1136
2.3053435114503817,-18.82442748091603,-5.343511450381679,-0.14013671875,-0.0751953125,0.348876953125,5.1152999999999995
1.8778625954198473,-18.80916030534351,-5.435114503816794,-0.140380859375,-0.071533203125,0.356689453125,5.117
1.816793893129771,-18.99236641221374,-5.4961832061068705,-0.139892578125,-0.075439453125,0.3544921875,5.1187
1.7404580152671756,-18.763358778625953,-5.419847328244275,-0.137939453125,-0.069580078125,0.35595703125,5.1204
1.5267175572519085,-18.946564885496183,-5.511450381679389,-0.140380859375,-0.069091796875,0.352294921875,5.1221
1.6030534351145038,-19.19083969465649,-5.282442748091603,-0.1396484375,-0.0703125,0.3564453125,5.1238
1.2671755725190839,-19.068702290076335,-5.603053435114504,-0.13427734375,-0.0654296875,0.354736328125,5.1255
1.282442748091603,-19.282442748091604,-5.603053435114504,-0.13525390625,-0.06689453125,0.36083984375,5.127199999999999
1.297709923664122,-19.740458015267176,-5.343511450381679,-0.13818359375,-0.066650390625,0.359619140625,5.1289
1.0381679389312977,-19.740458015267176,-5.740458015267175,-0.13623046875,-0.0654296875,0.360595703125,5.130599999999999
0.6870229007633588,-19.984732824427482,-5.511450381679389,-0.134521484375,-0.06787109375,0.36181640625,5.1323
0.6717557251908397,-20.137404580152673,-5.404580152671755,-0.1396484375,-0.062255859375,0.364990234375,5.1339999999999995
0.5801526717557252,-20.564885496183205,-5.267175572519084,-0.135009765625,-0.065185546875,0.34814453125,5.1357
0.5801526717557252,-20.458015267175572,-5.1603053435114505,-0.133544921875,-0.064697265625,0.365966796875,5.1373999999999995
0.549618320610687,-20.427480916030536,-5.145038167938932,-0.13818359375,-0.059814453125,0.361572265625,5.1391
0.549618320610687,-20.763358778625953,-5.00763358778626,-0.1337890625,-0.059326171875,0.3603515625,5.1408
0.6106870229007634,-21.053435114503817,-4.732824427480916,-0.14111328125,-0.05810546875,0.36572265625,5.1425
0.9618320610687023,-20.9618320610687,-4.687022900763359,-0.1435546875,-0.0576171875,0.369873046875,5.1442
1.0229007633587786,-21.053435114503817,-4.687022900763359,-0.145751953125,-0.0556640625,0.362548828125,5.1459
0.7786259541984732,-21.16030534351145,-4.6106870229007635,-0.14306640625,-0.0498046875,0.3662109375,5.1476
0.916030534351145,-21.282442748091604,-4.473282442748092,-0.142578125,-0.048828125,0.36865234375,5.149299999999999
0.9618320610687023,-21.19083969465649,-4.3816793893129775,-0.138427734375,-0.05322265625,0.3740234375,5.151
0.9618320610687023,-21.099236641221374,-4.198473282442748,-0.146240234375,-0.05029296875,0.365478515625,5.152699999999999
1.1755725190839694,-20.900763358778626,-4.122137404580153,-0.141845703125,-0.05224609375,0.370361328125,5.1544
1.1755725190839694,-20.793893129770993,-4.076335877862595,-0.142333984375,-0.052734375,0.373291015625,5.1560999999999995
1.0076335877862594,-20.80916030534351,-4.1679389312977095,-0.146240234375,-0.0498046875,0.370361328125,5.1578
1.1603053435114503,-20.38167938931298,-3.618320610687023,-0.144775390625,-0.052001953125,0.3759765625,5.1594999999999995
1.4198473282442747,-20.15267175572519,-3.969465648854962,-0.143798828125,-0.056884765625,0.3798828125,5.1612
1.6030534351145038,-20.091603053435115,-3.7404580152671754,-0.148193359375,-0.05224609375,0.371337890625,5.1629
1.6488549618320612,-20.198473282442748,-3.984732824427481,-0.142822265625,-0.05419921875,0.373291015625,5.1646
1.633587786259542,-19.770992366412212,-3.9236641221374047,-0.1396484375,-0.05712890625,0.374267578125,5.1663
1.8778625954198473,-19.557251908396946,-3.786259541984733,-0.146484375,-0.0478515625,0.37890625,5.168
2.213740458015267,-19.572519083969464,-3.49618320610687,-0.14208984375,-0.051513671875,0.371337890625,5.1697
2.5801526717557253,-19.267175572519083,-3.7099236641221376,-0.145263671875,-0.04931640625,0.37744140625,5.171399999999999
2.854961832061069,-19.17557251908397,-3.267175572519084,-0.139404296875,-0.052734375,0.370361328125,5.1731
2.6717557251908395,-19.083969465648856,-3.1755725190839694,-0.141357421875,-0.055419921875,0.380859375,5.174799999999999
3.0076335877862594,-19.14503816793893,-3.3893129770992365,-0.142578125,-0.056640625,0.3701171875,5.1765
3.480916030534351,-19.0381679389313,-3.1297709923664123,-0.138916015625,-0.0537109375,0.37890625,5.1781999999999995
3.3740458015267176,-19.450381679389313,-2.9160305343511452,-0.14013671875,-0.05322265625,0.37890625,5.1799
3.3740458015267176,-19.068702290076335,-3.099236641221374,-0.138427734375,-0.052734375,0.377197265625,5.1815999999999995
3.6793893129770994,-18.931297709923665,-2.6259541984732824,-0.14208984375,-0.056396484375,0.374267578125,5.1833
3.877862595419847,-18.931297709923665,-2.6412213740458017,-0.14013671875,-0.053955078125,0.384033203125,5.185
4.030534351145038,-18.9618320610687,-2.549618320610687,-0.138671875,-0.05615234375,0.38427734375,5.1867
3.7709923664122136,-18.885496183206108,-2.4885496183206106,-0.14111328125,-0.05322265625,0.381103515625,5.1884
3.8931297709923665,-18.9618320610687,-2.381679389312977,-0.137451171875,-0.05615234375,0.37548828125,5.190099999999999
4.33587786259542,-18.82442748091603,-2.3969465648854964,-0.137939453125,-0.057861328125,0.37646484375,5.1918
4.458015267175573,-18.85496183206107,-2.2595419847328246,-0.133056640625,-0.059814453125,0.381103515625,5.193499999999999
4.427480916030534,-18.610687022900763,-2.1526717557251906,-0.140380859375,-0.054931640625,0.378662109375,5.1952
4.534351145038168,-18.671755725190838,-1.984732824427481,-0.13818359375,-0.059326171875,0.378662109375,5.196899999999999
4.625954198473282,-18.412213740458014,-2.1068702290076335,-0.14013671875,-0.059326171875,0.3779296875,5.1986
4.977099236641221,-18.16793893129771,-2.045801526717557,-0.138427734375,-0.057373046875,0.3798828125,5.2002999999999995
4.702290076335878,-18.290076335877863,-2.0610687022900764,-0.134765625,-0.06494140625,0.3828125,5.202
4.564885496183206,-18.229007633587788,-1.9236641221374047,-0.134033203125,-0.0634765625,0.3857421875,5.2036999999999995
4.900763358778626,-17.96946564885496,-2.0763358778625953,-0.1298828125,-0.067138671875,0.388916015625,5.2054
4.748091603053435,-17.84732824427481,-1.7709923664122138,-0.1328125,-0.065185546875,0.3916015625,5.2071
4.870229007633588,-17.984732824427482,-2.0763358778625953,-0.135986328125,-0.060791015625,0.38818359375,5.2088
4.854961832061068,-17.64885496183206,-1.9694656488549618,-0.14306640625,-0.05908203125,0.38818359375,5.2105
4.717557251908397,-17.328244274809162,-1.8625954198473282,-0.13671875,-0.063232421875,0.389404296875,5.212199999999999
4.625954198473282,-17.374045801526716,-1.9236641221374047,-0.140380859375,-0.06298828125,0.384521484375,5.2139
4.641221374045801,-17.633587786259543,-2.2595419847328246,-0.13671875,-0.06494140625,0.385986328125,5.215599999999999
4.5038167938931295,-17.404580152671755,-2.366412213740458,-0.142578125,-0.0546875,0.387939453125,5.2173
4.33587786259542,-17.129770992366414,-2.0916030534351147,-0.13232421875,-0.062255859375,0.3876953125,5.218999999999999
4.244274809160306,-17.206106870229007,-2.427480916030534,-0.135498046875,-0.064453125,0.388671875,5.2207
4.488549618320611,-17.17557251908397,-2.5343511450381677,-0.12939453125,-0.06201171875,0.385009765625,5.2223999999999995
4.259541984732825,-17.114503816793892,-2.3206106870229006,-0.13232421875,-0.065185546875,0.388916015625,5.2241
4.320610687022901,-17.083969465648856,-2.6259541984732824,-0.13623046875,-0.0673828125,0.386962890625,5.2258
4.519083969465649,-16.80916030534351,-2.5343511450381677,-0.13671875,-0.06689453125,0.38330078125,5.2275
4.488549618320611,-16.82442748091603,-2.4580152671755724,-0.134521484375,-0.063720703125,0.389892578125,5.2292
4.396946564885496,-16.625954198473284,-2.2290076335877864,-0.12890625,-0.0654296875,0.384765625,5.2309
4.595419847328245,-16.68702290076336,-2.4732824427480917,-0.132568359375,-0.063720703125,0.391357421875,5.2326
4.534351145038168,-16.793893129770993,-2.381679389312977,-0.136962890625,-0.065673828125,0.38671875,5.234299999999999
4.458015267175573,-16.33587786259542,-2.2900763358778624,-0.136474609375,-0.062744140625,0.3974609375,5.236
4.244274809160306,-16.213740458015266,-2.3206106870229006,-0.13134765625,-0.059326171875,0.382568359375,5.237699999999999
4.106870229007634,-16.33587786259542,-2.183206106870229,-0.13525390625,-0.06396484375,0.388427734375,5.2394
3.9083969465648853,-15.98473282442748,-1.8473282442748091,-0.135498046875,-0.06591796875,0.39306640625,5.241099999999999
3.969465648854962,-15.923664122137405,-1.7557251908396947,-0.1435546875,-0.06591796875,0.392578125,5.2428
3.877862595419847,-15.465648854961833,-1.7404580152671756,-0.143310546875,-0.06787109375,0.3955078125,5.2444999999999995
3.66412213740458,-15.16030534351145,-1.8778625954198473,-0.14306640625,-0.066162109375,0.390625,5.2462
3.816793893129771,-14.83969465648855,-1.7251908396946565,-0.134765625,-0.06689453125,0.390625,5.2479
3.5877862595419847,-14.320610687022901,-1.7557251908396947,-0.138427734375,-0.06298828125,0.386962890625,5.2496
3.312977099236641,-14.01526717557252,-1.4809160305343512,-0.146484375,-0.072509765625,0.391357421875,5.2513
3.114503816793893,-13.725190839694656,-1.633587786259542,-0.143310546875,-0.0703125,0.3837890625,5.253
3.099236641221374,-13.236641221374045,-1.465648854961832,-0.142578125,-0.0625,0.380859375,5.2547
2.8396946564885495,-12.916030534351146,-1.6030534351145038,-0.14453125,-0.068115234375,0.38623046875,5.256399999999999
2.9770992366412212,-12.335877862595419,-1.2213740458015268,-0.1435546875,-0.069580078125,0.386962890625,5.2581
2.7480916030534353,-11.98473282442748,-1.251908396946565,-0.144775390625,-0.0654296875,0.3876953125,5.259799999999999
2.5343511450381677,-11.526717557251908,-0.9465648854961832,-0.139892578125,-0.063232421875,0.384521484375,5.2615
2.6412213740458017,-11.145038167938932,-0.9923664122137404,-0.138916015625,-0.07373046875,0.390625,5.263199999999999
2.3969465648854964,-10.793893129770993,-0.8091603053435115,-0.13623046875,-0.064697265625,0.38671875,5.2649
2.3053435114503817,-10.396946564885496,-0.7175572519083969,-0.13623046875,-0.0654296875,0.38330078125,5.2665999999999995
2.198473282442748,-10.16793893129771,-0.4122137404580153,-0.13525390625,-0.0615234375,0.3876953125,5.2683
2.1374045801526718,-10.045801526717558,-0.44274809160305345,-0.129150390625,-0.067626953125,0.383544921875,5.27
2.1374045801526718,-9.84732824427481,-0.2900763358778626,-0.12646484375,-0.067626953125,0.380859375,5.2717
2.015267175572519,-9.587786259541986,-0.22900763358778625,-0.12353515625,-0.059326171875,0.377197265625,5.2734
1.786259541984733,-9.587786259541986,0.07633587786259542,-0.1220703125,-0.059326171875,0.382568359375,5.2751
1.7251908396946565,-9.603053435114504,0.0,-0.124267578125,-0.05859375,0.37939453125,5.2768
1.8931297709923665,-9.648854961832061,0.2748091603053435,-0.12158203125,-0.056396484375,0.376953125,5.278499999999999
1.5267175572519085,-9.786259541984732,0.0916030534351145,-0.1142578125,-0.0615234375,0.386474609375,5.2802
1.465648854961832,-9.923664122137405,-0.015267175572519083,-0.119384765625,-0.059326171875,0.384765625,5.281899999999999
1.6641221374045803,-9.893129770992367,0.0916030534351145,-0.1162109375,-0.061767578125,0.37890625,5.2836
1.4198473282442747,-10.106870229007633,0.21374045801526717,-0.1103515625,-0.0625,0.38037109375,5.285299999999999
1.282442748091603,-10.305343511450381,0.07633587786259542,-0.111572265625,-0.057861328125,0.377197265625,5.287
1.282442748091603,-10.564885496183207,0.1984732824427481,-0.110595703125,-0.0556640625,0.372314453125,5.2886999999999995
1.1450381679389312,-10.748091603053435,-0.04580152671755725,-0.10791015625,-0.05712890625,0.37744140625,5.2904
1.2061068702290076,-10.870229007633588,0.030534351145038167,-0.109375,-0.056640625,0.37744140625,5.2921
1.083969465648855,-11.297709923664122,-0.21374045801526717,-0.110107421875,-0.05908203125,0.37744140625,5.2938
0.7480916030534351,-11.679389312977099,-0.183206106870229,-0.108154296875,-0.056640625,0.382080078125,5.2955
0.6412213740458015,-11.816793893129772,-0.2595419847328244,-0.102294921875,-0.05419921875,0.3876953125,5.2972
0.6717557251908397,-12.229007633587786,-0.5801526717557252,-0.107421875,-0.0546875,0.37646484375,5.2989
0.916030534351145,-12.778625954198473,-0.7786259541984732,-0.102783203125,-0.056884765625,0.375732421875,5.300599999999999
0.9770992366412213,-12.900763358778626,-0.7633587786259542,-0.104248046875,-0.060791015625,0.375244140625,5.3023
1.0229007633587786,-13.19083969465649,-0.7786259541984732,-0.10546875,-0.0537109375,0.382080078125,5.303999999999999
0.8396946564885496,-13.877862595419847,-0.732824427480916,-0.1044921875,-0.058837890625,0.376220703125,5.3057
1.2366412213740459,-14.01526717557252,-0.8549618320610687,-0.102294921875,-0.059814453125,0.381103515625,5.3073999999999995
1.0229007633587786,-14.335877862595419,-0.9465648854961832,-0.1083984375,-0.052001953125,0.37646484375,5.3091
1.083969465648855,-14.687022900763358,-0.7022900763358778,-0.1064453125,-0.050537109375,0.379150390625,5.3107999999999995
1.3282442748091603,-15.221374045801527,-0.7480916030534351,-0.1083984375,-0.055908203125,0.380615234375,5.3125
1.5114503816793894,-15.404580152671755,-1.0534351145038168,-0.109619140625,-0.0546875,0.373779296875,5.3142
1.3129770992366412,-15.419847328244275,-0.9770992366412213,-0.11767578125,-0.05322265625,0.380859375,5.3159
1.3435114503816794,-15.526717557251908,-1.083969465648855,-0.114013671875,-0.05322265625,0.3740234375,5.3176
1.4809160305343512,-15.49618320610687,-0.9312977099236641,-0.113525390625,-0.051025390625,0.387451171875,5.3193
1.2671755725190839,-15.633587786259541,-1.0687022900763359,-0.116943359375,-0.048095703125,0.3779296875,5.321
1.6488549618320612,-15.526717557251908,-1.4809160305343512,-0.11767578125,-0.050048828125,0.38232421875,5.322699999999999
1.5267175572519085,-15.450381679389313,-1.5114503816793894,-0.11865234375,-0.05419921875,0.377685546875,5.3244
1.618320610687023,-15.267175572519085,-1.633587786259542,-0.12109375,-0.05126953125,0.380615234375,5.326099999999999
1.7404580152671756,-15.236641221374045,-1.7404580152671756,-0.124755859375,-0.05078125,0.380615234375,5.3278
1.633587786259542,-15.068702290076336,-1.83206106870229,-0.128662109375,-0.059326171875,0.386474609375,5.3294999999999995
1.83206106870229,-15.007633587786259,-1.9389312977099236,-0.12158203125,-0.05029296875,0.384521484375,5.3312
1.9389312977099236,-14.610687022900763,-1.9541984732824427,-0.128662109375,-0.051025390625,0.388916015625,5.3328999999999995
2.030534351145038,-14.13740458015267,-1.7709923664122138,-0.132568359375,-0.0546875,0.387939453125,5.3346
1.9541984732824427,-14.076335877862595,-2.030534351145038,-0.130615234375,-0.0478515625,0.396484375,5.3363
2.33587786259542,-13.755725190839694,-2.1068702290076335,-0.1279296875,-0.04638671875,0.3876953125,5.338
2.351145038167939,-13.541984732824428,-2.045801526717557,-0.131591796875,-0.048828125,0.38427734375,5.3397
2.3206106870229006,-13.022900763358779,-1.9541984732824427,-0.132568359375,-0.046630859375,0.395263671875,5.341399999999999
2.4122137404580153,-12.549618320610687,-1.9541984732824427,-0.13818359375,-0.054443359375,0.381103515625,5.3431
2.381679389312977,-12.259541984732824,-2.1068702290076335,-0.1396484375,-0.056396484375,0.383056640625,5.344799999999999
2.4427480916030535,-11.816793893129772,-1.9083969465648856,-0.133544921875,-0.050048828125,0.3857421875,5.3465
2.198473282442748,-11.297709923664122,-1.786259541984733,-0.130859375,-0.05224609375,0.395751953125,5.348199999999999
2.198473282442748,-10.732824427480915,-1.9541984732824427,-0.130126953125,-0.05517578125,0.394287109375,5.3499
2.2900763358778624,-10.65648854961832,-2.015267175572519,-0.12744140625,-0.055908203125,0.389404296875,5.3515999999999995
1.9694656488549618,-10.229007633587786,-2.015267175572519,-0.12548828125,-0.057861328125,0.385009765625,5.3533
2.1526717557251906,-10.244274809160306,-2.0610687022900764,-0.121826171875,-0.06103515625,0.390380859375,5.3549999999999995
2.3969465648854964,-10.122137404580153,-2.198473282442748,-0.12353515625,-0.058349609375,0.383056640625,5.3567
2.4427480916030535,-10.030534351145038,-2.2442748091603053,-0.125,-0.063232421875,0.391845703125,5.3584
2.3206106870229006,-9.572519083969466,-2.0610687022900764,-0.123046875,-0.05908203125,0.392822265625,5.3601
2.6106870229007635,-9.679389312977099,-2.122137404580153,-0.123291015625,-0.0595703125,0.393310546875,5.3618
2.427480916030534,-9.587786259541986,-2.4427480916030535,-0.1220703125,-0.05908203125,0.39599609375,5.363499999999999
2.381679389312977,-9.557251908396946,-2.4732824427480917,-0.119873046875,-0.058349609375,0.3828125,5.3652
2.4427480916030535,-9.86259541984733,-2.4580152671755724,-0.11376953125,-0.058349609375,0.38916015625,5.366899999999999
2.183206106870229,-9.801526717557252,-2.2290076335877864,-0.11279296875,-0.05908203125,0.376708984375,5.3686
2.122137404580153,-9.648854961832061,-2.2900763358778624,-0.114990234375,-0.055419921875,0.38232421875,5.370299999999999
2.351145038167939,-9.648854961832061,-2.427480916030534,-0.1123046875,-0.061767578125,0.381591796875,5.372
2.1526717557251906,-9.877862595419847,-2.1068702290076335,-0.110595703125,-0.060791015625,0.387451171875,5.3736999999999995
2.0916030534351147,-9.740458015267176,-1.9694656488549618,-0.11083984375,-0.06298828125,0.38037109375,5.3754
2.351145038167939,-9.557251908396946,-1.9541984732824427,-0.108154296875,-0.06103515625,0.3759765625,5.3770999999999995
2.427480916030534,-9.740458015267176,-2.0,-0.107421875,-0.0576171875,0.380859375,5.3788
2.16793893129771,-9.709923664122137,-2.045801526717557,-0.10986328125,-0.05712890625,0.37548828125,5.3805
2.2595419847328246,-9.633587786259541,-1.7251908396946565,-0.101318359375,-0.062744140625,0.371826171875,5.3822
2.122137404580153,-9.770992366412214,-1.6793893129770991,-0.10400390625,-0.0615234375,0.383544921875,5.3839
1.8473282442748091,-9.648854961832061,-1.633587786259542,-0.10400390625,-0.0634765625,0.377685546875,5.385599999999999
1.984732824427481,-9.816793893129772,-1.633587786259542,-0.105224609375,-0.06103515625,0.38134765625,5.3873
2.045801526717557,-10.0,-1.297709923664122,-0.104736328125,-0.056396484375,0.38037109375,5.388999999999999
2.198473282442748,-10.290076335877863,-1.3587786259541985,-0.1015625,-0.06494140625,0.382080078125,5.3907
2.1068702290076335,-10.198473282442748,-1.1908396946564885,-0.10302734375,-0.058837890625,0.384033203125,5.392399999999999
1.9694656488549618,-10.595419847328245,-1.3435114503816794,-0.1044921875,-0.0595703125,0.377685546875,5.3941
2.045801526717557,-10.885496183206106,-1.0381679389312977,-0.111083984375,-0.0595703125,0.383056640625,5.3957999999999995
2.213740458015267,-10.916030534351146,-1.0687022900763359,-0.10498046875,-0.05810546875,0.382080078125,5.3975
2.015267175572519,-11.389312977099237,-0.8854961832061069,-0.109375,-0.05908203125,0.377685546875,5.3991999999999996
1.9389312977099236,-11.465648854961833,-0.5954198473282443,-0.1064453125,-0.061279296875,0.3876953125,5.4009
2.015267175572519,-11.603053435114504,-0.4580152671755725,-0.110107421875,-0.060791015625,0.3828125,5.4026
1.9541984732824427,-11.877862595419847,-0.4122137404580153,-0.1083984375,-0.05908203125,0.38330078125,5.4043
1.9389312977099236,-12.030534351145038,-0.0916030534351145,-0.1044921875,-0.0615234375,0.383056640625,5.406
2.0610687022900764,-12.030534351145038,-0.10687022900763359,-0.109619140625,-0.059326171875,0.382568359375,5.407699999999999
2.1526717557251906,-12.091603053435115,-0.030534351145038167,-0.101318359375,-0.06103515625,0.3828125,5.4094
2.0916030534351147,-12.061068702290076,-0.15267175572519084,-0.105712890625,-0.058349609375,0.382568359375,5.411099999999999
2.3053435114503817,-12.274809160305344,0.015267175572519083,-0.109619140625,-0.056640625,0.38720703125,5.4128
2.030534351145038,-12.366412213740459,-0.32061068702290074,-0.11181640625,-0.05712890625,0.385009765625,5.414499999999999
2.0916030534351147,-12.15267175572519,-0.42748091603053434,-0.11328125,-0.055908203125,0.3935546875,5.4162
2.213740458015267,-12.16793893129771,-0.6870229007633588,-0.112060546875,-0.053955078125,0.39306640625,5.4178999999999995
2.183206106870229,-12.076335877862595,-0.6870229007633588,-0.112060546875,-0.052734375,0.388671875,5.4196
2.1374045801526718,-11.98473282442748,-0.8549618320610687,-0.117431640625,-0.056884765625,0.3837890625,5.4213
1.7251908396946565,-11.526717557251908,-0.8244274809160306,-0.113037109375,-0.058837890625,0.38623046875,5.423
2.0610687022900764,-11.34351145038168,-0.9770992366412213,-0.109130859375,-0.05615234375,0.39306640625,5.4247
2.122137404580153,-11.206106870229007,-0.8854961832061069,-0.11669921875,-0.052978515625,0.39208984375,5.4264
2.0,-10.916030534351146,-1.1450381679389312,-0.11376953125,-0.054931640625,0.38671875,5.4281
2.030534351145038,-10.778625954198473,-0.8549618320610687,-0.106689453125,-0.055419921875,0.388427734375,5.429799999999999
2.0916030534351147,-10.320610687022901,-1.0687022900763359,-0.108642578125,-0.053466796875,0.397705078125,5.4315
2.3053435114503817,-10.290076335877863,-0.8702290076335878,-0.1103515625,-0.052001953125,0.395751953125,5.433199999999999
2.2442748091603053,-10.061068702290076,-0.916030534351145,-0.112548828125,-0.05126953125,0.393310546875,5.4349
2.183206106870229,-9.98473282442748,-0.7938931297709924,-0.114013671875,-0.05908203125,0.399658203125,5.436599999999999
2.1374045801526718,-9.86259541984733,-0.7786259541984732,-0.122314453125,-0.056884765625,0.396728515625,5.4383
2.4427480916030535,-9.541984732824428,-0.6259541984732825,-0.11572265625,-0.054443359375,0.39306640625,5.4399999999999995
2.4122137404580153,-9.282442748091603,-0.6106870229007634,-0.11474609375,-0.05712890625,0.383544921875,5.4417
2.351145038167939,-9.145038167938932,-0.5954198473282443,-0.10888671875,-0.060546875,0.388671875,5.4434
2.4732824427480917,-8.977099236641221,-0.5038167938931297,-0.114501953125,-0.061279296875,0.3896484375,5.4451
2.3969465648854964,-8.67175572519084,-0.32061068702290074,-0.1142578125,-0.05859375,0.393798828125,5.4468
2.3206106870229006,-8.534351145038167,-0.42748091603053434,-0.1123046875,-0.058837890625,0.391357421875,5.4485
2.213740458015267,-8.335877862595419,-0.12213740458015267,-0.11474609375,-0.063720703125,0.388916015625,5.4502
2.4122137404580153,-8.15267175572519,-0.13740458015267176,-0.114013671875,-0.062744140625,0.387451171875,5.451899999999999
2.351145038167939,-7.9541984732824424,0.10687022900763359,-0.11767578125,-0.06396484375,0.392578125,5.4536
2.122137404580153,-7.709923664122138,0.183206106870229,-0.112548828125,-0.06298828125,0.395263671875,5.455299999999999
2.351145038167939,-7.480916030534351,0.366412213740458,-0.107421875,-0.0654296875,0.39208984375,5.457
2.3206106870229006,-7.236641221374046,0.5190839694656488,-0.1123046875,-0.0625,0.392822265625,5.458699999999999
2.0763358778625953,-6.8396946564885495,1.0076335877862594,-0.110107421875,-0.064453125,0.3837890625,5.4604
1.8473282442748091,-6.809160305343512,0.8091603053435115,-0.111083984375,-0.060791015625,0.391357421875,5.4620999999999995
2.045801526717557,-6.732824427480916,1.1145038167938932,-0.106201171875,-0.06494140625,0.390625,5.4638
1.8473282442748091,-6.763358778625954,1.2366412213740459,-0.103515625,-0.05810546875,0.38818359375,5.4655
1.6488549618320612,-6.809160305343512,1.6793893129770991,-0.107177734375,-0.0634765625,0.392822265625,5.4672
1.8931297709923665,-6.564885496183206,1.8931297709923665,-0.1064453125,-0.060302734375,0.389404296875,5.4689
1.7251908396946565,-6.732824427480916,2.030534351145038,-0.107666015625,-0.061767578125,0.381103515625,5.4706
1.816793893129771,-6.885496183206107,1.984732824427481,-0.10400390625,-0.0625,0.384033203125,5.4723
1.8473282442748091,-6.793893129770993,2.0763358778625953,-0.098876953125,-0.06005859375,0.3876953125,5.473999999999999
1.7099236641221374,-6.824427480916031,2.045801526717557,-0.09716796875,-0.060791015625,0.3779296875,5.4757
1.786259541984733,-6.961832061068702,2.1068702290076335,-0.09912109375,-0.060546875,0.388427734375,5.477399999999999
2.015267175572519,-7.206106870229007,1.9694656488549618,-0.097412109375,-0.060546875,0.39404296875,5.4791
1.7557251908396947,-7.32824427480916,1.8931297709923665,-0.10009765625,-0.05908203125,0.3935546875,5.4807999999999995
1.8778625954198473,-7.435114503816794,1.6946564885496183,-0.09814453125,-0.05517578125,0.3857421875,5.4825
1.9083969465648856,-7.572519083969466,1.3740458015267176,-0.098876953125,-0.053955078125,0.38916015625,5.4841999999999995
2.015267175572519,-7.694656488549619,1.1755725190839694,-0.097412109375,-0.055908203125,0.38720703125,5.4859
1.618320610687023,-7.8320610687022905,1.1908396946564885,-0.099365234375,-0.05712890625,0.392333984375,5.4876
1.8015267175572518,-7.816793893129771,1.0076335877862594,-0.09716796875,-0.0537109375,0.3955078125,5.4893
1.4809160305343512,-8.13740458015267,0.9007633587786259,-0.09326171875,-0.04931640625,0.38623046875,5.491
1.7557251908396947,-8.213740458015268,0.7633587786259542,-0.101806640625,-0.044189453125,0.382080078125,5.4927
1.9694656488549618,-8.091603053435115,0.8549618320610687,-0.09619140625,-0.05419921875,0.391357421875,5.4944
1.9083969465648856,-8.15267175572519,0.8854961832061069,-0.096435546875,-0.047607421875,0.38720703125,5.496099999999999
1.8015267175572518,-8.122137404580153,1.0229007633587786,-0.0966796875,-0.05029296875,0.399658203125,5.4978
1.7709923664122138,-8.198473282442748,0.8702290076335878,-0.099609375,-0.051025390625,0.405517578125,5.499499999999999
1.633587786259542,-7.938931297709924,1.0229007633587786,-0.097900390625,-0.05078125,0.395751953125,5.5012
1.6488549618320612,-8.122137404580153,1.1145038167938932,-0.101318359375,-0.05078125,0.395263671875,5.5028999999999995
1.633587786259542,-7.938931297709924,1.1603053435114503,-0.100341796875,-0.049072265625,0.398193359375,5.5046
1.465648854961832,-8.01526717557252,1.1603053435114503,-0.10205078125,-0.050537109375,0.396240234375,5.5062999999999995
1.7099236641221374,-7.8320610687022905,1.2366412213740459,-0.099365234375,-0.046630859375,0.39208984375,5.508
1.9236641221374047,-7.801526717557252,1.1450381679389312,-0.109375,-0.04638671875,0.392333984375,5.5097
1.8625954198473282,-8.091603053435115,1.2061068702290076,-0.106201171875,-0.049072265625,0.392822265625,5.5114
1.984732824427481,-7.801526717557252,1.0534351145038168,-0.107177734375,-0.04736328125,0.39501953125,5.5131
2.198473282442748,-7.770992366412214,0.8091603053435115,-0.104736328125,-0.044189453125,0.397216796875,5.514799999999999
2.50381679389313,-7.786259541984733,0.6564885496183206,-0.107421875,-0.04736328125,0.396240234375,5.5165
2.7022900763358777,-7.694656488549619,0.5343511450381679,-0.111083984375,-0.045166015625,0.39990234375,5.518199999999999
2.7022900763358777,-7.755725190839694,0.24427480916030533,-0.11328125,-0.051025390625,0.405517578125,5.5199
3.0229007633587788,-7.358778625954199,0.1984732824427481,-0.10400390625,-0.045654296875,0.407958984375,5.521599999999999
3.0229007633587788,-6.99236641221374,0.061068702290076333,-0.1083984375,-0.043701171875,0.39990234375,5.5233
2.931297709923664,-6.732824427480916,-0.04580152671755725,-0.11962890625,-0.044677734375,0.399658203125,5.5249999999999995
2.7938931297709924,-6.198473282442748,-0.24427480916030533,-0.114990234375,-0.04443359375,0.396728515625,5.5267
2.8702290076335877,-6.061068702290076,-0.4122137404580153,-0.1162109375,-0.04541015625,0.3974609375,5.5283999999999995
2.7786259541984735,-5.66412213740458,-0.5954198473282443,-0.112548828125,-0.03955078125,0.404296875,5.5301
2.6717557251908395,-5.282442748091603,-0.6717557251908397,-0.11279296875,-0.046630859375,0.4013671875,5.5318
2.885496183206107,-4.99236641221374,-1.0076335877862594,-0.115966796875,-0.047119140625,0.399658203125,5.5335
3.0839694656488548,-4.458015267175573,-1.0687022900763359,-0.1103515625,-0.052490234375,0.40087890625,5.5352
2.931297709923664,-3.984732824427481,-1.2213740458015268,-0.113525390625,-0.05126953125,0.4072265625,5.536899999999999
2.946564885496183,-3.7251908396946565,-1.297709923664122,-0.11767578125,-0.055908203125,0.40185546875,5.5386
2.9160305343511452,-3.2977099236641223,-1.1908396946564885,-0.11767578125,-0.059814453125,0.399169921875,5.540299999999999
2.5801526717557253,-2.9618320610687023,-1.3587786259541985,-0.115966796875,-0.060791015625,0.3984375,5.542
2.4580152671755724,-2.549618320610687,-1.7251908396946565,-0.11083984375,-0.064453125,0.409423828125,5.543699999999999
2.3206106870229006,-2.4732824427480917,-1.7404580152671756,-0.107421875,-0.06201171875,0.401123046875,5.5454
1.8931297709923665,-2.213740458015267,-1.786259541984733,-0.10888671875,-0.06640625,0.394287109375,5.5470999999999995
1.7099236641221374,-1.9694656488549618,-1.9389312977099236,-0.10693359375,-0.06640625,0.40185546875,5.5488
1.251908396946565,-1.7709923664122138,-2.0610687022900764,-0.10498046875,-0.072265625,0.395751953125,5.5504999999999995
1.4351145038167938,-1.3587786259541985,-2.0916030534351147,-0.107177734375,-0.07373046875,0.3935546875,5.5522
1.0534351145038168,-1.3129770992366412,-2.1526717557251906,-0.110595703125,-0.077392578125,0.394775390625,5.5539
0.549618320610687,-1.1297709923664123,-2.0,-0.100830078125,-0.078857421875,0.397216796875,5.5556
0.21374045801526717,-0.8702290076335878,-1.8931297709923665,-0.099853515625,-0.080322265625,0.394775390625,5.5573
0.07633587786259542,-0.9312977099236641,-1.7099236641221374,-0.1083984375,-0.077880859375,0.39208984375,5.558999999999999
-0.10687022900763359,-0.6564885496183206,-1.450381679389313,-0.10595703125,-0.0791015625,0.390869140625,5.5607
-0.6564885496183206,-0.549618320610687,-1.2366412213740459,-0.10791015625,-0.08056640625,0.3916015625,5.562399999999999
-0.9618320610687023,-0.5038167938931297,-0.9618320610687023,-0.099365234375,-0.087646484375,0.394287109375,5.5641
-1.4961832061068703,-0.21374045801526717,-0.6106870229007634,-0.107666015625,-0.0859375,0.402587890625,5.565799999999999
-1.7709923664122138,-0.22900763358778625,-0.3816793893129771,-0.103271484375,-0.0849609375,0.397705078125,5.5675
-2.122137404580153,0.04580152671755725,0.16793893129770993,-0.095947265625,-0.085693359375,0.39306640625,5.5691999999999995
-2.6106870229007635,0.2748091603053435,0.48854961832061067,-0.100830078125,-0.08056640625,0.400146484375,5.5709
-2.8396946564885495,0.0,0.9312977099236641,-0.09814453125,-0.086669921875,0.399658203125,5.5725999999999996
-3.0076335877862594,0.12213740458015267,1.465648854961832,-0.0986328125,-0.08251953125,0.399658203125,5.5743
-3.2977099236641223,0.061068702290076333,1.83206106870229,-0.09765625,-0.08447265625,0.391357421875,5.576
-3.4656488549618323,0.15267175572519084,2.366412213740458,-0.09814453125,-0.08349609375,0.401611328125,5.5777
-3.7709923664122136,0.04580152671755725,2.4580152671755724,-0.0966796875,-0.083740234375,0.40478515625,5.5794
-3.9389312977099236,0.1984732824427481,2.763358778625954,-0.10400390625,-0.0771484375,0.398681640625,5.581099999999999
-4.076335877862595,0.0916030534351145,2.732824427480916,-0.099853515625,-0.07275390625,0.397705078125,5.5828
-4.229007633587786,0.22900763358778625,2.900763358778626,-0.095703125,-0.072021484375,0.3935546875,5.584499999999999
-4.549618320610687,0.12213740458015267,3.1297709923664123,-0.091064453125,-0.07177734375,0.400634765625,5.5862
-4.824427480916031,-0.0916030534351145,3.0839694656488548,-0.09228515625,-0.0712890625,0.411376953125,5.587899999999999
-5.129770992366412,-0.10687022900763359,3.053435114503817,-0.0986328125,-0.06689453125,0.3935546875,5.5896
-5.221374045801527,-0.10687022900763359,3.1755725190839694,-0.09716796875,-0.0654296875,0.393310546875,5.5912999999999995
-5.557251908396947,-0.48854961832061067,2.8396946564885495,-0.099365234375,-0.0615234375,0.39990234375,5.593
-5.709923664122138,-0.44274809160305345,2.9160305343511452,-0.10009765625,-0.062255859375,0.403076171875,5.5947
-5.465648854961832,-0.6412213740458015,2.8091603053435112,-0.104248046875,-0.059814453125,0.398193359375,5.5964
-5.603053435114504,-0.5343511450381679,2.519083969465649,-0.096923828125,-0.05615234375,0.406005859375,5.5981
-5.465648854961832,-0.7175572519083969,2.6564885496183206,-0.1015625,-0.05322265625,0.408935546875,5.5998
-5.511450381679389,-0.549618320610687,2.427480916030534,-0.099365234375,-0.052490234375,0.405029296875,5.6015
-5.251908396946565,-0.4580152671755725,2.1374045801526718,-0.103759765625,-0.05029296875,0.408447265625,5.603199999999999
-5.114503816793893,-0.7175572519083969,2.213740458015267,-0.104248046875,-0.051025390625,0.399658203125,5.6049
-5.465648854961832,-0.6412213740458015,2.183206106870229,-0.10498046875,-0.0478515625,0.396484375,5.606599999999999
-5.190839694656488,-0.12213740458015267,2.2748091603053435,-0.10986328125,-0.048828125,0.40771484375,5.6083
-4.8396946564885495,-0.15267175572519084,2.2900763358778624,-0.10595703125,-0.045166015625,0.401123046875,5.609999999999999
-4.67175572519084,-0.07633587786259542,2.183206106870229,-0.111083984375,-0.04443359375,0.408447265625,5.6117
-4.458015267175573,0.48854961832061067,2.2290076335877864,-0.10791015625,-0.043212890625,0.40966796875,5.6133999999999995
-4.183206106870229,0.5801526717557252,2.381679389312977,-0.10400390625,-0.0390625,0.400634765625,5.6151
-3.9083969465648853,0.6412213740458015,2.427480916030534,-0.111083984375,-0.04541015625,0.40576171875,5.6168
-3.6030534351145036,1.1297709923664123,2.381679389312977,-0.1142578125,-0.048095703125,0.4091796875,5.6185
-3.3435114503816794,1.5114503816793894,2.50381679389313,-0.110107421875,-0.04150390625,0.4013671875,5.6202
-3.0381679389312977,1.5725190839694656,2.6564885496183206,-0.110595703125,-0.044921875,0.413818359375,5.6219
-2.717557251908397,1.8625954198473282,2.5343511450381677,-0.111083984375,-0.043212890625,0.408935546875,5.6236
-2.351145038167939,2.2900763358778624,2.9160305343511452,-0.11181640625,-0.04150390625,0.410400390625,5.625299999999999
-1.7251908396946565,2.595419847328244,2.8091603053435112,-0.114013671875,-0.039306640625,0.41162109375,5.627
-1.297709923664122,2.717557251908397,2.854961832061069,-0.110107421875,-0.03662109375,0.401611328125,5.628699999999999
-0.9312977099236641,2.9923664122137406,2.8091603053435112,-0.113037109375,-0.03759765625,0.39306640625,5.6304
-0.44274809160305345,3.3587786259541983,2.9770992366412212,-0.1083984375,-0.04345703125,0.412109375,5.632099999999999
0.13740458015267176,3.648854961832061,2.8396946564885495,-0.11279296875,-0.039794921875,0.41162109375,5.6338
0.5648854961832062,3.5572519083969465,3.0076335877862594,-0.11083984375,-0.0439453125,0.40576171875,5.6354999999999995
1.099236641221374,3.877862595419847,3.053435114503817,-0.11181640625,-0.0390625,0.40673828125,5.6372
1.6488549618320612,4.244274809160306,3.099236641221374,-0.10595703125,-0.041015625,0.40478515625,5.6389
2.198473282442748,4.320610687022901,2.9770992366412212,-0.1103515625,-0.038330078125,0.40625,5.6406
2.381679389312977,4.458015267175573,2.885496183206107,-0.109130859375,-0.03662109375,0.404052734375,5.6423
2.885496183206107,4.6106870229007635,2.687022900763359,-0.109375,-0.03662109375,0.40283203125,5.644
3.3435114503816794,4.687022900763359,2.7938931297709924,-0.107177734375,-0.040283203125,0.4033203125,5.6457
3.5419847328244276,5.038167938931298,2.6259541984732824,-0.107421875,-0.039306640625,0.408935546875,5.647399999999999
3.6793893129770994,5.282442748091603,2.366412213740458,-0.10302734375,-0.0400390625,0.40771484375,5.6491
3.969465648854962,5.419847328244275,2.1374045801526718,-0.109130859375,-0.041748046875,0.4013671875,5.650799999999999
4.030534351145038,5.541984732824427,2.213740458015267,-0.10986328125,-0.044677734375,0.403076171875,5.6525
4.351145038167939,5.755725190839694,1.7404580152671756,-0.107421875,-0.044677734375,0.40380859375,5.6541999999999994
4.458015267175573,6.137404580152672,1.6641221374045803,-0.111572265625,-0.044189453125,0.410888671875,5.6559
4.854961832061068,6.3816793893129775,1.7709923664122138,-0.11181640625,-0.04736328125,0.406982421875,5.6575999999999995
4.977099236641221,6.488549618320611,1.6793893129770991,-0.112548828125,-0.058349609375,0.412841796875,5.6593
5.038167938931298,6.656488549618321,1.2061068702290076,-0.110107421875,-0.048095703125,0.40380859375,5.661
4.854961832061068,6.824427480916031,1.2061068702290076,-0.109130859375,-0.050537109375,0.40283203125,5.6627
5.068702290076335,7.0534351145038165,1.2061068702290076,-0.105712890625,-0.056640625,0.40478515625,5.6644
5.32824427480916,7.221374045801527,1.0534351145038168,-0.103759765625,-0.0546875,0.400634765625,5.666099999999999
5.190839694656488,7.358778625954199,0.8549618320610687,-0.107421875,-0.0556640625,0.408935546875,5.6678
5.022900763358779,7.480916030534351,1.0076335877862594,-0.111328125,-0.057861328125,0.407470703125,5.669499999999999
5.083969465648855,7.801526717557252,0.9770992366412213,-0.105712890625,-0.05615234375,0.404541015625,5.6712
4.99236641221374,7.9541984732824424,1.1450381679389312,-0.10595703125,-0.06201171875,0.399169921875,5.672899999999999
5.175572519083969,8.396946564885496,1.0687022900763359,-0.10498046875,-0.0595703125,0.40673828125,5.6746
4.9465648854961835,8.427480916030534,1.099236641221374,-0.1103515625,-0.0595703125,0.394775390625,5.6762999999999995
4.854961832061068,8.320610687022901,1.083969465648855,-0.11181640625,-0.0546875,0.400634765625,5.678
4.885496183206107,8.625954198473282,1.3129770992366412,-0.115478515625,-0.060302734375,0.400390625,5.6796999999999995
4.549618320610687,8.748091603053435,1.297709923664122,-0.1142578125,-0.0654296875,0.401123046875,5.6814
4.656488549618321,9.099236641221374,1.5572519083969465,-0.11572265625,-0.0625,0.399658203125,5.6831
4.564885496183206,8.961832061068701,1.633587786259542,-0.114013671875,-0.06640625,0.40625,5.6848
4.2748091603053435,9.007633587786259,2.0,-0.112548828125,-0.0673828125,0.394287109375,5.6865
4.229007633587786,9.206106870229007,1.9236641221374047,-0.112548828125,-0.06689453125,0.39306640625,5.688199999999999
4.0458015267175576,9.099236641221374,2.0610687022900764,-0.109375,-0.06689453125,0.396240234375,5.6899
3.8931297709923665,9.114503816793894,2.0763358778625953,-0.114501953125,-0.060791015625,0.40380859375,5.691599999999999
3.7404580152671754,9.206106870229007,2.4580152671755724,-0.1123046875,-0.05859375,0.40625,5.6933
3.49618320610687,9.404580152671755,2.198473282442748,-0.11474609375,-0.06005859375,0.392578125,5.694999999999999
3.2061068702290076,9.312977099236642,2.183206106870229,-0.112548828125,-0.06005859375,0.40087890625,5.6967
3.1297709923664123,9.312977099236642,2.3206106870229006,-0.113525390625,-0.060302734375,0.395751953125,5.6983999999999995
2.885496183206107,9.34351145038168,2.2748091603053435,-0.11767578125,-0.058837890625,0.408935546875,5.7001
2.885496183206107,9.770992366412214,2.1374045801526718,-0.116943359375,-0.065185546875,0.412353515625,5.7017999999999995
3.0381679389312977,9.893129770992367,2.3053435114503817,-0.118408203125,-0.06201171875,0.40869140625,5.7035
2.8396946564885495,9.740458015267176,2.122137404580153,-0.123779296875,-0.0576171875,0.416259765625,5.7052
2.595419847328244,9.908396946564885,2.2595419847328246,-0.124755859375,-0.05859375,0.419189453125,5.7069
2.6564885496183206,10.244274809160306,2.2595419847328246,-0.123291015625,-0.060791015625,0.41015625,5.7086
2.9160305343511452,10.198473282442748,2.366412213740458,-0.12451171875,-0.05615234375,0.417724609375,5.710299999999999
2.595419847328244,10.412213740458014,2.183206106870229,-0.135498046875,-0.05419921875,0.411865234375,5.712
2.8244274809160306,10.778625954198473,2.2900763358778624,-0.135009765625,-0.051025390625,0.409423828125,5.713699999999999
2.2748091603053435,11.16030534351145,2.183206106870229,-0.13818359375,-0.058837890625,0.41943359375,5.7154
2.549618320610687,11.297709923664122,2.213740458015267,-0.139892578125,-0.0546875,0.41455078125,5.717099999999999
2.564885496183206,12.091603053435115,2.4580152671755724,-0.143310546875,-0.04931640625,0.416015625,5.7188
2.381679389312977,12.564885496183207,2.4122137404580153,-0.142822265625,-0.052978515625,0.41796875,5.7204999999999995
2.427480916030534,13.19083969465649,2.351145038167939,-0.140380859375,-0.05615234375,0.4189453125,5.7222
1.8931297709923665,14.122137404580153,2.549618320610687,-0.139404296875,-0.052490234375,0.41650390625,5.7238999999999995
1.6946564885496183,14.931297709923664,2.687022900763359,-0.14111328125,-0.059326171875,0.42041015625,5.7256
1.9541984732824427,15.801526717557252,2.6717557251908395,-0.1328125,-0.0546875,0.41259765625,5.7273
1.6946564885496183,17.0381679389313,2.6564885496183206,-0.13037109375,-0.05419921875,0.414794921875,5.729
1.450381679389313,18.198473282442748,2.8244274809160306,-0.127197265625,-0.06396484375,0.42431640625,5.7307
1.2061068702290076,19.572519083969464,2.8396946564885495,-0.134521484375,-0.056396484375,0.418212890625,5.732399999999999
1.1603053435114503,20.748091603053435,2.5343511450381677,-0.125,-0.062255859375,0.420166015625,5.7341
0.8091603053435115,21.908396946564885,2.717557251908397,-0.123291015625,-0.060302734375,0.414306640625,5.735799999999999
0.9770992366412213,22.50381679389313,2.7022900763358777,-0.1240234375,-0.06396484375,0.420654296875,5.7375
0.8396946564885496,23.541984732824428,2.6564885496183206,-0.119873046875,-0.0625,0.41064453125,5.739199999999999
0.8396946564885496,24.091603053435115,2.7938931297709924,-0.115234375,-0.066162109375,0.407470703125,5.7409
0.7633587786259542,24.549618320610687,2.7480916030534353,-0.11962890625,-0.063232421875,0.41552734375,5.7425999999999995
0.6870229007633588,24.641221374045802,3.053435114503817,-0.1142578125,-0.063720703125,0.41259765625,5.7443
0.9618320610687023,24.931297709923665,3.0076335877862594,-0.1123046875,-0.064697265625,0.408447265625,5.7459999999999996
0.7786259541984732,24.83969465648855,2.900763358778626,-0.1103515625,-0.065673828125,0.406005859375,5.7477
0.7480916030534351,24.580152671755727,3.053435114503817,-0.109619140625,-0.065673828125,0.41015625,5.7494
0.5343511450381679,24.137404580152673,3.236641221374046,-0.10791015625,-0.064453125,0.404541015625,5.7511
0.5038167938931297,23.6793893129771,3.2519083969465647,-0.11083984375,-0.06787109375,0.40576171875,5.7528
0.3816793893129771,23.358778625954198,3.114503816793893,-0.109130859375,-0.067138671875,0.401123046875,5.754499999999999
0.7786259541984732,23.0381679389313,3.114503816793893,-0.1142578125,-0.058837890625,0.406005859375,5.7562
0.5954198473282443,22.48854961832061,3.282442748091603,-0.112060546875,-0.063232421875,0.405517578125,5.757899999999999
0.549618320610687,22.213740458015266,3.2061068702290076,-0.110107421875,-0.06201171875,0.400390625,5.7596
0.5038167938931297,22.16793893129771,3.2977099236641223,-0.116455078125,-0.05908203125,0.408935546875,5.761299999999999
0.5190839694656488,22.16793893129771,3.4198473282442747,-0.11962890625,-0.05615234375,0.40576171875,5.763
0.48854961832061067,22.290076335877863,3.4198473282442747,-0.11767578125,-0.064453125,0.40234375,5.7646999999999995
0.8091603053435115,22.259541984732824,3.450381679389313,-0.118896484375,-0.060791015625,0.406494140625,5.7664
0.8549618320610687,22.702290076335878,3.435114503816794,-0.12158203125,-0.056396484375,0.406982421875,5.7681
0.42748091603053434,23.053435114503817,3.49618320610687,-0.120849609375,-0.0556640625,0.403076171875,5.7698
0.549618320610687,23.61832061068702,3.5877862595419847,-0.12158203125,-0.05908203125,0.400634765625,5.7715
0.4580152671755725,24.27480916030534,3.5114503816793894,-0.125244140625,-0.049560546875,0.39306640625,5.7732
0.5038167938931297,24.717557251908396,3.5267175572519083,-0.123291015625,-0.04736328125,0.39697265625,5.7749
0.5038167938931297,25.450381679389313,3.450381679389313,-0.128173828125,-0.05322265625,0.402099609375,5.776599999999999
0.3053435114503817,26.18320610687023,3.450381679389313,-0.12060546875,-0.061279296875,0.40283203125,5.7783
0.16793893129770993,26.85496183206107,3.3587786259541983,-0.126708984375,-0.05859375,0.404541015625,5.779999999999999
0.4122137404580153,27.099236641221374,3.450381679389313,-0.129638671875,-0.049072265625,0.400390625,5.7817
0.44274809160305345,27.709923664122137,3.404580152671756,-0.126953125,-0.046630859375,0.3994140625,5.783399999999999
0.549618320610687,28.137404580152673,3.435114503816794,-0.1279296875,-0.051513671875,0.3984375,5.7851
0.4732824427480916,28.38167938931298,3.4656488549618323,-0.1318359375,-0.04833984375,0.401611328125,5.7867999999999995
0.24427480916030533,28.885496183206108,3.450381679389313,-0.1220703125,-0.04736328125,0.39306640625,5.7885
0.5801526717557252,29.022900763358777,3.480916030534351,-0.13037109375,-0.046630859375,0.40380859375,5.7902
0.33587786259541985,29.282442748091604,3.4656488549618323,-0.128662109375,-0.05224609375,0.39794921875,5.7919
0.32061068702290074,29.6793893129771,3.3435114503816794,-0.127197265625,-0.04931640625,0.400146484375,5.7936
0.366412213740458,29.49618320610687,3.2061068702290076,-0.126953125,-0.05078125,0.392822265625,5.7953
0.4122137404580153,29.755725190839694,3.2519083969465647,-0.1259765625,-0.046875,0.398193359375,5.797
0.2900763358778626,30.137404580152673,3.1908396946564888,-0.1279296875,-0.0517578125,0.390380859375,5.798699999999999
0.6717557251908397,30.290076335877863,3.2061068702290076,-0.1279296875,-0.04931640625,0.388427734375,5.8004
0.6106870229007634,30.33587786259542,2.854961832061069,-0.124267578125,-0.052734375,0.39208984375,5.802099999999999
0.549618320610687,30.595419847328245,2.9160305343511452,-0.127685546875,-0.0546875,0.387939453125,5.8038
0.8549618320610687,30.946564885496183,2.687022900763359,-0.12158203125,-0.05322265625,0.38671875,5.805499999999999
0.8702290076335878,31.236641221374047,2.763358778625954,-0.11962890625,-0.05712890625,0.386962890625,5.8072
1.0687022900763359,31.572519083969464,2.8244274809160306,-0.11328125,-0.0546875,0.382568359375,5.8088999999999995
0.916030534351145,31.541984732824428,2.732824427480916,-0.1162109375,-0.0556640625,0.387451171875,5.8106
0.8396946564885496,31.938931297709924,2.9618320610687023,-0.11279296875,-0.055908203125,0.378662109375,5.8123
0.7938931297709924,31.908396946564885,3.2061068702290076,-0.115234375,-0.052490234375,0.3798828125,5.814
0.7938931297709924,32.2442748091603,3.1908396946564888,-0.11181640625,-0.053955078125,0.38671875,5.8157
0.732824427480916,32.48854961832061,3.3893129770992365,-0.10888671875,-0.050537109375,0.38037109375,5.817399999999999
1.1297709923664123,32.38167938931298,3.4198473282442747,-0.109130859375,-0.059326171875,0.38330078125,5.8191
1.1603053435114503,32.045801526717554,3.66412213740458,-0.109619140625,-0.061279296875,0.385986328125,5.820799999999999
1.1145038167938932,31.603053435114504,3.786259541984733,-0.1064453125,-0.05908203125,0.3818359375,5.8225
1.3435114503816794,31.17557251908397,4.106870229007634,-0.1162109375,-0.055908203125,0.3798828125,5.824199999999999
1.8778625954198473,30.946564885496183,3.984732824427481,-0.1142578125,-0.05517578125,0.38525390625,5.8259
1.7404580152671756,30.33587786259542,4.183206106870229,-0.11328125,-0.05419921875,0.37841796875,5.8275999999999994
1.8931297709923665,29.282442748091604,4.183206106870229,-0.11572265625,-0.05419921875,0.37255859375,5.8293
2.351145038167939,28.549618320610687,4.213740458015267,-0.11181640625,-0.0537109375,0.377685546875,5.8309999999999995
2.3206106870229006,28.045801526717558,3.9083969465648853,-0.119873046875,-0.05810546875,0.390380859375,5.8327
2.595419847328244,27.374045801526716,4.030534351145038,-0.124755859375,-0.052001953125,0.36572265625,5.8344
2.885496183206107,27.129770992366414,3.801526717557252,-0.12353515625,-0.05224609375,0.381103515625,5.8361
2.8091603053435112,26.900763358778626,4.183206106870229,-0.1259765625,-0.045166015625,0.381103515625,5.8378
2.946564885496183,26.717557251908396,4.137404580152672,-0.1318359375,-0.04931640625,0.38330078125,5.839499999999999
3.2061068702290076,26.519083969465647,4.366412213740458,-0.13623046875,-0.04638671875,0.3798828125,5.8412
3.3587786259541983,26.595419847328245,4.396946564885496,-0.132080078125,-0.048095703125,0.378173828125,5.842899999999999
3.6030534351145036,26.732824427480917,4.33587786259542,-0.135498046875,-0.04638671875,0.3828125,5.8446
3.5572519083969465,26.900763358778626,4.244274809160306,-0.138427734375,-0.04443359375,0.37353515625,5.846299999999999
4.076335877862595,27.328244274809162,4.320610687022901,-0.14013671875,-0.047119140625,0.38037109375,5.848
4.2748091603053435,27.572519083969464,4.061068702290076,-0.146484375,-0.041259765625,0.384521484375,5.8496999999999995
4.259541984732825,28.137404580152673,4.305343511450381,-0.14599609375,-0.041015625,0.381103515625,5.8514
4.519083969465649,28.48854961832061,4.015267175572519,-0.154541015625,-0.044921875,0.38134765625,5.8530999999999995
4.763358778625954,28.946564885496183,3.969465648854962,-0.150634765625,-0.041259765625,0.376953125,5.8548
4.916030534351145,29.236641221374047,3.83206106870229,-0.156005859375,-0.041015625,0.387451171875,5.8565
4.99236641221374,29.862595419847327,4.015267175572519,-0.150390625,-0.037109375,0.384521484375,5.8582
5.32824427480916,30.442748091603054,3.8931297709923665,-0.15771484375,-0.036376953125,0.3779296875,5.8599
5.603053435114504,30.977099236641223,3.9083969465648853,-0.156005859375,-0.037109375,0.389892578125,5.861599999999999
5.694656488549619,31.404580152671755,3.6793893129770994,-0.1611328125,-0.0361328125,0.38134765625,5.8633
5.877862595419847,31.633587786259543,3.801526717557252,-0.164306640625,-0.04150390625,0.38720703125,5.864999999999999
5.984732824427481,32.30534351145038,3.435114503816794,-0.16748046875,-0.03515625,0.388427734375,5.8667
6.488549618320611,33.16030534351145,3.236641221374046,-0.162841796875,-0.037109375,0.390380859375,5.868399999999999
6.305343511450381,33.43511450381679,2.885496183206107,-0.16650390625,-0.035888671875,0.3916015625,5.8701
6.412213740458015,33.969465648854964,2.732824427480916,-0.173828125,-0.041015625,0.38525390625,5.8717999999999995
6.961832061068702,34.58015267175573,2.3206106870229006,-0.171630859375,-0.0400390625,0.39306640625,5.8735
6.931297709923665,35.17557251908397,2.198473282442748,-0.170166015625,-0.043212890625,0.390380859375,5.8751999999999995
6.900763358778626,36.0763358778626,2.183206106870229,-0.16845703125,-0.03662109375,0.384033203125,5.8769
6.793893129770993,37.083969465648856,2.183206106870229,-0.1708984375,-0.043701171875,0.3896484375,5.8786
6.854961832061068,37.93893129770992,2.0916030534351147,-0.17578125,-0.042724609375,0.392333984375,5.8803
6.656488549618321,38.88549618320611,2.1526717557251906,-0.167236328125,-0.04931640625,0.388916015625,5.882
6.244274809160306,40.030534351145036,2.0916030534351147,-0.16845703125,-0.052978515625,0.383544921875,5.883699999999999
6.259541984732825,41.19083969465649,2.427480916030534,-0.1591796875,-0.055419921875,0.3896484375,5.8854
5.541984732824427,42.0,2.5343511450381677,-0.160888671875,-0.05517578125,0.3916015625,5.887099999999999
5.343511450381679,43.19083969465649,2.5801526717557253,-0.157470703125,-0.06298828125,0.386474609375,5.8888
4.99236641221374,44.16793893129771,2.4580152671755724,-0.155517578125,-0.06103515625,0.3818359375,5.890499999999999
4.854961832061068,44.80916030534351,2.8702290076335877,-0.151611328125,-0.064697265625,0.385009765625,5.8922
4.33587786259542,45.51145038167939,2.9618320610687023,-0.14990234375,-0.070068359375,0.383056640625,5.8938999999999995
3.9389312977099236,45.57251908396947,3.068702290076336,-0.143798828125,-0.076416015625,0.38330078125,5.8956
3.83206106870229,45.64885496183206,3.1755725190839694,-0.144287109375,-0.07666015625,0.37890625,5.8972999999999995
3.786259541984733,45.89312977099237,3.572519083969466,-0.145751953125,-0.078369140625,0.37890625,5.899
3.312977099236641,45.74045801526717,3.618320610687023,-0.133056640625,-0.072509765625,0.385009765625,5.9007
3.2977099236641223,45.786259541984734,3.66412213740458,-0.1328125,-0.0751953125,0.38427734375,5.9024
2.946564885496183,45.02290076335878,3.9389312977099236,-0.129638671875,-0.079345703125,0.376953125,5.9041
3.114503816793893,44.656488549618324,4.320610687022901,-0.131103515625,-0.08203125,0.37451171875,5.905799999999999
2.8702290076335877,44.30534351145038,4.641221374045801,-0.139404296875,-0.076171875,0.381591796875,5.9075
2.6259541984732824,43.57251908396947,5.099236641221374,-0.124267578125,-0.078369140625,0.373291015625,5.909199999999999
3.0229007633587788,43.083969465648856,5.068702290076335,-0.125,-0.07568359375,0.376708984375,5.9109
2.900763358778626,42.274809160305345,5.465648854961832,-0.129638671875,-0.06689453125,0.3798828125,5.912599999999999
2.5801526717557253,41.3587786259542,5.572519083969466,-0.12939453125,-0.070556640625,0.376953125,5.9143
2.6412213740458017,40.732824427480914,5.786259541984733,-0.12744140625,-0.06787109375,0.3662109375,5.9159999999999995
2.2748091603053435,40.091603053435115,5.740458015267175,-0.130615234375,-0.0703125,0.374755859375,5.9177
2.2442748091603053,39.37404580152672,5.770992366412214,-0.132080078125,-0.0703125,0.36376953125,5.9193999999999996
1.984732824427481,38.778625954198475,5.603053435114504,-0.13916015625,-0.0693359375,0.3662109375,5.9211
1.8473282442748091,37.7557251908397,5.4961832061068705,-0.134033203125,-0.0673828125,0.369384765625,5.9228
1.6946564885496183,37.20610687022901,5.450381679389313,-0.14599609375,-0.060791015625,0.3720703125,5.9245
1.3587786259541985,36.62595419847328,5.251908396946565,-0.146484375,-0.06201171875,0.372802734375,5.9262
1.4809160305343512,36.35114503816794,5.099236641221374,-0.148681640625,-0.061767578125,0.36669921875,5.927899999999999
1.1908396946564885,36.030534351145036,4.961832061068702,-0.154296875,-0.059326171875,0.369140625,5.9296
0.916030534351145,35.7557251908397,4.564885496183206,-0.159912109375,-0.0556640625,0.3701171875,5.931299999999999
0.9923664122137404,35.63358778625954,4.748091603053435,-0.168701171875,-0.0537109375,0.370361328125,5.933
1.0076335877862594,35.603053435114504,4.687022900763359,-0.17041015625,-0.056396484375,0.370849609375,5.934699999999999
0.6564885496183206,35.7557251908397,4.885496183206107,-0.179931640625,-0.053955078125,0.362548828125,5.9364
0.732824427480916,35.908396946564885,4.625954198473282,-0.1748046875,-0.05322265625,0.36474609375,5.9380999999999995
0.6717557251908397,36.412213740458014,4.8396946564885495,-0.183349609375,-0.050048828125,0.371826171875,5.9398
0.4732824427480916,36.595419847328245,4.778625954198473,-0.190673828125,-0.048095703125,0.381591796875,5.9415
0.6717557251908397,37.083969465648856,4.763358778625954,-0.1923828125,-0.0498046875,0.37841796875,5.9432
0.7786259541984732,37.63358778625954,4.641221374045801,-0.197509765625,-0.049072265625,0.377197265625,5.9449
0.7786259541984732,38.213740458015266,4.717557251908397,-0.20361328125,-0.046630859375,0.382080078125,5.9466
0.7022900763358778,39.17557251908397,4.687022900763359,-0.204833984375,-0.047607421875,0.38916015625,5.9483
0.6412213740458015,40.0,4.549618320610687,-0.2060546875,-0.04443359375,0.382568359375,5.949999999999999
0.6870229007633588,40.99236641221374,4.564885496183206,-0.20849609375,-0.045166015625,0.386474609375,5.9517
0.8549618320610687,41.770992366412216,4.152671755725191,-0.211669921875,-0.04833984375,0.38671875,5.953399999999999
0.7480916030534351,43.12977099236641,4.488549618320611,-0.216064453125,-0.039794921875,0.380859375,5.9551
0.7480916030534351,44.29007633587786,4.534351145038168,-0.219482421875,-0.041748046875,0.38037109375,5.956799999999999
0.8702290076335878,45.38931297709924,4.244274809160306,-0.219970703125,-0.042724609375,0.383544921875,5.9585
0.6870229007633588,46.778625954198475,4.396946564885496,-0.22119140625,-0.041748046875,0.392578125,5.9601999999999995
0.7480916030534351,48.18320610687023,4.549618320610687,-0.22216796875,-0.0458984375,0.383056640625,5.9619
0.6412213740458015,49.9236641221374,4.656488549618321,-0.2119140625,-0.045654296875,0.3896484375,5.9636
0.4732824427480916,51.31297709923664,4.763358778625954,-0.20751953125,-0.047119140625,0.39208984375,5.9653
0.13740458015267176,53.25190839694657,4.900763358778626,-0.211181640625,-0.04638671875,0.388427734375,5.967
0.2748091603053435,55.12977099236641,4.977099236641221,-0.20458984375,-0.04638671875,0.38525390625,5.968699999999999
-0.21374045801526717,56.88549618320611,5.236641221374046,-0.195068359375,-0.052978515625,0.385498046875,5.9704
-0.8091603053435115,58.61068702290076,5.465648854961832,-0.18408203125,-0.05615234375,0.3798828125,5.972099999999999
-0.916030534351145,60.213740458015266,5.480916030534351,-0.17626953125,-0.05908203125,0.3818359375,5.9738
-1.1297709923664123,61.32824427480916,5.709923664122138,-0.175048828125,-0.060791015625,0.385009765625,5.975499999999999
-1.3587786259541985,62.33587786259542,5.7251908396946565,-0.1640625,-0.05810546875,0.37841796875,5.9772
-1.6946564885496183,62.99236641221374,6.0458015267175576,-0.15283203125,-0.056884765625,0.373779296875,5.978899999999999
-1.6641221374045803,63.31297709923664,6.305343511450381,-0.150390625,-0.060302734375,0.37646484375,5.9806
-1.7099236641221374,63.12977099236641,6.488549618320611,-0.147216796875,-0.0595703125,0.37353515625,5.9822999999999995
-1.3129770992366412,62.99236641221374,6.549618320610687,-0.135986328125,-0.0654296875,0.3798828125,5.984
-1.099236641221374,62.412213740458014,6.748091603053435,-0.13037109375,-0.063720703125,0.372314453125,5.9857
-1.251908396946565,61.52671755725191,7.0534351145038165,-0.12353515625,-0.0615234375,0.369140625,5.9874
-1.1755725190839694,60.274809160305345,7.099236641221374,-0.119873046875,-0.059814453125,0.369873046875,5.9891
-1.083969465648855,58.916030534351144,7.206106870229007,-0.121826171875,-0.0625,0.36767578125,5.990799999999999
-0.8702290076335878,57.099236641221374,7.526717557251908,-0.1142578125,-0.05859375,0.36962890625,5.9925
-0.6870229007633588,55.282442748091604,7.343511450381679,-0.12353515625,-0.0634765625,0.351806640625,5.994199999999999
-0.7633587786259542,53.725190839694655,7.557251908396947,-0.122802734375,-0.060302734375,0.356689453125,5.9959
-0.5190839694656488,51.70992366412214,7.603053435114504,-0.119873046875,-0.05712890625,0.350341796875,5.997599999999999
-0.183206106870229,49.37404580152672,7.267175572519084,-0.1201171875,-0.052734375,0.358154296875,5.9993
-0.366412213740458,47.14503816793893,7.1603053435114505,-0.11767578125,-0.052490234375,0.352294921875,6.0009999999999994
-0.22900763358778625,45.05343511450382,6.778625954198473,-0.126220703125,-0.053955078125,0.34765625,6.0027
-0.030534351145038167,43.05343511450382,6.656488549618321,-0.127197265625,-0.05615234375,0.34033203125,6.0043999999999995
-0.24427480916030533,40.916030534351144,6.564885496183206,-0.128173828125,-0.055908203125,0.348876953125,6.0061
-0.16793893129770993,39.465648854961835,5.969465648854962,-0.1318359375,-0.05029296875,0.345458984375,6.0078
-0.3053435114503817,37.969465648854964,6.061068702290076,-0.1318359375,-0.05322265625,0.341796875,6.0095
-0.3969465648854962,36.6412213740458,5.862595419847328,-0.146484375,-0.052001953125,0.3525390625,6.0112
-0.22900763358778625,35.6793893129771,5.709923664122138,-0.143798828125,-0.0556640625,0.3466796875,6.012899999999999
-0.24427480916030533,35.221374045801525,5.297709923664122,-0.147705078125,-0.04931640625,0.34765625,6.0146
-0.32061068702290074,34.97709923664122,5.267175572519084,-0.15771484375,-0.055908203125,0.344970703125,6.016299999999999
-0.5343511450381679,34.74809160305343,5.022900763358779,-0.16015625,-0.05224609375,0.346923828125,6.018
-0.549618320610687,34.732824427480914,5.038167938931298,-0.16845703125,-0.0546875,0.353515625,6.019699999999999
-0.24427480916030533,35.12977099236641,5.083969465648855,-0.1708984375,-0.055908203125,0.353759765625,6.0214
-0.44274809160305345,35.221374045801525,5.343511450381679,-0.177490234375,-0.052490234375,0.34912109375,6.0230999999999995
-0.4732824427480916,35.6793893129771,4.977099236641221,-0.1826171875,-0.05810546875,0.35009765625,6.0248
-0.5801526717557252,36.01526717557252,5.312977099236641,-0.185546875,-0.0546875,0.347900390625,6.0264999999999995
-0.4732824427480916,36.35114503816794,5.374045801526718,-0.189453125,-0.0517578125,0.34716796875,6.0282
-0.42748091603053434,37.038167938931295,5.648854961832061,-0.19189453125,-0.048828125,0.351318359375,6.0299
-0.48854961832061067,37.16030534351145,5.480916030534351,-0.193359375,-0.052490234375,0.349853515625,6.0316
-0.4732824427480916,37.51145038167939,5.8320610687022905,-0.19873046875,-0.04833984375,0.347900390625,6.0333
-0.366412213740458,38.19847328244275,5.984732824427481,-0.205810546875,-0.052734375,0.35302734375,6.034999999999999
-0.48854961832061067,38.38167938931298,5.9541984732824424,-0.20654296875,-0.05078125,0.3525390625,6.0367
-0.33587786259541985,38.732824427480914,6.305343511450381,-0.205322265625,-0.049560546875,0.349609375,6.038399999999999
-0.2900763358778626,39.099236641221374,6.778625954198473,-0.210693359375,-0.04833984375,0.350341796875,6.0401
-0.2595419847328244,39.51145038167939,6.305343511450381,-0.21630859375,-0.048828125,0.352294921875,6.041799999999999
-0.15267175572519084,39.6793893129771,6.5038167938931295,-0.217041015625,-0.0478515625,0.354736328125,6.0435
-0.030534351145038167,40.152671755725194,6.580152671755725,-0.22216796875,-0.04736328125,0.353271484375,6.0451999999999995
0.0916030534351145,40.458015267175576,7.114503816793893,-0.226318359375,-0.05224609375,0.350830078125,6.0469
0.04580152671755725,40.83969465648855,6.854961832061068,-0.221923828125,-0.048828125,0.348388671875,6.0485999999999995
0.22900763358778625,41.32824427480916,7.038167938931298,-0.223388671875,-0.050048828125,0.353271484375,6.0503
0.32061068702290074,41.847328244274806,7.297709923664122,-0.22607421875,-0.0498046875,0.35498046875,6.052
0.366412213740458,42.274809160305345,7.282442748091603,-0.224609375,-0.04541015625,0.3515625,6.0537
0.21374045801526717,43.038167938931295,7.068702290076335,-0.227783203125,-0.048828125,0.354248046875,6.0554
0.183206106870229,43.83206106870229,7.32824427480916,-0.2255859375,-0.047607421875,0.352294921875,6.057099999999999
0.15267175572519084,44.38167938931298,7.221374045801527,-0.224609375,-0.052734375,0.355224609375,6.0588
0.4580152671755725,45.37404580152672,7.587786259541985,-0.2255859375,-0.05224609375,0.356201171875,6.060499999999999
0.24427480916030533,46.152671755725194,7.419847328244275,-0.216552734375,-0.052734375,0.36279296875,6.0622
0.07633587786259542,47.29770992366412,7.816793893129771,-0.21533203125,-0.05078125,0.352783203125,6.063899999999999
0.061068702290076333,48.274809160305345,7.877862595419847,-0.216796875,-0.048828125,0.35205078125,6.0656
-0.030534351145038167,49.31297709923664,8.335877862595419,-0.21044921875,-0.049072265625,0.349365234375,6.0672999999999995
-0.030534351145038167,50.29007633587786,8.564885496183207,-0.205078125,-0.05517578125,0.3466796875,6.069
-0.24427480916030533,51.02290076335878,8.763358778625955,-0.1962890625,-0.060302734375,0.348876953125,6.0706999999999995
-0.366412213740458,51.49618320610687,8.83969465648855,-0.1953125,-0.053955078125,0.35205078125,6.0724
-0.32061068702290074,52.0763358778626,9.34351145038168,-0.184814453125,-0.05517578125,0.338134765625,6.0741
-0.32061068702290074,52.44274809160305,9.221374045801527,-0.18505859375,-0.052978515625,0.33154296875,6.0758
-0.10687022900763359,52.091603053435115,9.389312977099237,-0.17919921875,-0.05419921875,0.35107421875,6.0775
-0.3053435114503817,51.66412213740458,9.526717557251908,-0.1767578125,-0.046630859375,0.3271484375,6.079199999999999
0.13740458015267176,51.343511450381676,9.419847328244275,-0.17431640625,-0.055419921875,0.334716796875,6.0809
0.0916030534351145,50.50381679389313,9.404580152671755,-0.166259765625,-0.057373046875,0.3408203125,6.082599999999999
0.10687022900763359,49.66412213740458,9.49618320610687,-0.166259765625,-0.049072265625,0.32177734375,6.0843
0.2748091603053435,48.58015267175573,9.32824427480916,-0.167236328125,-0.05126953125,0.332275390625,6.085999999999999
0.48854961832061067,47.05343511450382,9.099236641221374,-0.163330078125,-0.05712890625,0.33203125,6.0877
0.4580152671755725,46.10687022900763,8.916030534351146,-0.16259765625,-0.04296875,0.33349609375,6.0893999999999995
0.7022900763358778,44.534351145038165,8.870229007633588,-0.16064453125,-0.048095703125,0.32470703125,6.0911
1.0229007633587786,43.19083969465649,8.732824427480915,-0.164794921875,-0.04296875,0.32470703125,6.0927999999999995
1.1908396946564885,41.541984732824424,8.442748091603054,-0.158935546875,-0.03955078125,0.322998046875,6.0945
1.0534351145038168,39.74045801526717,8.442748091603054,-0.1591796875,-0.042724609375,0.32861328125,6.0962
1.2061068702290076,38.38167938931298,8.320610687022901,-0.16796875,-0.038818359375,0.32470703125,6.0979
1.282442748091603,36.88549618320611,7.755725190839694,-0.16748046875,-0.04150390625,0.324462890625,6.0996
1.7099236641221374,35.48091603053435,7.816793893129771,-0.17724609375,-0.036376953125,0.326171875,6.101299999999999
1.8015267175572518,34.29007633587786,7.6183206106870225,-0.172119140625,-0.040283203125,0.322265625,6.103
1.6793893129770991,33.64885496183206,7.603053435114504,-0.173095703125,-0.04052734375,0.32080078125,6.104699999999999
2.045801526717557,32.76335877862596,7.221374045801527,-0.1806640625,-0.03564453125,0.322021484375,6.1064
2.183206106870229,32.045801526717554,7.099236641221374,-0.184814453125,-0.0361328125,0.326171875,6.108099999999999
1.9694656488549618,31.633587786259543,6.656488549618321,-0.187744140625,-0.03662109375,0.31591796875,6.1098
2.3053435114503817,31.389312977099237,6.564885496183206,-0.187255859375,-0.037841796875,0.328857421875,6.1114999999999995
2.122137404580153,31.17557251908397,6.549618320610687,-0.19140625,-0.03564453125,0.32568359375,6.1132
2.1526717557251906,31.022900763358777,6.473282442748092,-0.19775390625,-0.035888671875,0.32763671875,6.1149
2.351145038167939,31.328244274809162,6.366412213740458,-0.20263671875,-0.04345703125,0.336181640625,6.1166
2.4122137404580153,31.31297709923664,6.396946564885496,-0.21044921875,-0.045654296875,0.328125,6.1183
2.366412213740458,31.34351145038168,6.183206106870229,-0.218994140625,-0.033935546875,0.330322265625,6.119999999999999
2.519083969465649,31.435114503816795,6.366412213740458,-0.21826171875,-0.035888671875,0.322998046875,6.1217
2.687022900763359,31.236641221374047,6.305343511450381,-0.220947265625,-0.041259765625,0.326416015625,6.123399999999999
2.7022900763358777,31.52671755725191,6.625954198473282,-0.2255859375,-0.039794921875,0.335205078125,6.1251
2.6412213740458017,31.755725190839694,6.595419847328245,-0.231689453125,-0.040771484375,0.33642578125,6.126799999999999
2.885496183206107,31.603053435114504,6.717557251908397,-0.229248046875,-0.040283203125,0.332275390625,6.1285
2.9618320610687023,31.740458015267176,6.748091603053435,-0.23486328125,-0.044921875,0.333251953125,6.130199999999999
3.2213740458015265,31.923664122137403,6.732824427480916,-0.2392578125,-0.04296875,0.336669921875,6.1319
3.3587786259541983,32.0,7.0534351145038165,-0.242919921875,-0.04296875,0.33984375,6.1335999999999995
3.068702290076336,32.3206106870229,7.358778625954199,-0.244140625,-0.040283203125,0.32861328125,6.1353
3.4198473282442747,32.732824427480914,7.190839694656488,-0.250732421875,-0.0439453125,0.32958984375,6.137
3.49618320610687,33.29770992366412,7.572519083969466,-0.25146484375,-0.0390625,0.33935546875,6.1387
3.3740458015267176,34.0763358778626,7.526717557251908,-0.24951171875,-0.0478515625,0.33154296875,6.1404
3.3435114503816794,34.47328244274809,7.557251908396947,-0.24560546875,-0.04736328125,0.33544921875,6.142099999999999
3.1908396946564888,35.11450381679389,7.66412213740458,-0.24853515625,-0.045654296875,0.343017578125,6.1438
3.5572519083969465,35.969465648854964,7.786259541984733,-0.25,-0.042724609375,0.345458984375,6.145499999999999
3.5572519083969465,36.94656488549618,7.526717557251908,-0.251708984375,-0.042724609375,0.33642578125,6.1472
3.4198473282442747,37.541984732824424,7.633587786259542,-0.25146484375,-0.041748046875,0.338623046875,6.148899999999999
3.633587786259542,38.091603053435115,7.679389312977099,-0.25,-0.04443359375,0.34130859375,6.1506
3.7709923664122136,38.87022900763359,7.66412213740458,-0.250732421875,-0.043212890625,0.34765625,6.152299999999999
3.66412213740458,39.603053435114504,7.526717557251908,-0.25341796875,-0.046142578125,0.3466796875,6.154
3.7709923664122136,40.42748091603053,7.557251908396947,-0.258544921875,-0.042236328125,0.34326171875,6.1556999999999995
3.7404580152671754,40.916030534351144,7.3893129770992365,-0.2568359375,-0.04248046875,0.341552734375,6.1574
3.6030534351145036,41.587786259541986,7.419847328244275,-0.255859375,-0.037109375,0.34423828125,6.1591
3.7251908396946565,41.954198473282446,7.435114503816794,-0.258544921875,-0.037353515625,0.334228515625,6.1608
3.7709923664122136,42.732824427480914,7.3893129770992365,-0.253173828125,-0.041748046875,0.334228515625,6.1625
3.6030534351145036,43.25190839694657,7.267175572519084,-0.25048828125,-0.038330078125,0.341796875,6.164199999999999
3.5114503816793894,43.80152671755725,7.312977099236641,-0.255859375,-0.037353515625,0.3388671875,6.1659
3.877862595419847,44.35114503816794,7.175572519083969,-0.24755859375,-0.03955078125,0.334228515625,6.167599999999999
3.572519083969466,44.717557251908396,7.114503816793893,-0.25048828125,-0.04150390625,0.33251953125,6.1693
3.450381679389313,45.12977099236641,6.824427480916031,-0.251220703125,-0.039794921875,0.337158203125,6.170999999999999
3.3282442748091605,45.52671755725191,6.900763358778626,-0.243896484375,-0.046630859375,0.336181640625,6.1727
3.5572519083969465,45.969465648854964,6.99236641221374,-0.2412109375,-0.04736328125,0.34326171875,6.1743999999999994
3.572519083969466,46.35114503816794,6.8396946564885495,-0.2431640625,-0.041015625,0.324462890625,6.1761
3.5267175572519083,46.51908396946565,6.763358778625954,-0.241943359375,-0.041015625,0.330322265625,6.1777999999999995
3.4656488549618323,46.58015267175573,6.8396946564885495,-0.23828125,-0.041015625,0.342529296875,6.1795
3.801526717557252,46.458015267175576,6.824427480916031,-0.235107421875,-0.045166015625,0.3271484375,6.1812
3.572519083969466,46.38167938931298,6.687022900763359,-0.2333984375,-0.044189453125,0.325927734375,6.1829
3.6946564885496183,46.30534351145038,6.717557251908397,-0.230224609375,-0.04345703125,0.328125,6.1846
3.954198473282443,45.86259541984733,6.793893129770993,-0.2275390625,-0.04345703125,0.3251953125,6.186299999999999
3.877862595419847,45.847328244274806,6.763358778625954,-0.23486328125,-0.048828125,0.327880859375,6.188
3.969465648854962,45.43511450381679,6.748091603053435,-0.22802734375,-0.042724609375,0.33251953125,6.189699999999999
4.122137404580153,44.79389312977099,7.00763358778626,-0.22802734375,-0.04248046875,0.31591796875,6.1914
3.984732824427481,44.091603053435115,7.190839694656488,-0.233154296875,-0.041259765625,0.322265625,6.193099999999999
4.320610687022901,43.9236641221374,7.083969465648855,-0.23046875,-0.047607421875,0.329833984375,6.1948
4.320610687022901,43.57251908396947,7.450381679389313,-0.235107421875,-0.041748046875,0.329833984375,6.1964999999999995
4.473282442748092,43.25190839694657,7.312977099236641,-0.240966796875,-0.042724609375,0.333740234375,6.1982
4.5038167938931295,43.05343511450382,7.3893129770992365,-0.23974609375,-0.04296875,0.3369140625,6.1998999999999995
4.473282442748092,43.06870229007634,7.587786259541985,-0.237060546875,-0.04931640625,0.328857421875,6.2016
4.33587786259542,43.20610687022901,7.603053435114504,-0.241943359375,-0.047607421875,0.326416015625,6.2033
4.290076335877862,43.267175572519086,7.908396946564886,-0.243896484375,-0.04638671875,0.33251953125,6.205
4.091603053435114,43.48091603053435,7.709923664122138,-0.2451171875,-0.04931640625,0.332763671875,6.2067
4.061068702290076,43.908396946564885,7.908396946564886,-0.247314453125,-0.0458984375,0.325439453125,6.208399999999999
4.061068702290076,44.18320610687023,7.786259541984733,-0.254150390625,-0.048583984375,0.33056640625,6.2101
4.015267175572519,44.48854961832061,8.061068702290076,-0.255615234375,-0.049072265625,0.32666015625,6.211799999999999
4.030534351145038,44.97709923664122,8.091603053435115,-0.255859375,-0.052734375,0.3310546875,6.2135
3.83206106870229,45.45038167938932,8.244274809160306,-0.2578125,-0.052490234375,0.325439453125,6.215199999999999
3.618320610687023,45.80152671755725,8.15267175572519,-0.2587890625,-0.0546875,0.32080078125,6.2169
3.5267175572519083,46.25954198473283,8.412213740458014,-0.260986328125,-0.04833984375,0.32763671875,6.2185999999999995
3.435114503816794,46.80916030534351,8.50381679389313,-0.261474609375,-0.0498046875,0.328125,6.2203
3.3435114503816794,47.05343511450382,8.67175572519084,-0.259033203125,-0.051025390625,0.3203125,6.2219999999999995
3.1297709923664123,47.786259541984734,8.595419847328245,-0.267822265625,-0.0478515625,0.326416015625,6.2237
3.0076335877862594,48.18320610687023,9.038167938931299,-0.26171875,-0.052001953125,0.326171875,6.2254
2.9770992366412212,48.656488549618324,8.977099236641221,-0.26025390625,-0.04833984375,0.326171875,6.2271
2.7022900763358777,49.16030534351145,9.282442748091603,-0.253662109375,-0.055908203125,0.32763671875,6.2288
2.7786259541984735,49.404580152671755,9.114503816793894,-0.2490234375,-0.0517578125,0.326904296875,6.230499999999999
2.6717557251908395,49.786259541984734,9.282442748091603,-0.248779296875,-0.047607421875,0.32373046875,6.2322
2.3206106870229006,50.06106870229008,9.34351145038168,-0.251708984375,-0.04736328125,0.324462890625,6.233899999999999
2.50381679389313,50.3206106870229,9.389312977099237,-0.247314453125,-0.0498046875,0.316162109375,6.2356
2.3206106870229006,50.58015267175573,9.236641221374045,-0.24365234375,-0.048095703125,0.319091796875,6.237299999999999
2.2595419847328246,50.54961832061068,9.404580152671755,-0.2421875,-0.044921875,0.3154296875,6.239
2.351145038167939,50.47328244274809,9.19083969465649,-0.233154296875,-0.04443359375,0.3203125,6.2406999999999995
2.1374045801526718,50.091603053435115,9.251908396946565,-0.233154296875,-0.044189453125,0.31494140625,6.2424
2.1068702290076335,49.89312977099237,8.83969465648855,-0.235595703125,-0.0478515625,0.3125,6.2440999999999995
2.030534351145038,49.32824427480916,8.748091603053435,-0.233154296875,-0.046875,0.311767578125,6.2458
1.9083969465648856,48.656488549618324,8.473282442748092,-0.22900390625,-0.04150390625,0.306396484375,6.2475
1.9541984732824427,48.0763358778626,8.427480916030534,-0.2265625,-0.039794921875,0.32080078125,6.2492
1.6793893129770991,47.465648854961835,8.274809160305344,-0.231201171875,-0.044189453125,0.3125,6.2509
1.7709923664122138,46.595419847328245,8.15267175572519,-0.232421875,-0.041748046875,0.310791015625,6.252599999999999
1.6793893129770991,46.01526717557252,7.801526717557252,-0.229736328125,-0.03759765625,0.302001953125,6.2543
1.6946564885496183,45.541984732824424,7.786259541984733,-0.229736328125,-0.037841796875,0.298095703125,6.255999999999999
1.7099236641221374,44.6412213740458,7.206106870229007,-0.231689453125,-0.039306640625,0.316162109375,6.2577
1.7557251908396947,43.969465648854964,7.068702290076335,-0.238525390625,-0.04248046875,0.314697265625,6.259399999999999
1.6641221374045803,43.70992366412214,6.900763358778626,-0.23828125,-0.0390625,0.317138671875,6.2611
1.618320610687023,43.282442748091604,7.038167938931298,-0.238037109375,-0.03662109375,0.304443359375,6.2627999999999995
1.786259541984733,42.85496183206107,6.717557251908397,-0.2373046875,-0.037353515625,0.29833984375,6.2645
1.7709923664122138,42.48854961832061,6.793893129770993,-0.234619140625,-0.04052734375,0.2978515625,6.2661999999999995
1.7099236641221374,42.274809160305345,6.6106870229007635,-0.240234375,-0.035888671875,0.300048828125,6.2679
1.6030534351145038,41.89312977099237,6.549618320610687,-0.24462890625,-0.029052734375,0.300048828125,6.2696
1.465648854961832,41.63358778625954,6.396946564885496,-0.2451171875,-0.036865234375,0.3046875,6.271299999999999
1.5419847328244274,41.74045801526717,6.320610687022901,-0.24169921875,-0.032470703125,0.29931640625,6.273
1.5572519083969465,41.603053435114504,6.213740458015267,-0.249267578125,-0.038818359375,0.302978515625,6.274699999999999
1.3435114503816794,41.31297709923664,6.412213740458015,-0.24951171875,-0.038818359375,0.304931640625,6.2764
1.6641221374045803,41.29770992366412,6.152671755725191,-0.255126953125,-0.037109375,0.301513671875,6.278099999999999
1.7557251908396947,41.099236641221374,6.305343511450381,-0.2509765625,-0.038330078125,0.297607421875,6.2798
1.6030534351145038,41.099236641221374,6.198473282442748,-0.252685546875,-0.033447265625,0.300537109375,6.281499999999999
1.465648854961832,40.58015267175573,6.030534351145038,-0.25732421875,-0.034912109375,0.29150390625,6.2832
1.6946564885496183,40.36641221374046,5.893129770992366,-0.26123046875,-0.033447265625,0.298828125,6.2848999999999995
1.83206106870229,40.274809160305345,6.213740458015267,-0.260498046875,-0.03564453125,0.307373046875,6.2866
1.8931297709923665,39.98473282442748,6.259541984732825,-0.26611328125,-0.033203125,0.304931640625,6.2883
1.7099236641221374,39.69465648854962,6.091603053435114,-0.26513671875,-0.0341796875,0.30029296875,6.29
1.9541984732824427,39.770992366412216,6.015267175572519,-0.267822265625,-0.03173828125,0.31298828125,6.2917
2.1068702290076335,39.63358778625954,6.152671755725191,-0.2685546875,-0.033203125,0.311279296875,6.293399999999999
1.984732824427481,39.23664122137404,6.198473282442748,-0.270263671875,-0.032470703125,0.301025390625,6.2951
1.7709923664122138,39.52671755725191,6.244274809160306,-0.270751953125,-0.027587890625,0.30712890625,6.296799999999999
1.9236641221374047,39.32824427480916,5.923664122137405,-0.269287109375,-0.031494140625,0.2978515625,6.2985
2.198473282442748,39.70992366412214,6.076335877862595,-0.272216796875,-0.033447265625,0.31103515625,6.300199999999999
2.0,39.80152671755725,5.862595419847328,-0.276123046875,-0.03515625,0.303955078125,6.3019
1.8625954198473282,39.89312977099237,6.106870229007634,-0.280517578125,-0.037109375,0.310791015625,6.303599999999999
1.9541984732824427,39.908396946564885,6.106870229007634,-0.275390625,-0.033935546875,0.314453125,6.3053
1.8625954198473282,40.29007633587786,5.9541984732824424,-0.278564453125,-0.03466796875,0.303955078125,6.3069999999999995
1.83206106870229,40.54961832061068,5.938931297709924,-0.28466796875,-0.035400390625,0.30810546875,6.3087
1.8625954198473282,40.70229007633588,6.213740458015267,-0.285888671875,-0.033447265625,0.30517578125,6.3104
1.816793893129771,40.80916030534351,6.137404580152672,-0.283203125,-0.039794921875,0.29541015625,6.3121
1.5877862595419847,41.16030534351145,6.213740458015267,-0.285888671875,-0.036376953125,0.31201171875,6.3138
1.8015267175572518,41.37404580152672,6.198473282442748,-0.2880859375,-0.039306640625,0.2998046875,6.315499999999999
1.8931297709923665,41.786259541984734,6.442748091603053,-0.293212890625,-0.039794921875,0.30712890625,6.3172
1.4198473282442747,42.0,6.2748091603053435,-0.2890625,-0.047607421875,0.30908203125,6.318899999999999
1.5572519083969465,42.2442748091603,6.595419847328245,-0.29296875,-0.0400390625,0.314697265625,6.3206
1.5877862595419847,42.778625954198475,6.763358778625954,-0.294677734375,-0.04248046875,0.31103515625,6.322299999999999
1.5572519083969465,43.282442748091604,7.038167938931298,-0.28955078125,-0.038330078125,0.299560546875,6.324
1.3435114503816794,43.83206106870229,6.8396946564885495,-0.290283203125,-0.038818359375,0.300048828125,6.325699999999999
1.2213740458015268,44.36641221374046,6.9465648854961835,-0.291748046875,-0.03564453125,0.30322265625,6.3274
1.282442748091603,45.06870229007634,7.083969465648855,-0.290283203125,-0.043701171875,0.301513671875,6.3290999999999995
1.1755725190839694,45.61832061068702,7.282442748091603,-0.28955078125,-0.043701171875,0.2998046875,6.3308
0.9770992366412213,45.908396946564885,7.251908396946565,-0.2880859375,-0.037109375,0.2919921875,6.3325
1.1450381679389312,46.778625954198475,7.251908396946565,-0.287841796875,-0.036865234375,0.2861328125,6.3342
0.9007633587786259,47.06870229007634,7.114503816793893,-0.28759765625,-0.03955078125,0.29248046875,6.3359
0.6870229007633588,47.343511450381676,7.312977099236641,-0.283447265625,-0.036376953125,0.3017578125,6.337599999999999
0.7480916030534351,47.541984732824424,7.0534351145038165,-0.28173828125,-0.040771484375,0.300537109375,6.3393
0.7480916030534351,47.57251908396947,7.129770992366412,-0.28466796875,-0.03515625,0.29150390625,6.340999999999999
0.6259541984732825,47.725190839694655,6.99236641221374,-0.28271484375,-0.038818359375,0.29638671875,6.3427
0.8091603053435115,47.93893129770992,6.977099236641221,-0.28076171875,-0.037353515625,0.294677734375,6.344399999999999
0.7175572519083969,47.81679389312977,6.763358778625954,-0.281005859375,-0.03173828125,0.29638671875,6.3461
0.9465648854961832,47.66412213740458,6.702290076335878,-0.2822265625,-0.0341796875,0.296142578125,6.347799999999999
0.6106870229007634,47.25190839694657,6.793893129770993,-0.2822265625,-0.031982421875,0.294189453125,6.3495
0.6870229007633588,46.82442748091603,6.717557251908397,-0.28515625,-0.034912109375,0.28564453125,6.3511999999999995
1.0229007633587786,46.82442748091603,6.854961832061068,-0.27392578125,-0.028076171875,0.28955078125,6.3529
0.9312977099236641,46.51908396946565,6.6106870229007635,-0.272216796875,-0.033447265625,0.30029296875,6.3546
0.8549618320610687,46.38167938931298,6.549618320610687,-0.278564453125,-0.031005859375,0.297119140625,6.3563
0.916030534351145,45.847328244274806,6.33587786259542,-0.281005859375,-0.033935546875,0.29638671875,6.358
0.9465648854961832,45.74045801526717,6.290076335877862,-0.281494140625,-0.03759765625,0.28662109375,6.359699999999999
0.916030534351145,45.465648854961835,6.3816793893129775,-0.2822265625,-0.03466796875,0.281982421875,6.3614
1.1755725190839694,45.31297709923664,6.076335877862595,-0.285400390625,-0.027587890625,0.291015625,6.363099999999999
1.2213740458015268,45.221374045801525,5.969465648854962,-0.28564453125,-0.030517578125,0.288330078125,6.3648
1.4045801526717556,45.00763358778626,5.984732824427481,-0.2841796875,-0.024658203125,0.28955078125,6.366499999999999
1.450381679389313,45.23664122137404,5.877862595419847,-0.28369140625,-0.029296875,0.297607421875,6.3682
1.3435114503816794,45.14503816793893,5.755725190839694,-0.289306640625,-0.032470703125,0.28955078125,6.3698999999999995
1.6030534351145038,45.02290076335878,5.755725190839694,-0.296630859375,-0.027587890625,0.283203125,6.3716
1.7404580152671756,45.038167938931295,5.511450381679389,-0.2958984375,-0.030517578125,0.291259765625,6.3732999999999995
1.5877862595419847,45.17557251908397,5.435114503816794,-0.295166015625,-0.029541015625,0.288818359375,6.375
1.7404580152671756,45.31297709923664,5.541984732824427,-0.299072265625,-0.028564453125,0.291259765625,6.3767
1.8015267175572518,45.19083969465649,5.145038167938932,-0.302001953125,-0.030029296875,0.29248046875,6.3784
1.7404580152671756,45.603053435114504,5.221374045801527,-0.302978515625,-0.028076171875,0.289306640625,6.3801
1.83206106870229,45.64885496183206,5.0534351145038165,-0.306396484375,-0.029052734375,0.29443359375,6.381799999999999
1.8625954198473282,45.954198473282446,5.114503816793893,-0.310302734375,-0.0302734375,0.2958984375,6.3835
1.6793893129770991,45.954198473282446,5.206106870229007,-0.308837890625,-0.026611328125,0.290771484375,6.385199999999999
1.6946564885496183,46.19847328244275,5.251908396946565,-0.3076171875,-0.029052734375,0.292236328125,6.3869
1.7099236641221374,46.6412213740458,5.038167938931298,-0.3125,-0.030029296875,0.28857421875,6.388599999999999
1.618320610687023,46.87022900763359,5.068702290076335,-0.31298828125,-0.032958984375,0.282958984375,6.3903
1.7099236641221374,47.267175572519086,5.099236641221374,-0.312744140625,-0.0283203125,0.293701171875,6.3919999999999995
1.83206106870229,47.541984732824424,5.114503816793893,-0.312255859375,-0.030029296875,0.285888671875,6.3937
1.5419847328244274,47.98473282442748,5.236641221374046,-0.312744140625,-0.0283203125,0.285888671875,6.3953999999999995
1.4961832061068703,48.30534351145038,5.221374045801527,-0.317626953125,-0.039794921875,0.285400390625,6.3971
1.450381679389313,48.76335877862596,5.312977099236641,-0.31396484375,-0.0361328125,0.289794921875,6.3988
1.465648854961832,49.3587786259542,5.572519083969466,-0.31396484375,-0.036376953125,0.281005859375,6.4005
1.2671755725190839,49.87786259541985,5.358778625954199,-0.314697265625,-0.034912109375,0.28955078125,6.4022
1.1450381679389312,50.25954198473283,5.557251908396947,-0.315185546875,-0.0341796875,0.29296875,6.403899999999999
0.8854961832061069,50.68702290076336,5.450381679389313,-0.314453125,-0.035888671875,0.2919921875,6.4056
0.8854961832061069,51.20610687022901,5.633587786259542,-0.312744140625,-0.03173828125,0.287353515625,6.407299999999999
0.6259541984732825,51.80152671755725,5.541984732824427,-0.310302734375,-0.043701171875,0.287109375,6.409
0.732824427480916,52.01526717557252,5.648854961832061,-0.30908203125,-0.03662109375,0.291748046875,6.410699999999999
0.3969465648854962,52.458015267175576,5.587786259541985,-0.3095703125,-0.0400390625,0.28466796875,6.4124
0.366412213740458,52.74809160305343,5.8320610687022905,-0.3115234375,-0.0458984375,0.28369140625,6.4140999999999995
0.183206106870229,52.916030534351144,5.694656488549619,-0.31103515625,-0.042236328125,0.28759765625,6.4158
0.183206106870229,52.99236641221374,5.9541984732824424,-0.308837890625,-0.044677734375,0.283447265625,6.4174999999999995
0.04580152671755725,53.06870229007634,5.938931297709924,-0.309814453125,-0.0419921875,0.2880859375,6.4192
-0.22900763358778625,53.23664122137404,5.969465648854962,-0.3037109375,-0.041259765625,0.279541015625,6.4209
-0.2595419847328244,53.17557251908397,5.862595419847328,-0.297607421875,-0.03955078125,0.27880859375,6.422599999999999
-0.24427480916030533,53.00763358778626,6.183206106870229,-0.3037109375,-0.0400390625,0.282470703125,6.4243
-0.4122137404580153,52.88549618320611,6.061068702290076,-0.304443359375,-0.041748046875,0.275146484375,6.425999999999999
-0.3969465648854962,52.82442748091603,6.1679389312977095,-0.304443359375,-0.04443359375,0.275390625,6.4277
-0.5038167938931297,52.51908396946565,6.076335877862595,-0.302978515625,-0.0439453125,0.276611328125,6.429399999999999
-0.6564885496183206,52.29007633587786,6.061068702290076,-0.2978515625,-0.042236328125,0.281494140625,6.4311
-0.549618320610687,52.0,6.244274809160306,-0.298095703125,-0.041259765625,0.271240234375,6.432799999999999
-0.6106870229007634,51.7557251908397,6.3816793893129775,-0.30078125,-0.0419921875,0.271484375,6.4345
-0.7633587786259542,51.52671755725191,6.259541984732825,-0.2978515625,-0.03857421875,0.276611328125,6.4361999999999995
-0.7633587786259542,51.23664122137404,6.2748091603053435,-0.300048828125,-0.033447265625,0.276611328125,6.4379
-0.7480916030534351,50.99236641221374,6.396946564885496,-0.3017578125,-0.036865234375,0.28125,6.4395999999999995
-0.8702290076335878,50.62595419847328,6.396946564885496,-0.307373046875,-0.034912109375,0.2763671875,6.4413
-0.8396946564885496,50.38167938931298,6.213740458015267,-0.307861328125,-0.034912109375,0.2744140625,6.443
-0.6870229007633588,50.16793893129771,6.473282442748092,-0.303466796875,-0.032958984375,0.2763671875,6.444699999999999
-0.732824427480916,49.89312977099237,6.2748091603053435,-0.310791015625,-0.038330078125,0.2822265625,6.4464
-0.6564885496183206,49.587786259541986,6.33587786259542,-0.314453125,-0.033447265625,0.27734375,6.448099999999999
-0.6106870229007634,49.80152671755725,6.33587786259542,-0.31689453125,-0.0361328125,0.26904296875,6.4498
-0.42748091603053434,49.61832061068702,6.732824427480916,-0.317626953125,-0.033935546875,0.276123046875,6.451499999999999
-0.33587786259541985,49.69465648854962,6.656488549618321,-0.3203125,-0.02685546875,0.273193359375,6.4532
-0.42748091603053434,49.86259541984733,6.793893129770993,-0.32421875,-0.032470703125,0.280517578125,6.454899999999999
-0.015267175572519083,50.01526717557252,6.885496183206107,-0.32763671875,-0.02734375,0.27978515625,6.4566
-0.030534351145038167,50.25954198473283,6.8396946564885495,-0.327880859375,-0.0302734375,0.269775390625,6.4582999999999995
-0.061068702290076333,50.25954198473283,6.6106870229007635,-0.334716796875,-0.03369140625,0.2802734375,6.46
-0.030534351145038167,50.732824427480914,6.977099236641221,-0.334228515625,-0.02783203125,0.279541015625,6.4616999999999996
0.42748091603053434,51.221374045801525,6.99236641221374,-0.333984375,-0.0322265625,0.275146484375,6.4634
0.42748091603053434,51.465648854961835,6.916030534351145,-0.342529296875,-0.029541015625,0.280517578125,6.4651
0.3511450381679389,51.908396946564885,7.175572519083969,-0.343505859375,-0.0283203125,0.27587890625,6.466799999999999
0.3816793893129771,52.42748091603053,7.374045801526718,-0.341552734375,-0.028564453125,0.281982421875,6.4685
0.5190839694656488,52.82442748091603,7.0534351145038165,-0.33935546875,-0.023681640625,0.2763671875,6.470199999999999
0.5801526717557252,53.37404580152672,7.236641221374046,-0.3486328125,-0.028076171875,0.26611328125,6.4719
0.6564885496183206,53.87786259541985,7.374045801526718,-0.345703125,-0.02294921875,0.266357421875,6.473599999999999
0.6412213740458015,54.6412213740458,7.648854961832061,-0.348388671875,-0.02880859375,0.2802734375,6.4753
0.8396946564885496,55.52671755725191,7.312977099236641,-0.3466796875,-0.02783203125,0.27197265625,6.476999999999999
0.8396946564885496,56.13740458015267,7.312977099236641,-0.34521484375,-0.0302734375,0.276611328125,6.4787
0.7786259541984732,56.51908396946565,7.3893129770992365,-0.353515625,-0.0283203125,0.264404296875,6.4803999999999995
0.8091603053435115,57.31297709923664,7.541984732824427,-0.3486328125,-0.02783203125,0.27197265625,6.4821
1.0076335877862594,57.93893129770992,7.587786259541985,-0.346435546875,-0.034423828125,0.279052734375,6.4838
0.8396946564885496,58.83969465648855,7.587786259541985,-0.34765625,-0.031494140625,0.272705078125,6.4855
0.9618320610687023,59.63358778625954,7.557251908396947,-0.345703125,-0.02734375,0.275146484375,6.4872
0.7175572519083969,60.3206106870229,7.908396946564886,-0.346923828125,-0.030029296875,0.259765625,6.488899999999999
0.7786259541984732,60.961832061068705,7.633587786259542,-0.343505859375,-0.03125,0.2587890625,6.4906
0.732824427480916,61.3587786259542,7.694656488549619,-0.342529296875,-0.028076171875,0.2724609375,6.492299999999999
0.8244274809160306,61.70992366412214,7.938931297709924,-0.34228515625,-0.029052734375,0.25830078125,6.494
0.732824427480916,62.213740458015266,7.679389312977099,-0.336669921875,-0.0322265625,0.253173828125,6.495699999999999
0.9618320610687023,62.50381679389313,7.938931297709924,-0.341064453125,-0.027099609375,0.26025390625,6.4974
0.6717557251908397,62.93129770992366,7.877862595419847,-0.3388671875,-0.028564453125,0.269775390625,6.499099999999999
0.7938931297709924,62.99236641221374,7.938931297709924,-0.33935546875,-0.03515625,0.268310546875,6.5008
0.8702290076335878,63.38931297709924,8.061068702290076,-0.330322265625,-0.033447265625,0.259765625,6.5024999999999995
0.6564885496183206,63.3587786259542,7.9541984732824424,-0.328125,-0.02685546875,0.250732421875,6.5042
0.5648854961832062,63.25190839694657,8.122137404580153,-0.3251953125,-0.029541015625,0.25244140625,6.5059
0.6564885496183206,63.282442748091604,7.9541984732824424,-0.3232421875,-0.034912109375,0.25341796875,6.5076
0.5038167938931297,63.12977099236641,7.9541984732824424,-0.322509765625,-0.029541015625,0.248291015625,6.5093
0.22900763358778625,62.88549618320611,7.786259541984733,-0.32373046875,-0.03173828125,0.250244140625,6.510999999999999
0.3053435114503817,62.656488549618324,7.893129770992366,-0.32421875,-0.030517578125,0.24462890625,6.5127
0.366412213740458,62.18320610687023,7.648854961832061,-0.31982421875,-0.02685546875,0.241943359375,6.514399999999999
0.3053435114503817,61.7557251908397,7.572519083969466,-0.32275390625,-0.030517578125,0.248046875,6.5161
0.2748091603053435,61.29770992366412,7.450381679389313,-0.320068359375,-0.02685546875,0.248291015625,6.517799999999999
0.1984732824427481,60.79389312977099,7.557251908396947,-0.321044921875,-0.028076171875,0.24658203125,6.5195
0.2595419847328244,60.47328244274809,7.175572519083969,-0.319580078125,-0.024658203125,0.24365234375,6.521199999999999
0.0,60.152671755725194,7.206106870229007,-0.324462890625,-0.026611328125,0.241943359375,6.5229
0.183206106870229,59.587786259541986,7.114503816793893,-0.32763671875,-0.02783203125,0.238037109375,6.5245999999999995
0.33587786259541985,59.14503816793893,6.99236641221374,-0.326171875,-0.02587890625,0.24169921875,6.5263
0.13740458015267176,58.44274809160305,6.8396946564885495,-0.32568359375,-0.030029296875,0.24609375,6.528
0.015267175572519083,58.33587786259542,6.870229007633588,-0.3291015625,-0.02392578125,0.237060546875,6.5297
0.13740458015267176,57.86259541984733,6.778625954198473,-0.3359375,-0.025146484375,0.236572265625,6.5314
0.3053435114503817,57.80152671755725,6.885496183206107,-0.34228515625,-0.0263671875,0.24267578125,6.533099999999999
0.15267175572519084,57.541984732824424,6.702290076335878,-0.34228515625,-0.025634765625,0.245849609375,6.5348
0.183206106870229,57.61832061068702,6.3816793893129775,-0.346435546875,-0.027587890625,0.2431640625,6.536499999999999
0.0916030534351145,57.725190839694655,6.351145038167939,-0.3466796875,-0.02001953125,0.2470703125,6.5382
0.12213740458015267,58.06106870229008,6.473282442748092,-0.347412109375,-0.020263671875,0.246337890625,6.539899999999999
-0.030534351145038167,58.44274809160305,6.305343511450381,-0.353271484375,-0.02490234375,0.2451171875,6.5416
-0.061068702290076333,59.19083969465649,6.229007633587786,-0.35107421875,-0.025634765625,0.240478515625,6.5432999999999995
-0.32061068702290074,59.404580152671755,6.0458015267175576,-0.361572265625,-0.02734375,0.2412109375,6.545
-0.10687022900763359,60.0,6.152671755725191,-0.359375,-0.028564453125,0.24853515625,6.5466999999999995
-0.183206106870229,60.900763358778626,5.801526717557252,-0.357666015625,-0.02392578125,0.24560546875,6.5484
-0.32061068702290074,61.587786259541986,5.8320610687022905,-0.370361328125,-0.0283203125,0.245849609375,6.5501
-0.549618320610687,62.18320610687023,5.66412213740458,-0.3681640625,-0.02734375,0.241455078125,6.5518
-0.3969465648854962,62.87022900763359,5.740458015267175,-0.364013671875,-0.03125,0.2353515625,6.5535
-0.4122137404580153,63.282442748091604,5.633587786259542,-0.366943359375,-0.028076171875,0.237548828125,6.555199999999999
-0.732824427480916,63.954198473282446,5.526717557251908,-0.369873046875,-0.02392578125,0.234619140625,6.5569
-0.7175572519083969,64.76335877862596,5.450381679389313,-0.366455078125,-0.03271484375,0.239990234375,6.558599999999999
-0.7786259541984732,65.29770992366412,5.587786259541985,-0.365966796875,-0.025634765625,0.24365234375,6.5603
-0.9618320610687023,65.64885496183206,5.480916030534351,-0.365966796875,-0.0234375,0.2412109375,6.561999999999999
-1.0687022900763359,66.06106870229007,5.419847328244275,-0.365966796875,-0.025390625,0.236083984375,6.5637
-1.1755725190839694,66.6412213740458,5.526717557251908,-0.36279296875,-0.029541015625,0.234619140625,6.5653999999999995
-1.1297709923664123,66.79389312977099,5.3893129770992365,-0.354248046875,-0.03515625,0.23095703125,6.5671
-1.1450381679389312,67.19083969465649,5.557251908396947,-0.350341796875,-0.032958984375,0.232177734375,6.5687999999999995
-1.2366412213740459,67.22137404580153,5.4961832061068705,-0.353759765625,-0.02685546875,0.227294921875,6.5705
-1.5572519083969465,67.41984732824427,5.32824427480916,-0.349365234375,-0.02880859375,0.2197265625,6.5722
-1.4198473282442747,67.46564885496183,5.435114503816794,-0.344970703125,-0.03076171875,0.22705078125,6.5739
-1.465648854961832,67.3587786259542,5.435114503816794,-0.3515625,-0.03369140625,0.223876953125,6.5756
-1.5725190839694656,67.26717557251908,5.480916030534351,-0.33984375,-0.02734375,0.220703125,6.577299999999999
-1.3740458015267176,67.25190839694656,5.587786259541985,-0.335205078125,-0.02734375,0.220703125,6.579
-1.5572519083969465,67.08396946564885,5.694656488549619,-0.33935546875,-0.033447265625,0.214599609375,6.580699999999999
-1.816793893129771,66.76335877862596,5.66412213740458,-0.33740234375,-0.03271484375,0.221923828125,6.5824
-1.618320610687023,66.50381679389314,5.679389312977099,-0.3408203125,-0.03076171875,0.217529296875,6.584099999999999
-1.6030534351145038,65.89312977099236,5.480916030534351,-0.338623046875,-0.03515625,0.218994140625,6.5858
-1.6793893129770991,65.29770992366412,5.770992366412214,-0.3310546875,-0.029052734375,0.2177734375,6.5874999999999995
-1.633587786259542,64.76335877862596,5.923664122137405,-0.33984375,-0.030029296875,0.221435546875,6.5892
-1.5419847328244274,64.25954198473282,5.587786259541985,-0.33349609375,-0.02880859375,0.2119140625,6.5908999999999995
-1.450381679389313,63.74045801526717,5.740458015267175,-0.337646484375,-0.02685546875,0.209228515625,6.5926
-1.2213740458015268,62.94656488549618,6.076335877862595,-0.338134765625,-0.01953125,0.214111328125,6.5943
-1.1908396946564885,62.44274809160305,5.984732824427481,-0.3388671875,-0.022216796875,0.202880859375,6.595999999999999
-1.0229007633587786,61.770992366412216,5.862595419847328,-0.341064453125,-0.022705078125,0.2080078125,6.5977
-1.1145038167938932,61.11450381679389,5.9541984732824424,-0.339111328125,-0.025390625,0.202880859375,6.599399999999999
-1.083969465648855,60.54961832061068,5.862595419847328,-0.331787109375,-0.025390625,0.203369140625,6.6011
-0.8702290076335878,60.38167938931298,5.557251908396947,-0.34375,-0.01953125,0.20556640625,6.602799999999999
-1.0229007633587786,59.908396946564885,5.7251908396946565,-0.3427734375,-0.0205078125,0.208740234375,6.6045
-0.9465648854961832,59.541984732824424,5.7251908396946565,-0.341064453125,-0.022705078125,0.20751953125,6.606199999999999
-0.6259541984732825,59.3587786259542,5.7251908396946565,-0.346435546875,-0.0185546875,0.206787109375,6.6079
-0.5038167938931297,58.94656488549618,5.709923664122138,-0.345947265625,-0.021728515625,0.21337890625,6.6095999999999995
-0.366412213740458,58.76335877862596,5.862595419847328,-0.350341796875,-0.016357421875,0.198486328125,6.6113
-0.16793893129770993,58.61068702290076,5.847328244274809,-0.349609375,-0.015625,0.196533203125,6.6129999999999995
0.0,58.36641221374046,5.66412213740458,-0.3564453125,-0.021240234375,0.197998046875,6.6147
0.04580152671755725,58.35114503816794,5.862595419847328,-0.357666015625,-0.014892578125,0.201171875,6.6164
0.3511450381679389,58.458015267175576,5.862595419847328,-0.35791015625,-0.01513671875,0.1943359375,6.618099999999999
0.6717557251908397,58.213740458015266,5.908396946564886,-0.360107421875,-0.01123046875,0.206787109375,6.6198
0.7786259541984732,58.229007633587784,5.862595419847328,-0.36669921875,-0.0205078125,0.20458984375,6.621499999999999
0.549618320610687,58.18320610687023,5.786259541984733,-0.36572265625,-0.015869140625,0.2001953125,6.6232
0.9465648854961832,58.274809160305345,5.877862595419847,-0.3642578125,-0.01611328125,0.202392578125,6.624899999999999
1.4198473282442747,58.38167938931298,5.816793893129771,-0.363037109375,-0.01318359375,0.201416015625,6.6266
1.465648854961832,58.42748091603053,5.893129770992366,-0.367431640625,-0.016357421875,0.192626953125,6.628299999999999
1.5572519083969465,58.56488549618321,6.0458015267175576,-0.370361328125,-0.016845703125,0.193359375,6.63
1.5419847328244274,58.916030534351144,6.198473282442748,-0.369140625,-0.015380859375,0.1875,6.6316999999999995
1.8778625954198473,58.80916030534351,6.259541984732825,-0.371337890625,-0.014404296875,0.19189453125,6.6334
2.0916030534351147,59.23664122137404,6.076335877862595,-0.374267578125,-0.013671875,0.1875,6.6350999999999996
2.1526717557251906,59.32824427480916,5.984732824427481,-0.37060546875,-0.015380859375,0.194580078125,6.6368
2.2900763358778624,59.465648854961835,5.847328244274809,-0.367431640625,-0.0146484375,0.186279296875,6.6385
2.50381679389313,59.51145038167939,5.801526717557252,-0.365966796875,-0.014892578125,0.18896484375,6.640199999999999
2.381679389312977,59.51145038167939,5.587786259541985,-0.366455078125,-0.01318359375,0.1884765625,6.6419
2.5343511450381677,59.69465648854962,5.679389312977099,-0.36962890625,-0.016845703125,0.18603515625,6.643599999999999
2.5801526717557253,59.786259541984734,5.709923664122138,-0.37255859375,-0.016845703125,0.18359375,6.6453
2.6412213740458017,59.725190839694655,5.603053435114504,-0.3681640625,-0.020751953125,0.18359375,6.646999999999999
2.9618320610687023,59.541984732824424,5.755725190839694,-0.36669921875,-0.020263671875,0.185791015625,6.6487
3.0381679389312977,59.51145038167939,5.7251908396946565,-0.36767578125,-0.019287109375,0.1787109375,6.650399999999999
3.0381679389312977,59.404580152671755,5.480916030534351,-0.361328125,-0.019775390625,0.174072265625,6.6521
2.9618320610687023,59.25190839694657,5.740458015267175,-0.36767578125,-0.017578125,0.179931640625,6.6537999999999995
3.2519083969465647,58.961832061068705,5.938931297709924,-0.3642578125,-0.018310546875,0.177734375,6.6555
3.2213740458015265,58.595419847328245,6.0458015267175576,-0.36376953125,-0.020751953125,0.1728515625,6.6572
3.1603053435114505,58.396946564885496,6.137404580152672,-0.367919921875,-0.01953125,0.1787109375,6.6589
3.114503816793893,58.152671755725194,6.259541984732825,-0.3642578125,-0.020263671875,0.172607421875,6.6606
2.946564885496183,57.725190839694655,6.152671755725191,-0.36474609375,-0.013671875,0.1640625,6.662299999999999
3.1755725190839694,57.541984732824424,6.427480916030534,-0.36181640625,-0.018798828125,0.17578125,6.664
3.2977099236641223,57.05343511450382,6.33587786259542,-0.35595703125,-0.023193359375,0.1708984375,6.665699999999999
3.3740458015267176,56.68702290076336,6.580152671755725,-0.364013671875,-0.01953125,0.16796875,6.6674
3.0076335877862594,56.47328244274809,6.519083969465649,-0.36279296875,-0.023193359375,0.173583984375,6.669099999999999
3.145038167938931,56.091603053435115,6.717557251908397,-0.3642578125,-0.0234375,0.175048828125,6.6708
3.2213740458015265,55.64885496183206,6.656488549618321,-0.360595703125,-0.019287109375,0.172119140625,6.672499999999999
3.2977099236641223,55.083969465648856,6.595419847328245,-0.3662109375,-0.0224609375,0.171630859375,6.6742
3.282442748091603,54.79389312977099,6.595419847328245,-0.36328125,-0.01953125,0.174072265625,6.6758999999999995
3.5114503816793894,54.18320610687023,6.6106870229007635,-0.364501953125,-0.016357421875,0.170654296875,6.6776
3.5114503816793894,53.86259541984733,6.519083969465649,-0.369140625,-0.0205078125,0.16455078125,6.6793
3.404580152671756,53.41984732824427,6.778625954198473,-0.373046875,-0.0146484375,0.172607421875,6.681
3.5419847328244276,53.17557251908397,6.549618320610687,-0.375244140625,-0.0205078125,0.166748046875,6.6827
3.49618320610687,52.732824427480914,6.763358778625954,-0.36572265625,-0.01806640625,0.16796875,6.684399999999999
3.3893129770992365,52.534351145038165,6.916030534351145,-0.37255859375,-0.020263671875,0.1689453125,6.6861
3.267175572519084,52.29007633587786,6.793893129770993,-0.372314453125,-0.01904296875,0.159423828125,6.687799999999999
3.2977099236641223,51.969465648854964,6.748091603053435,-0.380615234375,-0.019775390625,0.1640625,6.6895
3.2519083969465647,51.86259541984733,6.870229007633588,-0.380859375,-0.019775390625,0.16845703125,6.691199999999999
3.5877862595419847,51.48091603053435,6.656488549618321,-0.37890625,-0.02099609375,0.1650390625,6.6929
3.4656488549618323,51.20610687022901,6.870229007633588,-0.378173828125,-0.017578125,0.168212890625,6.694599999999999
3.6793893129770994,51.16030534351145,6.778625954198473,-0.3837890625,-0.021240234375,0.166015625,6.6963
3.648854961832061,50.80916030534351,6.916030534351145,-0.38525390625,-0.021240234375,0.169189453125,6.6979999999999995
3.7709923664122136,50.76335877862596,6.916030534351145,-0.382080078125,-0.01611328125,0.171875,6.6997
3.984732824427481,50.51908396946565,6.6106870229007635,-0.384521484375,-0.021728515625,0.170166015625,6.7014
3.801526717557252,50.35114503816794,6.99236641221374,-0.394287109375,-0.015869140625,0.170166015625,6.7031
3.7404580152671754,50.412213740458014,6.977099236641221,-0.39599609375,-0.017578125,0.163818359375,6.7048
3.7709923664122136,50.396946564885496,6.824427480916031,-0.395263671875,-0.02197265625,0.157958984375,6.706499999999999
3.877862595419847,50.396946564885496,6.732824427480916,-0.394287109375,-0.01806640625,0.1650390625,6.7082
4.091603053435114,50.88549618320611,6.702290076335878,-0.398193359375,-0.021728515625,0.16064453125,6.709899999999999
3.969465648854962,50.916030534351144,6.702290076335878,-0.398681640625,-0.017822265625,0.1611328125,6.7116
3.9389312977099236,51.19083969465649,6.564885496183206,-0.400634765625,-0.014892578125,0.16748046875,6.713299999999999
4.061068702290076,51.465648854961835,6.687022900763359,-0.400390625,-0.0146484375,0.1591796875,6.715
3.9389312977099236,51.770992366412216,6.595419847328245,-0.399169921875,-0.016845703125,0.15673828125,6.7166999999999994
3.954198473282443,52.10687022900763,6.625954198473282,-0.397216796875,-0.01806640625,0.16064453125,6.7184
4.0458015267175576,52.47328244274809,6.412213740458015,-0.396240234375,-0.01708984375,0.158203125,6.7200999999999995
4.030534351145038,53.038167938931295,6.717557251908397,-0.400390625,-0.01220703125,0.1630859375,6.7218
4.0,53.282442748091604,6.519083969465649,-0.40087890625,-0.010498046875,0.1591796875,6.7235
4.076335877862595,53.541984732824424,6.656488549618321,-0.39697265625,-0.0146484375,0.1591796875,6.7252
3.984732824427481,53.86259541984733,6.519083969465649,-0.396240234375,-0.019775390625,0.157470703125,6.7269
4.0458015267175576,54.274809160305345,6.549618320610687,-0.3974609375,-0.017578125,0.150634765625,6.728599999999999
3.7251908396946565,54.2442748091603,6.076335877862595,-0.3974609375,-0.01806640625,0.15478515625,6.7303
3.954198473282443,54.458015267175576,6.396946564885496,-0.394775390625,-0.023681640625,0.157958984375,6.731999999999999
3.9389312977099236,54.54961832061068,6.305343511450381,-0.39111328125,-0.011962890625,0.152587890625,6.7337
3.9236641221374047,54.778625954198475,6.290076335877862,-0.393310546875,-0.013916015625,0.156005859375,6.735399999999999
3.6793893129770994,54.74809160305343,6.137404580152672,-0.389404296875,-0.01904296875,0.149169921875,6.7371
3.801526717557252,54.717557251908396,6.229007633587786,-0.3876953125,-0.017333984375,0.155029296875,6.7387999999999995
3.9083969465648853,54.56488549618321,5.877862595419847,-0.387939453125,-0.021240234375,0.156005859375,6.7405
3.7099236641221376,54.88549618320611,5.679389312977099,-0.381103515625,-0.021240234375,0.14794921875,6.7421999999999995
3.7251908396946565,54.6412213740458,5.893129770992366,-0.387939453125,-0.017333984375,0.1513671875,6.7439
3.7709923664122136,54.10687022900763,6.0458015267175576,-0.383056640625,-0.015869140625,0.1435546875,6.7456
3.6793893129770994,54.030534351145036,5.648854961832061,-0.384765625,-0.016357421875,0.142333984375,6.747299999999999
3.633587786259542,53.9236641221374,5.6183206106870225,-0.384765625,-0.01806640625,0.148193359375,6.749
3.572519083969466,53.603053435114504,5.3893129770992365,-0.38720703125,-0.015869140625,0.138427734375,6.750699999999999
3.480916030534351,53.14503816793893,5.419847328244275,-0.38232421875,-0.012939453125,0.14404296875,6.7524
3.5267175572519083,52.99236641221374,5.251908396946565,-0.38232421875,-0.0146484375,0.14892578125,6.754099999999999
3.618320610687023,52.61068702290076,5.3893129770992365,-0.389404296875,-0.017822265625,0.136962890625,6.7558
3.49618320610687,52.091603053435115,5.1603053435114505,-0.387939453125,-0.02197265625,0.14013671875,6.757499999999999
3.648854961832061,51.64885496183206,5.358778625954199,-0.388427734375,-0.012451171875,0.142333984375,6.7592
3.66412213740458,51.282442748091604,5.083969465648855,-0.39111328125,-0.019775390625,0.144775390625,6.7608999999999995
3.435114503816794,50.83969465648855,5.175572519083969,-0.387939453125,-0.0126953125,0.13916015625,6.7626
3.66412213740458,50.48854961832061,5.175572519083969,-0.391357421875,-0.00830078125,0.14501953125,6.7642999999999995
3.49618320610687,50.12213740458015,5.221374045801527,-0.391357421875,-0.016845703125,0.140380859375,6.766
3.5114503816793894,49.87786259541985,4.67175572519084,-0.39404296875,-0.0107421875,0.13671875,6.7677
3.5572519083969465,49.969465648854964,4.778625954198473,-0.38818359375,-0.013427734375,0.138671875,6.769399999999999
3.2213740458015265,49.64885496183206,4.854961832061068,-0.3974609375,-0.010498046875,0.142333984375,6.7711
3.5419847328244276,49.49618320610687,4.916030534351145,-0.39990234375,-0.012939453125,0.14306640625,6.772799999999999
3.3435114503816794,49.465648854961835,4.488549618320611,-0.40087890625,-0.015380859375,0.143798828125,6.7745
3.145038167938931,49.29770992366412,4.427480916030534,-0.39892578125,-0.0126953125,0.1376953125,6.776199999999999
3.114503816793893,49.41984732824427,4.33587786259542,-0.398681640625,-0.01220703125,0.13525390625,6.7779
3.282442748091603,49.20610687022901,4.5038167938931295,-0.402099609375,-0.014404296875,0.134033203125,6.779599999999999
3.404580152671756,49.3587786259542,4.305343511450381,-0.4013671875,-0.0166015625,0.14013671875,6.7813
3.3740458015267176,49.3587786259542,4.412213740458015,-0.40625,-0.0146484375,0.12841796875,6.7829999999999995
3.1908396946564888,49.465648854961835,4.442748091603053,-0.409912109375,-0.014404296875,0.13525390625,6.7847
3.099236641221374,49.43511450381679,4.2748091603053435,-0.409912109375,-0.012939453125,0.13720703125,6.7863999999999995
3.1297709923664123,49.587786259541986,4.229007633587786,-0.409912109375,-0.01416015625,0.132080078125,6.7881
3.2213740458015265,49.52671755725191,4.488549618320611,-0.41162109375,-0.014892578125,0.132568359375,6.7898
3.0839694656488548,49.847328244274806,4.442748091603053,-0.412109375,-0.018798828125,0.136962890625,6.791499999999999
3.0076335877862594,49.66412213740458,4.412213740458015,-0.411376953125,-0.02099609375,0.136474609375,6.7932
2.885496183206107,49.725190839694655,4.183206106870229,-0.407958984375,-0.015625,0.130615234375,6.794899999999999
3.068702290076336,49.86259541984733,4.213740458015267,-0.409423828125,-0.018798828125,0.131103515625,6.7966
2.885496183206107,49.66412213740458,4.488549618320611,-0.4140625,-0.017578125,0.1337890625,6.798299999999999
3.099236641221374,49.541984732824424,4.183206106870229,-0.413818359375,-0.013671875,0.134033203125,6.8
3.0229007633587788,49.70992366412214,4.2748091603053435,-0.411376953125,-0.012939453125,0.1328125,6.801699999999999
2.900763358778626,49.74045801526717,4.33587786259542,-0.412841796875,-0.013671875,0.126953125,6.8034
2.8702290076335877,49.64885496183206,4.33587786259542,-0.409912109375,-0.010498046875,0.118896484375,6.8050999999999995
2.9160305343511452,49.9236641221374,4.1679389312977095,-0.41455078125,-0.01171875,0.117431640625,6.8068
2.9618320610687023,50.030534351145036,3.984732824427481,-0.415283203125,-0.00927734375,0.1220703125,6.8084999999999996
2.763358778625954,50.091603053435115,4.183206106870229,-0.41357421875,-0.01220703125,0.130859375,6.8102
2.5801526717557253,50.29007633587786,4.122137404580153,-0.4130859375,-0.00732421875,0.12451171875,6.8119
2.7480916030534353,50.47328244274809,3.969465648854962,-0.41357421875,-0.00732421875,0.123779296875,6.813599999999999
2.4427480916030535,50.534351145038165,3.954198473282443,-0.417236328125,-0.015869140625,0.117919921875,6.8153
2.5801526717557253,50.80916030534351,3.786259541984733,-0.411865234375,-0.017578125,0.1220703125,6.816999999999999
2.4885496183206106,51.17557251908397,3.7099236641221376,-0.4091796875,-0.014404296875,0.121337890625,6.8187
2.122137404580153,51.05343511450382,3.7099236641221376,-0.41552734375,-0.011962890625,0.128173828125,6.820399999999999
2.2748091603053435,51.14503816793893,3.5419847328244276,-0.412841796875,-0.015380859375,0.12109375,6.8221
2.122137404580153,51.31297709923664,3.282442748091603,-0.412353515625,-0.0126953125,0.11669921875,6.823799999999999
2.351145038167939,51.38931297709924,3.49618320610687,-0.4150390625,-0.013671875,0.119140625,6.8255
2.015267175572519,51.725190839694655,3.145038167938931,-0.41064453125,-0.01416015625,0.11083984375,6.8271999999999995
1.9236641221374047,51.786259541984734,3.236641221374046,-0.4130859375,-0.011962890625,0.120849609375,6.8289
2.015267175572519,51.98473282442748,3.0229007633587788,-0.40673828125,-0.0107421875,0.11474609375,6.8306
2.0,51.83206106870229,3.053435114503817,-0.416259765625,-0.01220703125,0.1171875,6.8323
2.045801526717557,51.70992366412214,2.931297709923664,-0.41259765625,-0.012451171875,0.106201171875,6.834
2.183206106870229,51.69465648854962,3.053435114503817,-0.40625,-0.01171875,0.111083984375,6.835699999999999
2.0610687022900764,51.465648854961835,3.0076335877862594,-0.4130859375,-0.01171875,0.11181640625,6.8374
1.8625954198473282,51.57251908396947,3.099236641221374,-0.4140625,-0.011474609375,0.111572265625,6.839099999999999
1.9083969465648856,51.52671755725191,3.145038167938931,-0.411376953125,-0.015380859375,0.108154296875,6.8408
2.0,51.221374045801525,3.1908396946564888,-0.407958984375,-0.00732421875,0.10302734375,6.842499999999999
2.122137404580153,50.87022900763359,3.0839694656488548,-0.41064453125,-0.008544921875,0.103515625,6.8442
2.0,50.83969465648855,3.053435114503817,-0.40869140625,-0.00927734375,0.107177734375,6.845899999999999
2.030534351145038,50.38167938931298,3.0229007633587788,-0.408447265625,-0.010009765625,0.108642578125,6.8476
2.0763358778625953,50.12213740458015,3.145038167938931,-0.40576171875,-0.008056640625,0.1083984375,6.8492999999999995
2.015267175572519,49.725190839694655,2.885496183206107,-0.404541015625,-0.0068359375,0.10302734375,6.851
1.9541984732824427,49.343511450381676,2.7938931297709924,-0.401611328125,-0.006591796875,0.10595703125,6.8527
2.213740458015267,49.19083969465649,2.7786259541984735,-0.40869140625,-0.0107421875,0.09765625,6.8544
2.213740458015267,48.732824427480914,2.6412213740458017,-0.404296875,-0.005859375,0.09716796875,6.8561
2.198473282442748,48.38167938931298,2.7786259541984735,-0.407958984375,-0.009765625,0.1025390625,6.857799999999999
2.183206106870229,48.0763358778626,2.6564885496183206,-0.40869140625,-0.00732421875,0.09765625,6.8595
2.2290076335877864,47.86259541984733,2.8396946564885495,-0.4111328125,-0.010009765625,0.1123046875,6.861199999999999
1.9389312977099236,47.61832061068702,2.763358778625954,-0.4111328125,-0.0087890625,0.101318359375,6.8629
2.1374045801526718,47.267175572519086,2.7480916030534353,-0.4130859375,-0.0078125,0.108154296875,6.864599999999999
2.2442748091603053,47.05343511450382,2.8091603053435112,-0.41162109375,-0.01416015625,0.097412109375,6.8663
2.0763358778625953,46.58015267175573,2.6564885496183206,-0.417724609375,-0.0048828125,0.107177734375,6.867999999999999
2.2748091603053435,46.19847328244275,2.7938931297709924,-0.419677734375,-0.01025390625,0.09765625,6.8697
2.2442748091603053,45.786259541984734,2.595419847328244,-0.418701171875,-0.013671875,0.10400390625,6.8713999999999995
2.4732824427480917,45.61832061068702,2.931297709923664,-0.420166015625,-0.008056640625,0.099609375,6.8731
2.5801526717557253,45.43511450381679,2.717557251908397,-0.42138671875,-0.01025390625,0.101806640625,6.8748
2.351145038167939,45.404580152671755,2.9160305343511452,-0.4326171875,-0.011474609375,0.10400390625,6.8765
2.6259541984732824,45.465648854961835,3.0839694656488548,-0.4296875,-0.008056640625,0.09228515625,6.8782
2.7786259541984735,45.603053435114504,3.282442748091603,-0.43017578125,-0.013916015625,0.103759765625,6.879899999999999
2.6564885496183206,45.48091603053435,3.5267175572519083,-0.4326171875,-0.010498046875,0.10205078125,6.8816
3.0229007633587788,45.770992366412216,3.5419847328244276,-0.4306640625,-0.0107421875,0.094970703125,6.883299999999999
3.0076335877862594,45.908396946564885,3.6030534351145036,-0.43896484375,-0.0126953125,0.09765625,6.885
3.114503816793893,46.18320610687023,3.6793893129770994,-0.432861328125,-0.012451171875,0.09130859375,6.886699999999999
3.1908396946564888,46.62595419847328,3.969465648854962,-0.435302734375,-0.01123046875,0.10302734375,6.8884
3.1908396946564888,46.88549618320611,4.183206106870229,-0.435791015625,-0.009033203125,0.089111328125,6.8900999999999994
3.3893129770992365,47.31297709923664,4.198473282442748,-0.43505859375,-0.008544921875,0.09228515625,6.8918
3.3435114503816794,47.61832061068702,4.305343511450381,-0.4375,-0.004638671875,0.091796875,6.8934999999999995
3.1297709923664123,48.29007633587786,4.106870229007634,-0.436279296875,-0.007080078125,0.100830078125,6.8952
3.2977099236641223,48.54961832061068,4.442748091603053,-0.438232421875,-0.004150390625,0.093994140625,6.8969
3.450381679389313,48.83969465648855,4.198473282442748,-0.434326171875,-0.010009765625,0.089599609375,6.898599999999999
3.49618320610687,49.23664122137404,4.213740458015267,-0.43408203125,-0.00439453125,0.096435546875,6.9003
3.3435114503816794,49.57251908396947,4.1679389312977095,-0.432373046875,-0.001953125,0.079345703125,6.901999999999999
3.5419847328244276,49.847328244274806,4.076335877862595,-0.435302734375,-0.00341796875,0.089111328125,6.9037
3.7099236641221376,50.213740458015266,4.091603053435114,-0.43310546875,-0.002685546875,0.090576171875,6.905399999999999
3.404580152671756,50.16793893129771,4.122137404580153,-0.429443359375,0.002197265625,0.08935546875,6.9071
3.7404580152671754,50.412213740458014,3.7709923664122136,-0.4306640625,-0.00048828125,0.08935546875,6.908799999999999
3.8625954198473282,50.412213740458014,3.7099236641221376,-0.427734375,-0.006103515625,0.077392578125,6.9105
3.6946564885496183,50.38167938931298,3.7709923664122136,-0.426025390625,0.0009765625,0.081298828125,6.9121999999999995
3.801526717557252,50.25954198473283,3.9389312977099236,-0.4296875,-0.00341796875,0.07177734375,6.9139
3.7709923664122136,49.969465648854964,3.5419847328244276,-0.418212890625,0.000732421875,0.082763671875,6.9155999999999995
3.877862595419847,49.908396946564885,3.480916030534351,-0.413330078125,-0.0029296875,0.08056640625,6.9173
4.183206106870229,49.43511450381679,3.49618320610687,-0.41748046875,-0.0009765625,0.08154296875,6.919
4.030534351145038,49.14503816793893,3.3435114503816794,-0.413818359375,-0.00439453125,0.083251953125,6.920699999999999
4.0458015267175576,48.48854961832061,3.2519083969465647,-0.420166015625,-0.00537109375,0.076171875,6.9224
4.183206106870229,48.458015267175576,3.3893129770992365,-0.410888671875,-0.001953125,0.07470703125,6.924099999999999
4.229007633587786,47.89312977099237,3.068702290076336,-0.410888671875,-0.005615234375,0.086669921875,6.9258
4.412213740458015,47.221374045801525,3.145038167938931,-0.413818359375,-0.00244140625,0.076171875,6.927499999999999
4.458015267175573,46.82442748091603,2.9923664122137406,-0.413818359375,-0.001953125,0.0732421875,6.9292
4.5038167938931295,46.10687022900763,3.1755725190839694,-0.415771484375,-0.001953125,0.077392578125,6.930899999999999
4.809160305343512,45.770992366412216,3.114503816793893,-0.41748046875,-0.01318359375,0.082275390625,6.9326
4.656488549618321,45.29770992366412,2.9160305343511452,-0.414306640625,0.002685546875,0.076171875,6.9342999999999995
4.778625954198473,44.85496183206107,2.763358778625954,-0.415283203125,0.003173828125,0.080322265625,6.936
4.900763358778626,44.38167938931298,2.946564885496183,-0.42431640625,-0.002197265625,0.07421875,6.9376999999999995
4.961832061068702,44.29007633587786,2.595419847328244,-0.421142578125,0.003173828125,0.07275390625,6.9394
4.824427480916031,44.01526717557252,2.8702290076335877,-0.426025390625,-0.004150390625,0.07421875,6.9411
5.038167938931298,43.83206106870229,2.6717557251908395,-0.42724609375,-0.0009765625,0.07421875,6.942799999999999
5.206106870229007,43.74045801526717,2.6717557251908395,-0.431640625,-0.005859375,0.069580078125,6.9445
5.465648854961832,43.64885496183206,2.50381679389313,-0.426513671875,-0.00244140625,0.078857421875,6.946199999999999
5.038167938931298,43.786259541984734,2.519083969465649,-0.43115234375,-0.004150390625,0.071044921875,6.9479
5.251908396946565,43.80152671755725,2.2748091603053435,-0.435546875,-0.003662109375,0.067138671875,6.949599999999999
5.404580152671755,43.80152671755725,2.6106870229007635,-0.435302734375,-0.000732421875,0.063232421875,6.9513
5.282442748091603,44.10687022900763,2.3969465648854964,-0.43212890625,-0.00048828125,0.066650390625,6.952999999999999
5.343511450381679,44.19847328244275,2.519083969465649,-0.444091796875,-0.007568359375,0.066650390625,6.9547
5.404580152671755,44.213740458015266,2.16793893129771,-0.4384765625,-0.003662109375,0.06201171875,6.9563999999999995
5.419847328244275,44.54961832061068,2.4885496183206106,-0.4453125,-0.0048828125,0.066162109375,6.9581
5.343511450381679,44.48854961832061,2.381679389312977,-0.43798828125,-0.0048828125,0.07275390625,6.9597999999999995
5.32824427480916,44.87022900763359,2.50381679389313,-0.437255859375,-0.00732421875,0.05908203125,6.9615
5.221374045801527,45.25190839694657,2.519083969465649,-0.4443359375,-0.007568359375,0.052001953125,6.9632
5.297709923664122,45.48091603053435,2.7022900763358777,-0.441162109375,-0.0048828125,0.051513671875,6.964899999999999
5.374045801526718,45.89312977099237,2.8091603053435112,-0.4404296875,-0.006591796875,0.05419921875,6.9666
5.32824427480916,45.83206106870229,3.053435114503817,-0.441650390625,-0.00244140625,0.055419921875,6.968299999999999
5.236641221374046,45.9236641221374,3.145038167938931,-0.439208984375,-0.00244140625,0.0576171875,6.97
5.038167938931298,46.01526717557252,3.1297709923664123,-0.437744140625,-0.006103515625,0.0595703125,6.971699999999999
5.343511450381679,46.12213740458015,3.1908396946564888,-0.43359375,-0.006103515625,0.06005859375,6.9734
5.236641221374046,46.35114503816794,3.4656488549618323,-0.436279296875,-0.0048828125,0.047119140625,6.975099999999999
5.190839694656488,46.396946564885496,3.2977099236641223,-0.42822265625,-0.009765625,0.047119140625,6.9768
5.175572519083969,46.274809160305345,3.3282442748091605,-0.425537109375,-0.00439453125,0.051025390625,6.9784999999999995
5.1603053435114505,46.25954198473283,3.4656488549618323,-0.418212890625,-0.00439453125,0.044921875,6.9802
5.190839694656488,46.35114503816794,3.49618320610687,-0.421630859375,0.0,0.051025390625,6.9818999999999996
5.404580152671755,45.847328244274806,3.480916030534351,-0.42041015625,-0.000732421875,0.048828125,6.9836
5.312977099236641,45.45038167938932,3.3740458015267176,-0.41845703125,-0.005615234375,0.055419921875,6.9853
5.282442748091603,45.00763358778626,3.2519083969465647,-0.419189453125,0.002197265625,0.045654296875,6.986999999999999
5.648854961832061,44.44274809160305,3.068702290076336,-0.42138671875,0.001953125,0.05126953125,6.9887
5.480916030534351,43.61832061068702,2.6106870229007635,-0.416748046875,0.002197265625,0.04345703125,6.990399999999999
5.435114503816794,43.38931297709924,2.6412213740458017,-0.416748046875,0.0,0.041748046875,6.9921
5.6183206106870225,42.732824427480914,2.50381679389313,-0.416748046875,0.005615234375,0.04443359375,6.993799999999999
5.6183206106870225,41.847328244274806,2.1526717557251906,-0.420654296875,-0.00390625,0.044189453125,6.9955
5.694656488549619,41.12977099236641,1.9083969465648856,-0.422607421875,0.00439453125,0.045166015625,6.997199999999999
5.572519083969466,40.732824427480914,1.7251908396946565,-0.420654296875,0.00390625,0.05615234375,6.9989
5.541984732824427,40.0763358778626,1.633587786259542,-0.421142578125,-0.001708984375,0.048828125,7.0005999999999995
5.633587786259542,39.37404580152672,1.4809160305343512,-0.419921875,-0.000244140625,0.044189453125,7.0023
5.633587786259542,38.88549618320611,1.4198473282442747,-0.422607421875,0.001708984375,0.036865234375,7.004
5.938931297709924,38.56488549618321,1.2671755725190839,-0.429443359375,0.002685546875,0.041748046875,7.0057
5.862595419847328,38.61068702290076,0.9007633587786259,-0.4287109375,0.003662109375,0.050048828125,7.0074
6.122137404580153,38.51908396946565,1.251908396946565,-0.422119140625,-0.00244140625,0.039794921875,7.009099999999999
5.923664122137405,38.3206106870229,0.9465648854961832,-0.42578125,0.00341796875,0.0498046875,7.0108
5.786259541984733,38.29007633587786,0.8396946564885496,-0.42919921875,0.003173828125,0.041259765625,7.012499999999999
5.8320610687022905,38.229007633587784,0.9618320610687023,-0.435302734375,0.001220703125,0.04541015625,7.0142
5.8320610687022905,38.36641221374046,0.916030534351145,-0.434814453125,-0.003173828125,0.044921875,7.015899999999999
5.816793893129771,38.42748091603053,0.8091603053435115,-0.435302734375,0.00048828125,0.04150390625,7.0176
5.9541984732824424,38.42748091603053,0.7480916030534351,-0.43798828125,0.001220703125,0.047119140625,7.019299999999999
6.259541984732825,38.30534351145038,0.5190839694656488,-0.435791015625,0.003173828125,0.046142578125,7.021
5.969465648854962,38.70229007633588,0.4732824427480916,-0.441162109375,0.004638671875,0.0400390625,7.0226999999999995
6.076335877862595,38.38167938931298,0.5343511450381679,-0.4482421875,0.001708984375,0.0419921875,7.0244
6.290076335877862,38.274809160305345,0.1984732824427481,-0.448486328125,0.000244140625,0.042236328125,7.0261
6.061068702290076,38.48854961832061,0.015267175572519083,-0.449462890625,0.0,0.048583984375,7.0278
6.061068702290076,38.3206106870229,0.0,-0.454833984375,0.00439453125,0.0380859375,7.0295
6.030534351145038,38.16793893129771,-0.07633587786259542,-0.4541015625,0.0,0.043701171875,7.031199999999999
5.786259541984733,38.412213740458014,-0.10687022900763359,-0.462158203125,0.003173828125,0.035400390625,7.0329
5.633587786259542,38.56488549618321,-0.4732824427480916,-0.458251953125,-0.0009765625,0.047119140625,7.034599999999999
5.6183206106870225,38.85496183206107,-0.5190839694656488,-0.454345703125,-0.004638671875,0.036376953125,7.0363
5.9541984732824424,39.31297709923664,-0.2900763358778626,-0.458740234375,-0.00244140625,0.03564453125,7.037999999999999
5.603053435114504,39.52671755725191,-0.6106870229007634,-0.4580078125,0.000244140625,0.04052734375,7.0397
5.343511450381679,39.9236641221374,-0.5801526717557252,-0.458251953125,0.00244140625,0.041259765625,7.041399999999999
5.557251908396947,40.274809160305345,-0.6717557251908397,-0.45458984375,-0.000732421875,0.04052734375,7.0431
5.603053435114504,40.97709923664122,-0.7175572519083969,-0.45849609375,-0.00048828125,0.03369140625,7.0447999999999995
5.603053435114504,41.32824427480916,-0.8244274809160306,-0.45556640625,-0.001953125,0.0361328125,7.0465
5.465648854961832,41.61832061068702,-0.5648854961832062,-0.4560546875,-0.0009765625,0.040283203125,7.0482
5.343511450381679,42.229007633587784,-0.5190839694656488,-0.454345703125,0.0009765625,0.037109375,7.049899999999999
5.404580152671755,43.05343511450382,-0.7480916030534351,-0.455810546875,0.00537109375,0.0302734375,7.0516
5.312977099236641,43.038167938931295,-0.5343511450381679,-0.45068359375,-0.00146484375,0.03466796875,7.053299999999999
5.404580152671755,43.43511450381679,-0.6564885496183206,-0.449951171875,0.00048828125,0.0302734375,7.055
5.3893129770992365,43.587786259541986,-0.6717557251908397,-0.45263671875,0.001708984375,0.03466796875,7.056699999999999
5.129770992366412,43.63358778625954,-0.8702290076335878,-0.451904296875,-0.001220703125,0.025390625,7.0584
5.114503816793893,44.13740458015267,-1.0534351145038168,-0.446044921875,0.002197265625,0.027099609375,7.060099999999999
5.297709923664122,43.89312977099237,-1.297709923664122,-0.443359375,0.0029296875,0.036865234375,7.0618
5.450381679389313,43.89312977099237,-1.5572519083969465,-0.444580078125,0.004150390625,0.03564453125,7.0634999999999994
5.312977099236641,44.13740458015267,-1.465648854961832,-0.440673828125,-0.002685546875,0.029541015625,7.0652
5.297709923664122,43.969465648854964,-1.7251908396946565,-0.44189453125,-0.003173828125,0.0302734375,7.0668999999999995
5.221374045801527,43.81679389312977,-1.7557251908396947,-0.440673828125,0.001220703125,0.03369140625,7.0686
5.312977099236641,43.465648854961835,-2.1068702290076335,-0.44091796875,0.000244140625,0.030029296875,7.0703
5.221374045801527,43.32824427480916,-2.366412213740458,-0.442138671875,-0.00048828125,0.0205078125,7.071999999999999
5.236641221374046,43.31297709923664,-2.595419847328244,-0.43896484375,0.001953125,0.019775390625,7.0737
5.129770992366412,42.97709923664122,-2.5343511450381677,-0.437255859375,0.00244140625,0.028076171875,7.075399999999999
5.251908396946565,42.717557251908396,-2.763358778625954,-0.434814453125,0.004150390625,0.026611328125,7.0771
5.190839694656488,42.56488549618321,-2.7022900763358777,-0.4384765625,0.005615234375,0.02587890625,7.078799999999999
5.190839694656488,42.274809160305345,-2.931297709923664,-0.442626953125,-0.001220703125,0.0205078125,7.0805
5.00763358778626,42.01526717557252,-2.9160305343511452,-0.447509765625,-0.003662109375,0.014404296875,7.082199999999999
5.190839694656488,42.091603053435115,-3.1603053435114505,-0.44140625,0.000732421875,0.016357421875,7.0839
5.099236641221374,41.587786259541986,-3.1603053435114505,-0.44140625,-0.001953125,0.02001953125,7.0855999999999995
4.961832061068702,41.57251908396947,-3.3893129770992365,-0.443115234375,-0.00439453125,0.021240234375,7.0873
5.419847328244275,41.57251908396947,-3.236641221374046,-0.44287109375,-0.000732421875,0.02294921875,7.0889999999999995
5.282442748091603,41.32824427480916,-3.1297709923664123,-0.443603515625,0.00244140625,0.023681640625,7.0907
4.9465648854961835,41.37404580152672,-3.282442748091603,-0.44287109375,-0.00244140625,0.01904296875,7.0924
5.282442748091603,41.587786259541986,-3.404580152671756,-0.444091796875,0.00244140625,0.01708984375,7.094099999999999
5.435114503816794,41.19083969465649,-3.145038167938931,-0.444580078125,0.002197265625,0.02001953125,7.0958
5.083969465648855,41.31297709923664,-3.3893129770992365,-0.43798828125,0.0029296875,0.019287109375,7.097499999999999
5.251908396946565,41.465648854961835,-3.2213740458015265,-0.4423828125,0.00244140625,0.0205078125,7.0992
5.175572519083969,41.52671755725191,-3.4656488549618323,-0.4443359375,-0.00146484375,0.015380859375,7.100899999999999
5.114503816793893,41.55725190839695,-3.404580152671756,-0.445556640625,0.0009765625,0.02099609375,7.1026
5.435114503816794,41.37404580152672,-3.633587786259542,-0.443359375,-0.003173828125,0.013916015625,7.104299999999999
5.3893129770992365,41.31297709923664,-3.5267175572519083,-0.44482421875,0.001953125,0.013916015625,7.106
5.312977099236641,41.20610687022901,-3.801526717557252,-0.447998046875,0.0009765625,0.016845703125,7.1076999999999995
5.3893129770992365,40.99236641221374,-3.7404580152671754,-0.448486328125,0.002197265625,0.01171875,7.1094
5.541984732824427,40.961832061068705,-4.091603053435114,-0.44580078125,0.005615234375,0.015380859375,7.1110999999999995
5.145038167938932,40.900763358778626,-3.8931297709923665,-0.451416015625,-0.002197265625,0.020751953125,7.1128
5.435114503816794,40.717557251908396,-4.152671755725191,-0.454345703125,0.000244140625,0.010986328125,7.1145
5.694656488549619,40.50381679389313,-4.061068702290076,-0.458740234375,0.0029296875,0.00537109375,7.116199999999999
5.603053435114504,40.396946564885496,-4.305343511450381,-0.447021484375,0.0029296875,0.01806640625,7.1179
5.404580152671755,40.61068702290076,-4.030534351145038,-0.451416015625,0.0,0.009521484375,7.119599999999999
5.8320610687022905,40.62595419847328,-4.244274809160306,-0.449462890625,-0.00146484375,0.016357421875,7.1213
5.603053435114504,40.61068702290076,-4.030534351145038,-0.453125,0.001220703125,0.005859375,7.122999999999999
5.694656488549619,40.70229007633588,-4.106870229007634,-0.44921875,0.003173828125,0.012451171875,7.1247
5.908396946564886,40.97709923664122,-4.213740458015267,-0.45361328125,-0.001953125,0.0078125,7.126399999999999
5.877862595419847,40.70229007633588,-3.9389312977099236,-0.45849609375,0.00244140625,0.007568359375,7.1281
6.091603053435114,40.778625954198475,-3.9236641221374047,-0.456298828125,0.0029296875,0.0029296875,7.1297999999999995
5.969465648854962,41.099236641221374,-4.106870229007634,-0.458984375,-0.00048828125,0.011962890625,7.1315
6.0458015267175576,41.038167938931295,-4.0458015267175576,-0.462646484375,0.002197265625,-0.000244140625,7.1331999999999995
6.137404580152672,41.17557251908397,-3.9389312977099236,-0.4619140625,0.00390625,0.00048828125,7.1349
6.442748091603053,41.32824427480916,-4.0458015267175576,-0.46435546875,0.00634765625,0.01123046875,7.1366
6.519083969465649,41.343511450381676,-3.83206106870229,-0.466064453125,0.00341796875,0.00732421875,7.138299999999999
6.580152671755725,41.603053435114504,-3.9389312977099236,-0.463623046875,0.004638671875,0.010009765625,7.14
6.6106870229007635,42.030534351145036,-3.786259541984733,-0.460693359375,0.001708984375,0.009033203125,7.141699999999999
6.656488549618321,42.091603053435115,-3.66412213740458,-0.460205078125,0.00146484375,0.008056640625,7.1434
6.67175572519084,42.50381679389313,-4.0458015267175576,-0.4599609375,0.005615234375,0.0078125,7.145099999999999
6.763358778625954,42.93129770992366,-3.9236641221374047,-0.458251953125,0.0048828125,0.010009765625,7.1468
6.687022900763359,43.282442748091604,-3.801526717557252,-0.45458984375,0.0009765625,0.002197265625,7.148499999999999
6.778625954198473,43.48091603053435,-3.877862595419847,-0.454345703125,0.0029296875,0.001953125,7.1502
6.778625954198473,43.86259541984733,-4.106870229007634,-0.45458984375,-0.001953125,0.004150390625,7.1518999999999995
7.083969465648855,44.0,-4.015267175572519,-0.453369140625,-0.000244140625,-0.00048828125,7.1536
6.961832061068702,44.25954198473283,-4.015267175572519,-0.453125,-0.003173828125,0.00146484375,7.1552999999999995
6.748091603053435,44.229007633587784,-4.030534351145038,-0.453125,-0.0009765625,-0.003662109375,7.157
6.9465648854961835,44.274809160305345,-4.152671755725191,-0.44873046875,-0.00146484375,-0.007080078125,7.1587
6.793893129770993,44.30534351145038,-4.091603053435114,-0.451171875,-0.00390625,-0.0078125,7.160399999999999
6.732824427480916,44.25954198473283,-3.954198473282443,-0.453125,-0.00634765625,-0.00439453125,7.1621
6.656488549618321,44.29007633587786,-3.7251908396946565,-0.44970703125,-0.004150390625,0.00341796875,7.163799999999999
6.870229007633588,43.81679389312977,-3.969465648854962,-0.447265625,-0.000244140625,-0.0048828125,7.1655
6.580152671755725,43.6793893129771,-3.7709923664122136,-0.442626953125,-0.01220703125,0.0068359375,7.167199999999999
6.717557251908397,43.52671755725191,-3.6793893129770994,-0.44189453125,-0.010986328125,-0.00390625,7.1689
6.67175572519084,43.23664122137404,-3.648854961832061,-0.439697265625,-0.011474609375,-0.010498046875,7.170599999999999
6.595419847328245,43.06870229007634,-3.5267175572519083,-0.443359375,-0.0087890625,-0.0078125,7.1723
6.564885496183206,42.6412213740458,-3.145038167938931,-0.44580078125,-0.006103515625,-0.005126953125,7.1739999999999995
6.549618320610687,42.33587786259542,-3.2061068702290076,-0.445556640625,-0.0146484375,-0.013916015625,7.1757
6.351145038167939,41.93893129770992,-2.931297709923664,-0.451904296875,-0.010986328125,-0.012451171875,7.1774
6.351145038167939,41.83206106870229,-2.9770992366412212,-0.45068359375,-0.01123046875,-0.009521484375,7.1791
6.366412213740458,41.221374045801525,-2.931297709923664,-0.4462890625,-0.012939453125,-0.015380859375,7.1808
6.198473282442748,41.02290076335878,-2.549618320610687,-0.44970703125,-0.010498046875,-0.0166015625,7.182499999999999
6.244274809160306,40.61068702290076,-2.4732824427480917,-0.4521484375,-0.009033203125,-0.01123046875,7.1842
6.091603053435114,40.44274809160305,-2.50381679389313,-0.449462890625,-0.012939453125,-0.00732421875,7.185899999999999
6.137404580152672,40.16793893129771,-2.33587786259542,-0.4462890625,-0.01513671875,-0.0107421875,7.1876
5.9541984732824424,40.12213740458015,-2.198473282442748,-0.449951171875,-0.009033203125,-0.013427734375,7.189299999999999
6.091603053435114,40.18320610687023,-2.1526717557251906,-0.4462890625,-0.010009765625,-0.017578125,7.191
5.893129770992366,40.091603053435115,-2.2290076335877864,-0.451904296875,-0.01513671875,-0.017822265625,7.192699999999999
5.648854961832061,39.908396946564885,-2.0,-0.44970703125,-0.012451171875,-0.020263671875,7.1944
5.343511450381679,39.81679389312977,-2.015267175572519,-0.45166015625,-0.00634765625,-0.0185546875,7.1960999999999995
5.526717557251908,39.7557251908397,-2.0763358778625953,-0.450439453125,-0.008544921875,-0.00732421875,7.1978
5.572519083969466,39.725190839694655,-1.9694656488549618,-0.447265625,-0.01171875,-0.015380859375,7.1995
5.435114503816794,39.74045801526717,-1.83206106870229,-0.448486328125,-0.004150390625,-0.023681640625,7.201199999999999
5.099236641221374,39.45038167938932,-1.9083969465648856,-0.452392578125,-0.009765625,-0.0283203125,7.2029
5.297709923664122,39.20610687022901,-1.9236641221374047,-0.447509765625,-0.00732421875,-0.023681640625,7.204599999999999
5.526717557251908,39.19083969465649,-1.816793893129771,-0.44921875,-0.00341796875,-0.011962890625,7.2063
5.190839694656488,39.14503816793893,-1.6641221374045803,-0.455322265625,-0.0107421875,-0.01708984375,7.207999999999999
5.1603053435114505,39.221374045801525,-1.8015267175572518,-0.452392578125,-0.008544921875,-0.023193359375,7.2097
5.099236641221374,39.038167938931295,-1.7709923664122138,-0.442138671875,-0.009521484375,-0.021728515625,7.211399999999999
5.0534351145038165,38.61068702290076,-1.9541984732824427,-0.45068359375,-0.00244140625,-0.024658203125,7.2131
4.885496183206107,38.51908396946565,-1.8015267175572518,-0.44775390625,-0.01220703125,-0.019287109375,7.214799999999999
4.931297709923665,38.33587786259542,-1.9389312977099236,-0.449951171875,-0.009033203125,-0.01416015625,7.2165
5.206106870229007,37.954198473282446,-1.9389312977099236,-0.45361328125,-0.00146484375,-0.021728515625,7.2181999999999995
5.190839694656488,37.9236641221374,-1.9694656488549618,-0.459716796875,0.000732421875,-0.02880859375,7.2199
5.190839694656488,38.045801526717554,-2.198473282442748,-0.46044921875,-0.000244140625,-0.033203125,7.2216
5.3893129770992365,37.770992366412216,-2.1374045801526718,-0.45556640625,0.000244140625,-0.028564453125,7.223299999999999
5.312977099236641,37.70992366412214,-2.2748091603053435,-0.4619140625,-0.004150390625,-0.02392578125,7.225
5.267175572519084,37.786259541984734,-2.3053435114503817,-0.459716796875,-0.001953125,-0.03125,7.226699999999999
5.312977099236641,38.16793893129771,-2.3206106870229006,-0.459716796875,0.001953125,-0.03125,7.2284
5.267175572519084,38.42748091603053,-2.5801526717557253,-0.4619140625,-0.00341796875,-0.036376953125,7.230099999999999
5.4961832061068705,38.54961832061068,-2.549618320610687,-0.456298828125,-0.002685546875,-0.03125,7.2318
5.221374045801527,38.83969465648855,-2.931297709923664,-0.453857421875,-0.002685546875,-0.03173828125,7.233499999999999
5.267175572519084,38.97709923664122,-2.946564885496183,-0.46240234375,-0.000732421875,-0.032470703125,7.2352
5.267175572519084,39.49618320610687,-3.053435114503817,-0.449951171875,-0.00048828125,-0.031005859375,7.2368999999999994
5.236641221374046,39.64885496183206,-3.312977099236641,-0.45068359375,0.00439453125,-0.027587890625,7.2386
5.099236641221374,39.69465648854962,-3.49618320610687,-0.455810546875,0.00146484375,-0.04345703125,7.2402999999999995
5.083969465648855,39.93893129770992,-3.633587786259542,-0.451904296875,0.00146484375,-0.031982421875,7.242
5.083969465648855,40.030534351145036,-3.66412213740458,-0.44921875,-0.004150390625,-0.03173828125,7.2437
4.732824427480916,40.13740458015267,-3.877862595419847,-0.448974609375,-0.003173828125,-0.0400390625,7.245399999999999
4.931297709923665,39.98473282442748,-3.6030534351145036,-0.443359375,-0.00439453125,-0.0400390625,7.2471
4.931297709923665,39.6793893129771,-3.7251908396946565,-0.439697265625,-0.006103515625,-0.034423828125,7.248799999999999
4.931297709923665,39.55725190839695,-3.5877862595419847,-0.44482421875,-0.005859375,-0.04248046875,7.2505
4.8396946564885495,39.41984732824427,-3.7557251908396947,-0.4453125,-0.006591796875,-0.03955078125,7.252199999999999
4.9465648854961835,39.17557251908397,-3.8473282442748094,-0.439208984375,-0.005126953125,-0.042724609375,7.2539
4.8396946564885495,38.717557251908396,-3.7099236641221376,-0.439453125,-0.0048828125,-0.051025390625,7.255599999999999
4.809160305343512,38.3206106870229,-3.5419847328244276,-0.4404296875,-0.00830078125,-0.05078125,7.2573
4.793893129770993,37.770992366412216,-3.633587786259542,-0.43798828125,-0.007080078125,-0.05224609375,7.2589999999999995
4.656488549618321,37.16030534351145,-3.7404580152671754,-0.441650390625,-0.003662109375,-0.049072265625,7.2607
4.6106870229007635,36.68702290076336,-3.648854961832061,-0.44189453125,-0.004150390625,-0.044921875,7.2623999999999995
4.549618320610687,35.93893129770992,-3.5267175572519083,-0.436279296875,-0.004638671875,-0.043701171875,7.2641
4.366412213740458,34.97709923664122,-3.5572519083969465,-0.4384765625,-0.00634765625,-0.042724609375,7.2658
4.412213740458015,34.656488549618324,-3.7099236641221376,-0.4296875,-0.00048828125,-0.05078125,7.267499999999999
4.351145038167939,34.12213740458015,-3.66412213740458,-0.43359375,-0.00732421875,-0.050048828125,7.2692
4.244274809160306,33.45038167938932,-3.5267175572519083,-0.43505859375,-0.005859375,-0.052978515625,7.270899999999999
4.244274809160306,32.717557251908396,-3.7557251908396947,-0.43408203125,-0.01025390625,-0.046875,7.2726
4.152671755725191,32.091603053435115,-3.7709923664122136,-0.4326171875,-0.007568359375,-0.0517578125,7.274299999999999
4.0458015267175576,31.64885496183206,-3.9236641221374047,-0.4404296875,-0.0107421875,-0.048095703125,7.276
4.091603053435114,30.977099236641223,-3.786259541984733,-0.444580078125,-0.008056640625,-0.051025390625,7.277699999999999
3.7557251908396947,30.564885496183205,-4.076335877862595,-0.442138671875,-0.007080078125,-0.045166015625,7.2794
3.954198473282443,30.137404580152673,-3.9389312977099236,-0.439697265625,-0.00537109375,-0.05224609375,7.2810999999999995
3.984732824427481,29.770992366412212,-4.061068702290076,-0.440673828125,-0.006591796875,-0.04541015625,7.2828
3.877862595419847,29.267175572519083,-4.091603053435114,-0.444091796875,-0.003662109375,-0.050537109375,7.2844999999999995
3.6946564885496183,28.977099236641223,-4.122137404580153,-0.44482421875,-0.0048828125,-0.052490234375,7.2862
3.7557251908396947,28.564885496183205,-3.969465648854962,-0.448486328125,-0.003662109375,-0.046630859375,7.2879
3.618320610687023,28.442748091603054,-4.137404580152672,-0.450439453125,-0.004150390625,-0.04052734375,7.289599999999999
3.66412213740458,28.198473282442748,-4.244274809160306,-0.451416015625,-0.004638671875,-0.046630859375,7.2913
3.4198473282442747,28.091603053435115,-4.229007633587786,-0.457763671875,-0.00732421875,-0.047607421875,7.292999999999999
3.5267175572519083,28.38167938931298,-3.9389312977099236,-0.455322265625,-0.007080078125,-0.044189453125,7.2947
3.5114503816793894,28.30534351145038,-4.305343511450381,-0.462646484375,-0.00146484375,-0.05322265625,7.296399999999999
3.2519083969465647,28.50381679389313,-4.152671755725191,-0.462890625,-0.004638671875,-0.044189453125,7.2981
3.572519083969466,28.458015267175572,-4.137404580152672,-0.462646484375,-0.004638671875,-0.052734375,7.299799999999999
3.4656488549618323,28.82442748091603,-4.137404580152672,-0.463623046875,-0.004638671875,-0.0478515625,7.3015
3.145038167938931,28.717557251908396,-4.442748091603053,-0.46875,0.0,-0.049560546875,7.3031999999999995
3.4198473282442747,28.900763358778626,-4.259541984732825,-0.469970703125,0.0,-0.052001953125,7.3049
3.3435114503816794,29.053435114503817,-4.458015267175573,-0.47216796875,-0.00048828125,-0.050048828125,7.3065999999999995
3.145038167938931,29.129770992366414,-4.229007633587786,-0.471923828125,-0.004150390625,-0.054443359375,7.3083
3.435114503816794,29.129770992366414,-4.67175572519084,-0.470947265625,0.000244140625,-0.055419921875,7.31
3.236641221374046,29.64885496183206,-4.442748091603053,-0.47509765625,-0.0029296875,-0.05810546875,7.311699999999999
3.2519083969465647,29.87786259541985,-4.534351145038168,-0.465576171875,0.001953125,-0.054931640625,7.3134
3.2977099236641223,30.213740458015266,-4.442748091603053,-0.4736328125,-0.001220703125,-0.0634765625,7.315099999999999
3.1908396946564888,30.53435114503817,-4.67175572519084,-0.468994140625,-0.004150390625,-0.06103515625,7.3168
3.312977099236641,31.0381679389313,-4.488549618320611,-0.4697265625,0.001220703125,-0.052490234375,7.318499999999999
2.9160305343511452,31.34351145038168,-4.580152671755725,-0.470703125,-0.00390625,-0.061767578125,7.3202
3.114503816793893,31.633587786259543,-4.641221374045801,-0.465087890625,0.000244140625,-0.05322265625,7.321899999999999
3.1755725190839694,31.923664122137403,-4.824427480916031,-0.46630859375,-0.002685546875,-0.05615234375,7.3236
2.9923664122137406,32.030534351145036,-4.793893129770993,-0.46533203125,-0.002197265625,-0.052490234375,7.3252999999999995
3.1297709923664123,32.13740458015267,-4.99236641221374,-0.458740234375,-0.000244140625,-0.060791015625,7.327
3.312977099236641,32.152671755725194,-5.236641221374046,-0.463134765625,-0.00439453125,-0.05810546875,7.3286999999999995
2.946564885496183,32.274809160305345,-5.419847328244275,-0.4638671875,-0.00244140625,-0.055908203125,7.3304
3.0229007633587788,32.16793893129771,-5.404580152671755,-0.4638671875,-0.001953125,-0.050537109375,7.3321
2.946564885496183,32.12213740458015,-5.511450381679389,-0.462890625,-0.00244140625,-0.05859375,7.333799999999999
2.9923664122137406,32.16793893129771,-5.557251908396947,-0.4541015625,0.00146484375,-0.063232421875,7.3355
3.068702290076336,32.06106870229008,-5.572519083969466,-0.4541015625,-0.004638671875,-0.062744140625,7.337199999999999
2.946564885496183,32.10687022900763,-5.419847328244275,-0.457763671875,-0.005859375,-0.060546875,7.3389
2.8091603053435112,31.984732824427482,-5.66412213740458,-0.45556640625,-0.00341796875,-0.064453125,7.340599999999999
3.0839694656488548,31.83206106870229,-5.66412213740458,-0.45263671875,-0.00341796875,-0.07373046875,7.3423
3.236641221374046,31.72519083969466,-5.862595419847328,-0.458740234375,-0.005126953125,-0.06640625,7.343999999999999
3.0076335877862594,31.389312977099237,-5.9541984732824424,-0.451171875,-0.00146484375,-0.064697265625,7.3457
2.7938931297709924,31.114503816793892,-6.152671755725191,-0.456787109375,-0.0048828125,-0.0654296875,7.3473999999999995
3.068702290076336,30.946564885496183,-6.122137404580153,-0.46337890625,0.001708984375,-0.064697265625,7.3491
3.068702290076336,30.641221374045802,-6.122137404580153,-0.45556640625,-0.000244140625,-0.0615234375,7.3508
2.885496183206107,30.564885496183205,-6.458015267175573,-0.454833984375,-0.005126953125,-0.062744140625,7.352499999999999
3.0381679389312977,30.442748091603054,-6.427480916030534,-0.455810546875,0.000244140625,-0.07666015625,7.3542
3.4198473282442747,30.47328244274809,-6.2748091603053435,-0.45361328125,0.00341796875,-0.0732421875,7.355899999999999
3.3282442748091605,30.12213740458015,-6.412213740458015,-0.45703125,-0.003662109375,-0.0673828125,7.3576
3.0839694656488548,30.244274809160306,-6.595419847328245,-0.456787109375,-0.001220703125,-0.0673828125,7.359299999999999
3.068702290076336,29.96946564885496,-6.702290076335878,-0.451416015625,0.001220703125,-0.0703125,7.361
3.0839694656488548,29.908396946564885,-6.854961832061068,-0.453125,-0.00244140625,-0.068603515625,7.362699999999999
3.2061068702290076,30.015267175572518,-6.961832061068702,-0.455810546875,-0.004150390625,-0.063232421875,7.3644
3.1297709923664123,29.984732824427482,-6.8396946564885495,-0.452880859375,0.001953125,-0.068603515625,7.366099999999999
3.2977099236641223,29.755725190839694,-7.206106870229007,-0.453857421875,-0.005126953125,-0.066650390625,7.3678
3.3893129770992365,29.435114503816795,-7.175572519083969,-0.453125,-0.003662109375,-0.0654296875,7.3694999999999995
3.1603053435114505,29.328244274809162,-7.282442748091603,-0.45703125,-0.001220703125,-0.072998046875,7.3712
3.1908396946564888,29.221374045801525,-7.343511450381679,-0.4599609375,0.0029296875,-0.072021484375,7.3729
3.572519083969466,28.763358778625953,-7.374045801526718,-0.4541015625,-0.0029296875,-0.07666015625,7.374599999999999
3.648854961832061,28.641221374045802,-7.450381679389313,-0.456787109375,-0.0009765625,-0.066650390625,7.3763
3.5114503816793894,28.65648854961832,-7.66412213740458,-0.460205078125,-0.0029296875,-0.0703125,7.377999999999999
3.572519083969466,28.396946564885496,-7.526717557251908,-0.462890625,-0.0048828125,-0.07177734375,7.3797
3.3893129770992365,28.366412213740457,-7.862595419847328,-0.459716796875,-0.0009765625,-0.072998046875,7.381399999999999
3.5572519083969465,28.595419847328245,-7.694656488549619,-0.4677734375,-0.00341796875,-0.071044921875,7.3831
3.648854961832061,28.458015267175572,-7.740458015267175,-0.466552734375,-0.004150390625,-0.076904296875,7.384799999999999
3.6946564885496183,28.625954198473284,-7.603053435114504,-0.46875,-0.00634765625,-0.07177734375,7.3865
3.6946564885496183,28.65648854961832,-7.9541984732824424,-0.46630859375,-0.0029296875,-0.06787109375,7.388199999999999
3.648854961832061,28.793893129770993,-7.541984732824427,-0.465576171875,-0.002197265625,-0.072265625,7.3899
3.877862595419847,28.977099236641223,-7.908396946564886,-0.467529296875,-0.009033203125,-0.074951171875,7.3915999999999995
3.7099236641221376,28.85496183206107,-7.877862595419847,-0.468017578125,-0.010009765625,-0.079345703125,7.3933
3.786259541984733,29.17557251908397,-7.908396946564886,-0.466552734375,-0.0087890625,-0.0859375,7.395
3.9236641221374047,29.450381679389313,-7.709923664122138,-0.46728515625,-0.01171875,-0.073486328125,7.396699999999999
3.8931297709923665,29.587786259541986,-7.572519083969466,-0.466552734375,-0.008056640625,-0.07568359375,7.3984
3.7251908396946565,29.862595419847327,-7.251908396946565,-0.46044921875,-0.009033203125,-0.08251953125,7.400099999999999
3.801526717557252,29.83206106870229,-7.541984732824427,-0.4638671875,-0.0078125,-0.0849609375,7.4018
4.106870229007634,29.862595419847327,-7.465648854961832,-0.464111328125,-0.009033203125,-0.080322265625,7.403499999999999
4.015267175572519,29.755725190839694,-7.267175572519084,-0.46630859375,-0.00830078125,-0.079833984375,7.4052
4.0458015267175576,29.87786259541985,-7.083969465648855,-0.461181640625,-0.004150390625,-0.083984375,7.406899999999999
3.877862595419847,29.84732824427481,-6.824427480916031,-0.461669921875,-0.01025390625,-0.087890625,7.4086
4.015267175572519,29.862595419847327,-6.778625954198473,-0.4609375,-0.005859375,-0.0849609375,7.410299999999999
3.8473282442748094,29.740458015267176,-6.793893129770993,-0.46240234375,-0.00732421875,-0.091552734375,7.412
3.9389312977099236,29.69465648854962,-6.702290076335878,-0.45556640625,-0.014404296875,-0.08447265625,7.4136999999999995
4.0,29.801526717557252,-6.625954198473282,-0.45947265625,-0.009765625,-0.0859375,7.4154
3.984732824427481,29.31297709923664,-6.412213740458015,-0.45556640625,-0.012451171875,-0.086669921875,7.4171
4.0,29.450381679389313,-6.33587786259542,-0.45068359375,-0.010986328125,-0.091552734375,7.418799999999999
4.091603053435114,29.19083969465649,-6.305343511450381,-0.44873046875,-0.01025390625,-0.08251953125,7.4205
3.8625954198473282,29.221374045801525,-6.458015267175573,-0.449951171875,-0.010986328125,-0.08740234375,7.422199999999999
3.7099236641221376,28.748091603053435,-6.534351145038168,-0.452880859375,-0.01318359375,-0.0869140625,7.4239
3.8473282442748094,28.229007633587788,-6.412213740458015,-0.446044921875,-0.017333984375,-0.08935546875,7.425599999999999
3.954198473282443,28.213740458015266,-6.320610687022901,-0.446533203125,-0.019775390625,-0.091552734375,7.4273
3.6793893129770994,27.954198473282442,-6.015267175572519,-0.446044921875,-0.01171875,-0.09033203125,7.428999999999999
3.6946564885496183,27.633587786259543,-5.984732824427481,-0.449951171875,-0.0126953125,-0.072265625,7.4307
3.480916030534351,26.99236641221374,-5.908396946564886,-0.445556640625,-0.013427734375,-0.08837890625,7.4323999999999995
3.4656488549618323,26.549618320610687,-5.7251908396946565,-0.443603515625,-0.015869140625,-0.093505859375,7.4341
3.6946564885496183,26.3206106870229,-5.679389312977099,-0.4482421875,-0.0146484375,-0.098388671875,7.4357999999999995
3.5419847328244276,25.786259541984734,-5.572519083969466,-0.44287109375,-0.0166015625,-0.105712890625,7.4375
3.6793893129770994,25.16030534351145,-5.755725190839694,-0.44775390625,-0.013671875,-0.09521484375,7.4392
3.66412213740458,24.595419847328245,-5.709923664122138,-0.447021484375,-0.01416015625,-0.091796875,7.440899999999999
3.312977099236641,24.061068702290076,-5.572519083969466,-0.44091796875,-0.01611328125,-0.0966796875,7.4426
3.1755725190839694,23.69465648854962,-5.648854961832061,-0.445068359375,-0.013916015625,-0.09521484375,7.444299999999999
3.786259541984733,22.946564885496183,-5.32824427480916,-0.443359375,-0.01220703125,-0.09228515625,7.446
3.404580152671756,22.366412213740457,-5.297709923664122,-0.447265625,-0.01513671875,-0.09375,7.447699999999999
3.3435114503816794,22.03053435114504,-5.4961832061068705,-0.4453125,-0.01220703125,-0.087646484375,7.4494
3.480916030534351,21.34351145038168,-5.587786259541985,-0.442626953125,-0.009765625,-0.093994140625,7.451099999999999
3.435114503816794,21.16030534351145,-5.3893129770992365,-0.44970703125,-0.01611328125,-0.10205078125,7.4528
3.282442748091603,20.977099236641223,-5.404580152671755,-0.4482421875,-0.015869140625,-0.08935546875,7.4544999999999995
3.3282442748091605,20.671755725190838,-5.465648854961832,-0.445556640625,-0.012451171875,-0.095703125,7.4562
3.6793893129770994,20.16793893129771,-5.343511450381679,-0.447021484375,-0.0107421875,-0.0927734375,7.4578999999999995
3.5419847328244276,20.259541984732824,-5.282442748091603,-0.44970703125,-0.00927734375,-0.097900390625,7.4596
3.099236641221374,19.81679389312977,-5.679389312977099,-0.446044921875,-0.012939453125,-0.096435546875,7.4613
3.236641221374046,19.51145038167939,-5.603053435114504,-0.450439453125,-0.01416015625,-0.087890625,7.462999999999999
3.3740458015267176,19.46564885496183,-5.786259541984733,-0.4521484375,-0.01123046875,-0.095947265625,7.4647
3.66412213740458,19.221374045801525,-5.465648854961832,-0.456787109375,-0.0185546875,-0.093017578125,7.466399999999999
3.3893129770992365,18.9618320610687,-5.770992366412214,-0.4580078125,-0.0166015625,-0.088134765625,7.4681
3.068702290076336,18.885496183206108,-5.557251908396947,-0.4541015625,-0.01513671875,-0.08837890625,7.469799999999999
3.4656488549618323,18.80916030534351,-5.541984732824427,-0.45849609375,-0.01513671875,-0.094970703125,7.4715
3.572519083969466,18.916030534351144,-5.587786259541985,-0.46044921875,-0.013671875,-0.09912109375,7.473199999999999
3.3740458015267176,18.65648854961832,-5.709923664122138,-0.459716796875,-0.01318359375,-0.095947265625,7.4749
3.3282442748091605,18.625954198473284,-5.572519083969466,-0.4638671875,-0.01513671875,-0.095703125,7.4765999999999995
3.4656488549618323,19.068702290076335,-5.511450381679389,-0.465087890625,-0.01416015625,-0.094970703125,7.4783
3.282442748091603,19.297709923664122,-5.419847328244275,-0.46240234375,-0.01611328125,-0.10302734375,7.4799999999999995
3.068702290076336,19.17557251908397,-5.4961832061068705,-0.46826171875,-0.02001953125,-0.087646484375,7.4817
2.885496183206107,19.221374045801525,-5.435114503816794,-0.466796875,-0.015869140625,-0.10009765625,7.4834
3.1755725190839694,19.46564885496183,-5.297709923664122,-0.46923828125,-0.016845703125,-0.095703125,7.485099999999999
2.8396946564885495,19.603053435114504,-4.8396946564885495,-0.470703125,-0.0185546875,-0.098876953125,7.4868
2.549618320610687,19.419847328244273,-4.732824427480916,-0.4716796875,-0.01513671875,-0.09375,7.488499999999999
2.763358778625954,19.69465648854962,-4.549618320610687,-0.4697265625,-0.01318359375,-0.09619140625,7.4902
2.6717557251908395,19.87786259541985,-4.0458015267175576,-0.470703125,-0.0146484375,-0.10546875,7.491899999999999
2.213740458015267,19.954198473282442,-3.7557251908396947,-0.47119140625,-0.01708984375,-0.096923828125,7.4936
1.9694656488549618,20.259541984732824,-3.6030534351145036,-0.469970703125,-0.021484375,-0.1005859375,7.495299999999999
1.633587786259542,20.38167938931298,-3.114503816793893,-0.477294921875,-0.02001953125,-0.104736328125,7.497
0.9770992366412213,20.35114503816794,-3.0839694656488548,-0.47216796875,-0.0146484375,-0.104736328125,7.4986999999999995
0.5801526717557252,20.580152671755727,-2.1068702290076335,-0.479248046875,-0.01611328125,-0.103759765625,7.5004
0.33587786259541985,20.65648854961832,-2.183206106870229,-0.4677734375,-0.01806640625,-0.10205078125,7.5020999999999995
0.1984732824427481,20.793893129770993,-1.9389312977099236,-0.477294921875,-0.0166015625,-0.098876953125,7.5038
0.16793893129770993,20.9618320610687,-1.4809160305343512,-0.470703125,-0.015380859375,-0.098876953125,7.5055
0.16793893129770993,20.946564885496183,-1.1755725190839694,-0.478515625,-0.01904296875,-0.09423828125,7.507199999999999
0.3053435114503817,21.129770992366414,-1.0534351145038168,-0.472900390625,-0.017333984375,-0.09033203125,7.5089
0.3816793893129771,21.435114503816795,-0.5190839694656488,-0.473876953125,-0.018310546875,-0.103271484375,7.510599999999999
0.5343511450381679,21.709923664122137,-0.3816793893129771,-0.476318359375,-0.0166015625,-0.103759765625,7.5123
0.7938931297709924,21.893129770992367,-0.5801526717557252,-0.46728515625,-0.0166015625,-0.104248046875,7.513999999999999
0.7938931297709924,22.30534351145038,-0.33587786259541985,-0.46875,-0.01708984375,-0.094482421875,7.5157
0.732824427480916,22.763358778625953,-0.33587786259541985,-0.465576171875,-0.01953125,-0.103759765625,7.517399999999999
0.5343511450381679,23.00763358778626,-0.5190839694656488,-0.4609375,-0.020751953125,-0.1044921875,7.5191
0.5954198473282443,23.297709923664122,-0.5954198473282443,-0.465576171875,-0.018310546875,-0.098876953125,7.5207999999999995
0.8091603053435115,23.557251908396946,-0.5648854961832062,-0.46826171875,-0.01806640625,-0.1005859375,7.5225
0.8549618320610687,23.69465648854962,-0.8396946564885496,-0.462646484375,-0.0185546875,-0.104736328125,7.5241999999999996
0.732824427480916,23.96946564885496,-0.7633587786259542,-0.455078125,-0.01953125,-0.10888671875,7.525899999999999
1.1297709923664123,23.96946564885496,-0.5648854961832062,-0.457763671875,-0.016845703125,-0.104248046875,7.5276
1.1297709923664123,23.786259541984734,-0.7786259541984732,-0.46142578125,-0.017333984375,-0.106689453125,7.529299999999999
1.251908396946565,23.72519083969466,-0.6106870229007634,-0.458740234375,-0.013916015625,-0.094482421875,7.531
1.3893129770992367,23.480916030534353,-0.4122137404580153,-0.45458984375,-0.01904296875,-0.108154296875,7.532699999999999
1.4045801526717556,23.297709923664122,-0.3053435114503817,-0.45361328125,-0.016845703125,-0.10986328125,7.5344
1.3587786259541985,22.885496183206108,-0.366412213740458,-0.451171875,-0.01611328125,-0.104736328125,7.536099999999999
1.6641221374045803,22.442748091603054,-0.10687022900763359,-0.45458984375,-0.018310546875,-0.10791015625,7.5378
1.618320610687023,22.0,-0.24427480916030533,-0.45068359375,-0.016357421875,-0.10595703125,7.539499999999999
1.618320610687023,21.129770992366414,-0.12213740458015267,-0.450927734375,-0.013671875,-0.10302734375,7.5412
1.9083969465648856,20.793893129770993,-0.04580152671755725,-0.448974609375,-0.016845703125,-0.1044921875,7.5428999999999995
2.1068702290076335,20.229007633587788,0.15267175572519084,-0.45361328125,-0.013427734375,-0.112060546875,7.5446
2.0916030534351147,19.633587786259543,-0.13740458015267176,-0.447509765625,-0.013916015625,-0.111328125,7.5463
2.198473282442748,19.14503816793893,-0.15267175572519084,-0.449951171875,-0.01318359375,-0.109130859375,7.547999999999999
2.2290076335877864,18.595419847328245,-0.2595419847328244,-0.453857421875,-0.011962890625,-0.114013671875,7.5497
2.4427480916030535,18.0,-0.24427480916030533,-0.453857421875,-0.019775390625,-0.1103515625,7.551399999999999
2.6564885496183206,17.66412213740458,-0.366412213740458,-0.44970703125,-0.013671875,-0.10400390625,7.5531
2.3053435114503817,17.099236641221374,-0.32061068702290074,-0.445556640625,-0.011962890625,-0.11865234375,7.554799999999999
2.4122137404580153,16.85496183206107,-0.48854961832061067,-0.44873046875,-0.01416015625,-0.11474609375,7.5565
2.50381679389313,16.33587786259542,-0.549618320610687,-0.451416015625,-0.011474609375,-0.121826171875,7.558199999999999
2.6717557251908395,15.938931297709924,-0.6412213740458015,-0.451904296875,-0.013916015625,-0.11474609375,7.5599
2.7480916030534353,15.938931297709924,-0.4580152671755725,-0.45751953125,-0.0146484375,-0.10302734375,7.561599999999999
2.6717557251908395,15.557251908396946,-0.7633587786259542,-0.454833984375,-0.01220703125,-0.104736328125,7.5633
2.9618320610687023,15.221374045801527,-0.6870229007633588,-0.453125,-0.011474609375,-0.119140625,7.5649999999999995
2.8702290076335877,15.053435114503817,-0.8091603053435115,-0.4609375,-0.0126953125,-0.118408203125,7.5667
2.900763358778626,14.595419847328245,-0.5954198473282443,-0.458984375,-0.01416015625,-0.117431640625,7.5684
3.053435114503817,14.641221374045802,-0.6259541984732825,-0.46337890625,-0.013427734375,-0.11572265625,7.570099999999999
3.0229007633587788,14.778625954198473,-0.4580152671755725,-0.4638671875,-0.016357421875,-0.110595703125,7.5718
3.0076335877862594,14.717557251908397,-0.3816793893129771,-0.4599609375,-0.02099609375,-0.112060546875,7.573499999999999
3.068702290076336,14.82442748091603,-0.2900763358778626,-0.46484375,-0.01416015625,-0.114501953125,7.5752
3.3282442748091605,14.65648854961832,-0.07633587786259542,-0.47119140625,-0.011474609375,-0.107421875,7.576899999999999
3.0229007633587788,14.717557251908397,0.061068702290076333,-0.4677734375,-0.0107421875,-0.10791015625,7.5786
3.053435114503817,15.022900763358779,-0.10687022900763359,-0.465576171875,-0.0087890625,-0.115234375,7.580299999999999
3.3282442748091605,14.854961832061068,0.04580152671755725,-0.464111328125,-0.018798828125,-0.122314453125,7.582
3.053435114503817,14.82442748091603,0.0,-0.463134765625,-0.016845703125,-0.111328125,7.583699999999999
3.0381679389312977,14.977099236641221,0.22900763358778625,-0.460693359375,-0.021240234375,-0.114501953125,7.5854
3.0381679389312977,15.17557251908397,-0.04580152671755725,-0.462158203125,-0.015869140625,-0.116943359375,7.5870999999999995
3.2977099236641223,15.16030534351145,-0.07633587786259542,-0.461181640625,-0.011474609375,-0.11474609375,7.5888
3.3282442748091605,15.34351145038168,0.10687022900763359,-0.462646484375,-0.010498046875,-0.119140625,7.5905
3.480916030534351,15.297709923664122,0.12213740458015267,-0.465576171875,-0.010009765625,-0.1162109375,7.592199999999999
3.5877862595419847,15.435114503816793,-0.030534351145038167,-0.4638671875,-0.01611328125,-0.11279296875,7.5939
3.1908396946564888,15.48091603053435,0.13740458015267176,-0.462158203125,-0.01318359375,-0.1201171875,7.595599999999999
3.2977099236641223,15.435114503816793,0.24427480916030533,-0.467041015625,-0.010498046875,-0.10302734375,7.5973
3.5267175572519083,15.404580152671755,0.1984732824427481,-0.46435546875,-0.009033203125,-0.115478515625,7.598999999999999
3.49618320610687,15.48091603053435,0.10687022900763359,-0.462890625,-0.01025390625,-0.115478515625,7.6007
3.5267175572519083,15.618320610687023,0.2748091603053435,-0.465087890625,-0.01171875,-0.12060546875,7.602399999999999
3.3282442748091605,15.374045801526718,0.21374045801526717,-0.462890625,-0.01171875,-0.119873046875,7.6041
3.4198473282442747,15.541984732824428,0.33587786259541985,-0.462158203125,-0.012939453125,-0.1142578125,7.6057999999999995
3.618320610687023,15.511450381679388,0.16793893129770993,-0.464111328125,-0.017333984375,-0.111083984375,7.6075
3.7404580152671754,15.648854961832061,0.2595419847328244,-0.46337890625,-0.013671875,-0.1201171875,7.6091999999999995
3.435114503816794,15.572519083969466,0.13740458015267176,-0.4580078125,-0.011474609375,-0.115966796875,7.6109
3.5114503816793894,15.648854961832061,0.16793893129770993,-0.460693359375,-0.01416015625,-0.114013671875,7.6126
3.618320610687023,15.587786259541986,0.10687022900763359,-0.463134765625,-0.01025390625,-0.114990234375,7.614299999999999
3.801526717557252,15.557251908396946,0.1984732824427481,-0.458984375,-0.014404296875,-0.120849609375,7.616
3.618320610687023,15.48091603053435,-0.13740458015267176,-0.458251953125,-0.015869140625,-0.114990234375,7.617699999999999
3.6793893129770994,15.49618320610687,-0.16793893129770993,-0.453125,-0.011962890625,-0.122314453125,7.6194
3.7404580152671754,15.740458015267176,-0.24427480916030533,-0.459228515625,-0.013916015625,-0.12939453125,7.621099999999999
3.4198473282442747,15.389312977099237,-0.15267175572519084,-0.45849609375,-0.010986328125,-0.116943359375,7.6228
3.66412213740458,15.022900763358779,-0.13740458015267176,-0.456298828125,-0.013671875,-0.122314453125,7.624499999999999
3.984732824427481,14.900763358778626,-0.2900763358778626,-0.460693359375,-0.017333984375,-0.12109375,7.6262
3.618320610687023,14.534351145038167,-0.15267175572519084,-0.457275390625,-0.009033203125,-0.1142578125,7.6278999999999995
3.7557251908396947,14.427480916030534,-0.0916030534351145,-0.455078125,-0.009765625,-0.121826171875,7.6296
4.030534351145038,14.335877862595419,-0.10687022900763359,-0.45703125,-0.0078125,-0.1123046875,7.6312999999999995
3.5877862595419847,13.893129770992367,-0.2595419847328244,-0.455078125,-0.013427734375,-0.121826171875,7.633
3.4656488549618323,13.709923664122137,-0.24427480916030533,-0.45703125,-0.011474609375,-0.1240234375,7.6347
3.5419847328244276,13.709923664122137,-0.2595419847328244,-0.452392578125,-0.015869140625,-0.1240234375,7.636399999999999
3.282442748091603,13.618320610687023,-0.2900763358778626,-0.4521484375,-0.01318359375,-0.12744140625,7.6381
2.9618320610687023,13.282442748091603,-0.2595419847328244,-0.450927734375,-0.013671875,-0.127685546875,7.639799999999999
2.946564885496183,12.931297709923664,-0.366412213740458,-0.449951171875,-0.0078125,-0.1220703125,7.6415
3.2061068702290076,12.51908396946565,-0.5190839694656488,-0.447998046875,-0.012451171875,-0.1181640625,7.643199999999999
3.0381679389312977,12.290076335877863,-0.6259541984732825,-0.450439453125,-0.013427734375,-0.11865234375,7.6449
2.931297709923664,11.84732824427481,-0.5038167938931297,-0.44189453125,-0.008056640625,-0.1201171875,7.646599999999999
2.900763358778626,11.49618320610687,-0.3969465648854962,-0.441162109375,-0.017822265625,-0.12646484375,7.6483
3.2061068702290076,10.931297709923664,-0.6717557251908397,-0.44921875,-0.011962890625,-0.122802734375,7.6499999999999995
3.1603053435114505,10.732824427480915,-0.7938931297709924,-0.44775390625,-0.016357421875,-0.119873046875,7.6517
2.7480916030534353,10.15267175572519,-0.6870229007633588,-0.447021484375,-0.01416015625,-0.1201171875,7.6533999999999995
2.8702290076335877,9.938931297709924,-0.5801526717557252,-0.45361328125,-0.014892578125,-0.120849609375,7.6551
2.687022900763359,9.450381679389313,-0.6870229007633588,-0.449462890625,-0.0166015625,-0.1279296875,7.6568
2.7022900763358777,8.580152671755725,-0.7938931297709924,-0.456298828125,-0.009765625,-0.125,7.658499999999999
2.7022900763358777,8.381679389312977,-0.732824427480916,-0.45556640625,-0.014404296875,-0.118896484375,7.6602
2.4122137404580153,7.740458015267175,-0.732824427480916,-0.4560546875,-0.017333984375,-0.120849609375,7.661899999999999
2.6259541984732824,7.282442748091603,-0.7786259541984732,-0.4521484375,-0.015625,-0.12255859375,7.6636
2.6259541984732824,7.1603053435114505,-0.5038167938931297,-0.46044921875,-0.015380859375,-0.121337890625,7.665299999999999
2.4885496183206106,7.00763358778626,-0.5801526717557252,-0.457275390625,-0.014892578125,-0.118408203125,7.667
2.564885496183206,6.854961832061068,-0.5343511450381679,-0.4560546875,-0.01953125,-0.1162109375,7.668699999999999
2.8244274809160306,6.824427480916031,-0.5343511450381679,-0.46337890625,-0.015380859375,-0.117919921875,7.6704
2.33587786259542,6.641221374045801,-0.4122137404580153,-0.460205078125,-0.012939453125,-0.123291015625,7.6720999999999995
2.3969465648854964,6.900763358778626,-0.44274809160305345,-0.461669921875,-0.005615234375,-0.1240234375,7.6738
2.213740458015267,6.885496183206107,-0.3511450381679389,-0.46240234375,-0.006591796875,-0.1201171875,7.6754999999999995
2.351145038167939,7.068702290076335,-0.3511450381679389,-0.462158203125,-0.00927734375,-0.119140625,7.677199999999999
2.1374045801526718,7.1603053435114505,-0.5190839694656488,-0.462890625,-0.016357421875,-0.119384765625,7.6789
1.6946564885496183,7.450381679389313,-0.5190839694656488,-0.4619140625,-0.011962890625,-0.123779296875,7.680599999999999
1.9694656488549618,7.740458015267175,-0.5648854961832062,-0.469970703125,-0.013671875,-0.116943359375,7.6823
1.9083969465648856,7.847328244274809,-0.7022900763358778,-0.470947265625,-0.011962890625,-0.123046875,7.683999999999999
1.5267175572519085,8.229007633587786,-0.6564885496183206,-0.47607421875,-0.011962890625,-0.12646484375,7.6857
1.4961832061068703,8.198473282442748,-0.8702290076335878,-0.47314453125,-0.005126953125,-0.11669921875,7.687399999999999
1.4351145038167938,8.15267175572519,-0.8396946564885496,-0.47265625,-0.015869140625,-0.115478515625,7.6891
1.465648854961832,8.473282442748092,-0.7938931297709924,-0.4736328125,-0.01513671875,-0.12841796875,7.690799999999999
1.3129770992366412,8.778625954198473,-0.5343511450381679,-0.474609375,-0.01513671875,-0.12744140625,7.6925
1.3587786259541985,8.931297709923664,-0.4732824427480916,-0.4697265625,-0.013427734375,-0.1162109375,7.6941999999999995
1.7251908396946565,9.038167938931299,-0.33587786259541985,-0.47314453125,-0.00537109375,-0.114990234375,7.6959
1.4198473282442747,9.251908396946565,-0.366412213740458,-0.472412109375,-0.023193359375,-0.122314453125,7.6975999999999996
1.2366412213740459,9.32824427480916,-0.10687022900763359,-0.47021484375,-0.012939453125,-0.129150390625,7.699299999999999
1.1908396946564885,9.648854961832061,0.04580152671755725,-0.4677734375,-0.016845703125,-0.118408203125,7.701
1.1755725190839694,9.770992366412214,0.015267175572519083,-0.470458984375,-0.01416015625,-0.11865234375,7.702699999999999
1.3435114503816794,10.122137404580153,0.10687022900763359,-0.46923828125,-0.010009765625,-0.12451171875,7.7044
1.4351145038167938,10.290076335877863,0.21374045801526717,-0.472900390625,-0.01611328125,-0.125244140625,7.706099999999999
1.4045801526717556,10.549618320610687,0.15267175572519084,-0.47021484375,-0.01904296875,-0.119873046875,7.7078
1.4809160305343512,10.549618320610687,-0.061068702290076333,-0.469970703125,-0.01904296875,-0.13037109375,7.709499999999999
1.450381679389313,11.068702290076336,-0.24427480916030533,-0.47119140625,-0.016845703125,-0.1220703125,7.7112
1.1450381679389312,10.83969465648855,-0.16793893129770993,-0.464111328125,-0.015625,-0.123779296875,7.712899999999999
1.4351145038167938,10.763358778625955,-0.3969465648854962,-0.466552734375,-0.015380859375,-0.128173828125,7.7146
1.4961832061068703,10.778625954198473,-0.6106870229007634,-0.4736328125,-0.017578125,-0.12548828125,7.7162999999999995
1.4961832061068703,10.732824427480915,-0.5343511450381679,-0.47509765625,-0.01513671875,-0.119873046875,7.718
1.3129770992366412,10.625954198473282,-0.6564885496183206,-0.466552734375,-0.016845703125,-0.119873046875,7.7197
1.5267175572519085,10.748091603053435,-0.7175572519083969,-0.465576171875,-0.013916015625,-0.1240234375,7.721399999999999
1.465648854961832,10.793893129770993,-0.7633587786259542,-0.466796875,-0.015380859375,-0.12158203125,7.7231
1.450381679389313,10.67175572519084,-0.5343511450381679,-0.46533203125,-0.013427734375,-0.115234375,7.724799999999999
1.3587786259541985,10.946564885496183,-0.33587786259541985,-0.46435546875,-0.012939453125,-0.12353515625,7.7265
1.3435114503816794,10.748091603053435,-0.3969465648854962,-0.4619140625,-0.006591796875,-0.12646484375,7.728199999999999
1.450381679389313,10.80916030534351,-0.24427480916030533,-0.462890625,-0.006591796875,-0.123779296875,7.7299
1.3282442748091603,10.885496183206106,-0.3816793893129771,-0.46435546875,-0.01611328125,-0.1201171875,7.731599999999999
1.5572519083969465,10.961832061068701,-0.13740458015267176,-0.461669921875,-0.009765625,-0.12744140625,7.7333
1.7099236641221374,10.977099236641221,0.030534351145038167,-0.4609375,-0.010009765625,-0.13623046875,7.734999999999999
1.4961832061068703,10.977099236641221,0.10687022900763359,-0.46337890625,-0.010986328125,-0.126708984375,7.7367
1.5419847328244274,10.900763358778626,0.16793893129770993,-0.461181640625,-0.012451171875,-0.118896484375,7.7383999999999995
1.5572519083969465,10.916030534351146,0.16793893129770993,-0.45654296875,-0.017822265625,-0.122314453125,7.7401
1.6488549618320612,10.80916030534351,0.33587786259541985,-0.45849609375,-0.013671875,-0.11767578125,7.7418
1.6793893129770991,10.885496183206106,0.42748091603053434,-0.455322265625,-0.010986328125,-0.121337890625,7.743499999999999
1.7557251908396947,10.83969465648855,0.2748091603053435,-0.457275390625,-0.010009765625,-0.1298828125,7.7452
1.6946564885496183,10.65648854961832,0.33587786259541985,-0.459716796875,-0.00537109375,-0.120849609375,7.746899999999999
1.5572519083969465,10.427480916030534,0.183206106870229,-0.46337890625,-0.006103515625,-0.126708984375,7.7486
1.7557251908396947,10.198473282442748,0.3511450381679389,-0.45458984375,-0.014892578125,-0.12158203125,7.750299999999999
1.786259541984733,9.786259541984732,0.3816793893129771,-0.456298828125,-0.010009765625,-0.125,7.752
1.83206106870229,9.541984732824428,0.5801526717557252,-0.458740234375,-0.01611328125,-0.11474609375,7.753699999999999
2.0916030534351147,9.358778625954198,0.44274809160305345,-0.459228515625,-0.010986328125,-0.119873046875,7.7554
1.9694656488549618,9.022900763358779,0.549618320610687,-0.460693359375,-0.01318359375,-0.120361328125,7.757099999999999
2.3206106870229006,8.641221374045802,0.2900763358778626,-0.4638671875,-0.01025390625,-0.12890625,7.7588
2.1526717557251906,8.488549618320612,0.48854961832061067,-0.46044921875,-0.009521484375,-0.126220703125,7.7604999999999995
2.4732824427480917,8.473282442748092,0.4122137404580153,-0.45751953125,-0.00537109375,-0.116943359375,7.7622
2.4427480916030535,8.16793893129771,0.4122137404580153,-0.460693359375,-0.007080078125,-0.121337890625,7.7639
2.4580152671755724,8.290076335877863,0.3053435114503817,-0.4580078125,-0.010498046875,-0.124755859375,7.765599999999999
2.4122137404580153,8.259541984732824,0.183206106870229,-0.459228515625,-0.011962890625,-0.125244140625,7.7673
2.549618320610687,8.122137404580153,-0.366412213740458,-0.465576171875,-0.005126953125,-0.13037109375,7.768999999999999
2.717557251908397,8.259541984732824,-0.24427480916030533,-0.463623046875,-0.008056640625,-0.12646484375,7.7707
2.763358778625954,8.15267175572519,-0.24427480916030533,-0.463623046875,-0.008544921875,-0.126953125,7.772399999999999
2.7786259541984735,8.091603053435115,-0.3969465648854962,-0.46240234375,-0.00927734375,-0.132080078125,7.7741
2.8091603053435112,8.244274809160306,-0.32061068702290074,-0.463134765625,-0.005615234375,-0.1162109375,7.775799999999999
2.687022900763359,8.030534351145038,-0.5038167938931297,-0.4609375,-0.007568359375,-0.13037109375,7.7775
2.854961832061069,7.877862595419847,-0.6259541984732825,-0.46240234375,-0.013671875,-0.123779296875,7.7791999999999994
3.0076335877862594,8.0,-0.4580152671755725,-0.4619140625,-0.01220703125,-0.125732421875,7.7809
3.068702290076336,7.984732824427481,-0.22900763358778625,-0.46240234375,-0.00732421875,-0.12060546875,7.7825999999999995
3.1297709923664123,7.755725190839694,-0.3816793893129771,-0.461181640625,-0.010986328125,-0.13232421875,7.7843
3.3435114503816794,7.694656488549619,-0.3969465648854962,-0.462646484375,-0.011962890625,-0.129150390625,7.786
3.3740458015267176,7.419847328244275,-0.44274809160305345,-0.46484375,-0.011962890625,-0.134033203125,7.787699999999999
3.312977099236641,7.419847328244275,-0.3816793893129771,-0.456787109375,-0.00830078125,-0.13232421875,7.7894
3.1603053435114505,7.297709923664122,-0.04580152671755725,-0.457275390625,-0.00927734375,-0.123779296875,7.791099999999999
3.3282442748091605,7.1603053435114505,-0.44274809160305345,-0.46630859375,-0.0126953125,-0.126708984375,7.7928
3.3282442748091605,7.083969465648855,-0.33587786259541985,-0.462158203125,-0.009765625,-0.121337890625,7.794499999999999
3.450381679389313,6.824427480916031,-0.2900763358778626,-0.460693359375,-0.006103515625,-0.13037109375,7.7962
3.3893129770992365,7.129770992366412,-0.3053435114503817,-0.463623046875,-0.01220703125,-0.129638671875,7.797899999999999
3.404580152671756,6.9465648854961835,-0.32061068702290074,-0.460693359375,-0.01171875,-0.12890625,7.7996
3.3893129770992365,6.961832061068702,-0.16793893129770993,-0.461669921875,-0.01025390625,-0.1240234375,7.8012999999999995
3.404580152671756,7.068702290076335,-0.4580152671755725,-0.463134765625,-0.01220703125,-0.121337890625,7.803
3.3282442748091605,6.748091603053435,-0.2900763358778626,-0.45751953125,-0.017578125,-0.134765625,7.8046999999999995
3.3740458015267176,6.732824427480916,-0.4580152671755725,-0.46728515625,-0.01123046875,-0.123779296875,7.8064
3.435114503816794,6.854961832061068,-0.4122137404580153,-0.46630859375,-0.00927734375,-0.128173828125,7.8081
3.404580152671756,6.885496183206107,-0.4580152671755725,-0.463623046875,-0.013916015625,-0.123291015625,7.809799999999999
3.2213740458015265,6.8396946564885495,-0.0916030534351145,-0.45947265625,-0.01220703125,-0.12646484375,7.8115
3.404580152671756,6.793893129770993,-0.183206106870229,-0.467041015625,-0.009521484375,-0.124267578125,7.813199999999999
3.3435114503816794,6.961832061068702,-0.2748091603053435,-0.465087890625,-0.01806640625,-0.125244140625,7.8149
3.0839694656488548,6.748091603053435,-0.07633587786259542,-0.462890625,-0.011962890625,-0.12548828125,7.816599999999999
3.236641221374046,6.885496183206107,-0.12213740458015267,-0.464599609375,-0.015380859375,-0.124267578125,7.8183
3.3587786259541983,6.931297709923665,-0.16793893129770993,-0.462646484375,-0.01708984375,-0.12109375,7.819999999999999
3.2519083969465647,6.748091603053435,-0.12213740458015267,-0.460693359375,-0.015869140625,-0.124755859375,7.8217
3.2213740458015265,6.656488549618321,0.04580152671755725,-0.45263671875,-0.016845703125,-0.114013671875,7.8233999999999995
3.0381679389312977,6.473282442748092,-0.10687022900763359,-0.457275390625,-0.013427734375,-0.127197265625,7.8251
3.145038167938931,6.351145038167939,-0.015267175572519083,-0.45751953125,-0.007080078125,-0.123046875,7.8267999999999995
2.931297709923664,6.33587786259542,-0.015267175572519083,-0.454833984375,-0.009033203125,-0.12451171875,7.828499999999999
3.2061068702290076,6.152671755725191,-0.16793893129770993,-0.460205078125,-0.00927734375,-0.125732421875,7.8302
3.1908396946564888,6.122137404580153,-0.04580152671755725,-0.460205078125,-0.0107421875,-0.12744140625,7.831899999999999
3.0381679389312977,5.938931297709924,-0.030534351145038167,-0.45947265625,-0.009033203125,-0.12353515625,7.8336
3.099236641221374,5.587786259541985,-0.1984732824427481,-0.457275390625,-0.012451171875,-0.122802734375,7.835299999999999
3.1603053435114505,5.4961832061068705,-0.183206106870229,-0.4609375,-0.01123046875,-0.128173828125,7.837
3.2213740458015265,5.129770992366412,-0.3053435114503817,-0.46142578125,-0.0087890625,-0.122802734375,7.838699999999999
3.0229007633587788,5.022900763358779,-0.33587786259541985,-0.4580078125,-0.0048828125,-0.122314453125,7.8404
3.0381679389312977,5.0534351145038165,-0.5648854961832062,-0.4638671875,-0.009521484375,-0.1318359375,7.842099999999999
3.0381679389312977,4.748091603053435,-0.6412213740458015,-0.46533203125,-0.00927734375,-0.12451171875,7.8438
3.1603053435114505,4.244274809160306,-0.6412213740458015,-0.458984375,-0.011474609375,-0.123779296875,7.8454999999999995
3.053435114503817,4.33587786259542,-0.7786259541984732,-0.461669921875,-0.009521484375,-0.130859375,7.8472
3.0229007633587788,4.33587786259542,-0.6106870229007634,-0.46142578125,-0.010009765625,-0.1298828125,7.8488999999999995
3.312977099236641,4.076335877862595,-0.9007633587786259,-0.4599609375,-0.009033203125,-0.12646484375,7.850599999999999
3.1297709923664123,3.83206106870229,-0.916030534351145,-0.460693359375,-0.0107421875,-0.12060546875,7.8523
2.9618320610687023,3.5572519083969465,-0.9770992366412213,-0.456298828125,-0.0087890625,-0.120849609375,7.853999999999999
3.053435114503817,3.66412213740458,-1.083969465648855,-0.459228515625,-0.00830078125,-0.124267578125,7.8557
3.0076335877862594,3.66412213740458,-1.2061068702290076,-0.4638671875,-0.01220703125,-0.128662109375,7.857399999999999
3.068702290076336,3.5267175572519083,-1.450381679389313,-0.458984375,-0.014404296875,-0.130126953125,7.8591
2.900763358778626,3.633587786259542,-1.5877862595419847,-0.462158203125,-0.012939453125,-0.128173828125,7.860799999999999
2.885496183206107,3.3435114503816794,-1.6793893129770991,-0.464599609375,-0.010498046875,-0.133056640625,7.8625
3.068702290076336,3.145038167938931,-1.5725190839694656,-0.46142578125,-0.0126953125,-0.124267578125,7.864199999999999
2.946564885496183,3.145038167938931,-1.7557251908396947,-0.466796875,-0.0146484375,-0.123291015625,7.8659
2.687022900763359,3.3740458015267176,-1.7557251908396947,-0.465576171875,-0.0146484375,-0.1279296875,7.8675999999999995
2.7022900763358777,3.4198473282442747,-1.83206106870229,-0.463134765625,-0.0185546875,-0.11865234375,7.8693
2.6564885496183206,3.267175572519084,-1.6641221374045803,-0.463623046875,-0.013671875,-0.120849609375,7.8709999999999996
2.6106870229007635,3.114503816793893,-1.6946564885496183,-0.463623046875,-0.015380859375,-0.12255859375,7.872699999999999
2.595419847328244,3.099236641221374,-1.7709923664122138,-0.460693359375,-0.0166015625,-0.12646484375,7.8744
2.5801526717557253,3.282442748091603,-1.6030534351145038,-0.466796875,-0.009033203125,-0.128662109375,7.876099999999999
2.351145038167939,3.2213740458015265,-1.5419847328244274,-0.46728515625,-0.0146484375,-0.126708984375,7.8778
2.351145038167939,3.2977099236641223,-1.3740458015267176,-0.466796875,-0.0166015625,-0.127685546875,7.879499999999999
2.3053435114503817,3.1755725190839694,-1.6641221374045803,-0.4697265625,-0.01416015625,-0.130859375,7.8812
2.2290076335877864,3.2061068702290076,-1.4351145038167938,-0.4638671875,-0.01123046875,-0.125244140625,7.882899999999999
2.1374045801526718,3.1297709923664123,-1.3893129770992367,-0.468017578125,-0.016357421875,-0.134521484375,7.8846
1.8473282442748091,3.267175572519084,-1.4351145038167938,-0.4697265625,-0.015869140625,-0.126220703125,7.886299999999999
2.0,3.404580152671756,-1.297709923664122,-0.469482421875,-0.0146484375,-0.12158203125,7.888
1.8473282442748091,3.450381679389313,-1.3435114503816794,-0.46923828125,-0.01806640625,-0.12646484375,7.8896999999999995
1.9083969465648856,3.5877862595419847,-1.1450381679389312,-0.470703125,-0.0166015625,-0.12451171875,7.8914
1.83206106870229,3.3587786259541983,-1.251908396946565,-0.46142578125,-0.013427734375,-0.12255859375,7.8931
1.4961832061068703,3.5267175572519083,-1.3129770992366412,-0.467529296875,-0.01513671875,-0.12451171875,7.894799999999999
1.633587786259542,3.572519083969466,-1.2213740458015268,-0.470703125,-0.0146484375,-0.1259765625,7.8965
1.4045801526717556,3.633587786259542,-1.1603053435114503,-0.474365234375,-0.01416015625,-0.1259765625,7.898199999999999
1.450381679389313,3.7251908396946565,-1.5725190839694656,-0.47705078125,-0.01220703125,-0.125732421875,7.8999
1.4351145038167938,3.801526717557252,-1.2671755725190839,-0.470703125,-0.014892578125,-0.125732421875,7.901599999999999
1.2213740458015268,3.877862595419847,-0.9923664122137404,-0.47509765625,-0.012939453125,-0.125244140625,7.9033
1.297709923664122,3.9083969465648853,-1.0687022900763359,-0.4697265625,-0.01416015625,-0.121337890625,7.904999999999999
0.9923664122137404,4.030534351145038,-1.3740458015267176,-0.470703125,-0.01171875,-0.12841796875,7.9067
1.1450381679389312,4.259541984732825,-1.099236641221374,-0.470458984375,-0.0126953125,-0.124755859375,7.908399999999999
1.4198473282442747,4.5038167938931295,-1.099236641221374,-0.466552734375,-0.012939453125,-0.119140625,7.9101
1.1145038167938932,5.00763358778626,-1.1603053435114503,-0.469970703125,-0.010498046875,-0.1220703125,7.9117999999999995
0.8702290076335878,5.236641221374046,-1.1297709923664123,-0.471435546875,-0.010498046875,-0.115966796875,7.9135
1.1450381679389312,5.587786259541985,-1.0381679389312977,-0.46728515625,-0.01220703125,-0.13134765625,7.9152
0.9007633587786259,5.984732824427481,-0.9923664122137404,-0.470458984375,-0.01513671875,-0.11767578125,7.916899999999999
1.0534351145038168,6.030534351145038,-1.0076335877862594,-0.46826171875,-0.01416015625,-0.119140625,7.9186
0.916030534351145,6.33587786259542,-1.1908396946564885,-0.4697265625,-0.013427734375,-0.124267578125,7.920299999999999
0.9770992366412213,6.244274809160306,-0.9618320610687023,-0.468017578125,-0.007080078125,-0.1279296875,7.922
0.9007633587786259,6.305343511450381,-0.9618320610687023,-0.47314453125,-0.0078125,-0.127685546875,7.923699999999999
0.9618320610687023,6.305343511450381,-0.9923664122137404,-0.468505859375,-0.008056640625,-0.125732421875,7.9254
0.9007633587786259,6.0458015267175576,-1.1755725190839694,-0.47412109375,-0.008544921875,-0.1220703125,7.927099999999999
1.0534351145038168,5.755725190839694,-1.1908396946564885,-0.469482421875,-0.01025390625,-0.11669921875,7.9288
0.8854961832061069,5.740458015267175,-1.282442748091603,-0.466064453125,-0.011962890625,-0.11669921875,7.930499999999999
1.099236641221374,5.740458015267175,-1.1755725190839694,-0.469482421875,-0.004150390625,-0.117919921875,7.9322
1.1450381679389312,5.770992366412214,-1.2671755725190839,-0.470703125,-0.01123046875,-0.12890625,7.9338999999999995
0.9770992366412213,6.015267175572519,-1.1450381679389312,-0.466796875,-0.0078125,-0.1259765625,7.9356
0.8549618320610687,6.0,-1.2366412213740459,-0.46875,-0.0107421875,-0.13232421875,7.9373
0.8091603053435115,6.229007633587786,-1.083969465648855,-0.46728515625,-0.01513671875,-0.125732421875,7.938999999999999
0.8244274809160306,6.473282442748092,-1.2213740458015268,-0.47216796875,-0.00830078125,-0.12109375,7.9407
0.9465648854961832,6.67175572519084,-1.0687022900763359,-0.468994140625,-0.007568359375,-0.119384765625,7.942399999999999
1.1908396946564885,6.717557251908397,-0.916030534351145,-0.467529296875,-0.0087890625,-0.1259765625,7.9441
0.8091603053435115,6.824427480916031,-1.0076335877862594,-0.470458984375,-0.006591796875,-0.12646484375,7.945799999999999
0.9312977099236641,6.99236641221374,-0.9007633587786259,-0.470947265625,-0.0107421875,-0.12451171875,7.9475
1.083969465648855,7.190839694656488,-0.6564885496183206,-0.4677734375,-0.005126953125,-0.131591796875,7.949199999999999
0.8549618320610687,7.297709923664122,-0.916030534351145,-0.46533203125,-0.009521484375,-0.127197265625,7.9509
1.083969465648855,7.358778625954199,-0.7633587786259542,-0.466552734375,-0.0087890625,-0.12158203125,7.9525999999999994
1.2366412213740459,7.312977099236641,-0.9007633587786259,-0.465576171875,-0.01513671875,-0.12109375,7.9543
1.2671755725190839,7.480916030534351,-0.7480916030534351,-0.463623046875,-0.006591796875,-0.131103515625,7.9559999999999995
1.2061068702290076,7.3893129770992365,-0.9312977099236641,-0.458984375,-0.008056640625,-0.125244140625,7.9577
1.4045801526717556,7.511450381679389,-0.732824427480916,-0.46142578125,-0.00732421875,-0.125244140625,7.9594
1.0534351145038168,7.419847328244275,-0.732824427480916,-0.45751953125,-0.008544921875,-0.124267578125,7.961099999999999
1.3587786259541985,7.557251908396947,-0.916030534351145,-0.463134765625,-0.012939453125,-0.1337890625,7.9628
1.4351145038167938,7.374045801526718,-0.8091603053435115,-0.465576171875,-0.008544921875,-0.131591796875,7.964499999999999
1.282442748091603,7.419847328244275,-0.8702290076335878,-0.4580078125,-0.008544921875,-0.133056640625,7.9662
1.2213740458015268,6.961832061068702,-1.0381679389312977,-0.463623046875,-0.007568359375,-0.129150390625,7.967899999999999
1.2366412213740459,7.0534351145038165,-0.8854961832061069,-0.461181640625,-0.011474609375,-0.1298828125,7.9696
1.251908396946565,6.778625954198473,-1.0534351145038168,-0.459716796875,-0.007080078125,-0.131103515625,7.971299999999999
1.3740458015267176,6.549618320610687,-0.8702290076335878,-0.460205078125,-0.004638671875,-0.130126953125,7.973
1.5877862595419847,6.458015267175573,-1.2366412213740459,-0.461669921875,-0.00732421875,-0.121337890625,7.9746999999999995
1.450381679389313,6.33587786259542,-0.9312977099236641,-0.45654296875,-0.008544921875,-0.125244140625,7.9764
1.3587786259541985,6.061068702290076,-0.7786259541984732,-0.45947265625,-0.007080078125,-0.130615234375,7.9780999999999995
1.5725190839694656,6.061068702290076,-1.0076335877862594,-0.46142578125,-0.00830078125,-0.130859375,7.979799999999999
1.6946564885496183,5.847328244274809,-0.9770992366412213,-0.460693359375,-0.007568359375,-0.1328125,7.9815
1.7557251908396947,5.801526717557252,-0.8549618320610687,-0.46044921875,-0.006591796875,-0.1298828125,7.983199999999999
2.0610687022900764,5.786259541984733,-0.9465648854961832,-0.45947265625,-0.00634765625,-0.130615234375,7.9849
1.83206106870229,5.66412213740458,-0.8244274809160306,-0.45947265625,-0.008544921875,-0.12890625,7.986599999999999
1.83206106870229,5.66412213740458,-0.9312977099236641,-0.459228515625,-0.011474609375,-0.12451171875,7.9883
1.8778625954198473,5.587786259541985,-0.7633587786259542,-0.4609375,-0.010498046875,-0.127197265625,7.989999999999999
1.9541984732824427,5.6183206106870225,-0.9465648854961832,-0.459716796875,-0.005615234375,-0.1279296875,7.9917
2.045801526717557,5.374045801526718,-0.9923664122137404,-0.461181640625,-0.01123046875,-0.132080078125,7.993399999999999
1.7709923664122138,5.358778625954199,-1.0076335877862594,-0.46435546875,-0.009765625,-0.12548828125,7.9951
1.9541984732824427,5.1603053435114505,-0.9618320610687023,-0.45751953125,-0.003173828125,-0.1337890625,7.9967999999999995
2.2290076335877864,5.267175572519084,-1.2061068702290076,-0.460205078125,-0.0078125,-0.134033203125,7.9985
2.122137404580153,5.129770992366412,-0.8091603053435115,-0.462158203125,-0.0078125,-0.1279296875,8.0002
2.16793893129771,5.129770992366412,-1.1145038167938932,-0.463623046875,-0.006591796875,-0.13232421875,8.0019
2.122137404580153,4.885496183206107,-1.0229007633587786,-0.458740234375,-0.007568359375,-0.12646484375,8.003599999999999
2.1526717557251906,4.717557251908397,-0.9618320610687023,-0.458984375,-0.0087890625,-0.130126953125,8.0053
1.984732824427481,4.641221374045801,-0.6106870229007634,-0.45947265625,-0.006103515625,-0.13427734375,8.007
2.3206106870229006,4.717557251908397,-0.7022900763358778,-0.4619140625,-0.007080078125,-0.134765625,8.0087
2.3206106870229006,4.564885496183206,-0.44274809160305345,-0.457275390625,-0.004638671875,-0.126953125,8.010399999999999
2.183206106870229,4.305343511450381,-0.549618320610687,-0.465087890625,-0.00732421875,-0.1259765625,8.0121
2.2442748091603053,4.152671755725191,-0.44274809160305345,-0.45947265625,-0.009765625,-0.1279296875,8.0138
2.2442748091603053,4.076335877862595,-0.4732824427480916,-0.45947265625,-0.0107421875,-0.129150390625,8.0155
2.519083969465649,3.801526717557252,-0.10687022900763359,-0.463623046875,-0.00830078125,-0.131103515625,8.017199999999999
2.6564885496183206,3.954198473282443,-0.2900763358778626,-0.46630859375,-0.009033203125,-0.132080078125,8.0189
2.6717557251908395,4.183206106870229,-0.12213740458015267,-0.462646484375,-0.008056640625,-0.1259765625,8.0206
2.427480916030534,4.076335877862595,-0.12213740458015267,-0.4677734375,-0.009765625,-0.133056640625,8.0223
2.2900763358778624,4.0,0.04580152671755725,-0.46533203125,-0.008544921875,-0.13134765625,8.024
2.4580152671755724,4.076335877862595,0.07633587786259542,-0.464111328125,-0.010009765625,-0.13623046875,8.025699999999999
2.427480916030534,4.229007633587786,0.10687022900763359,-0.464599609375,-0.012939453125,-0.1328125,8.0274
2.6106870229007635,4.2748091603053435,0.015267175572519083,-0.47412109375,-0.013427734375,-0.135986328125,8.0291
2.33587786259542,4.351145038167939,0.24427480916030533,-0.46826171875,-0.011962890625,-0.128173828125,8.0308
2.3053435114503817,4.488549618320611,0.15267175572519084,-0.473388671875,-0.008544921875,-0.13330078125,8.032499999999999
2.33587786259542,4.534351145038168,0.2748091603053435,-0.46533203125,-0.011962890625,-0.136962890625,8.0342
2.427480916030534,4.717557251908397,0.22900763358778625,-0.465576171875,-0.00439453125,-0.133544921875,8.0359
2.6564885496183206,4.900763358778626,0.3969465648854962,-0.466552734375,-0.00927734375,-0.13427734375,8.0376
2.1374045801526718,4.9465648854961835,0.22900763358778625,-0.466552734375,-0.0078125,-0.131591796875,8.039299999999999
2.3969465648854964,5.114503816793893,0.48854961832061067,-0.4658203125,-0.0087890625,-0.130859375,8.041
2.2595419847328246,5.099236641221374,0.5190839694656488,-0.464599609375,-0.013427734375,-0.1396484375,8.0427
2.6259541984732824,5.099236641221374,0.5343511450381679,-0.464111328125,-0.011962890625,-0.135498046875,8.0444
2.5343511450381677,5.022900763358779,0.7022900763358778,-0.467041015625,-0.0107421875,-0.131103515625,8.0461
2.4732824427480917,4.977099236641221,0.42748091603053434,-0.470703125,-0.00634765625,-0.1337890625,8.047799999999999
2.6259541984732824,4.885496183206107,0.42748091603053434,-0.466064453125,-0.00634765625,-0.141845703125,8.0495
2.7022900763358777,4.916030534351145,0.3053435114503817,-0.464599609375,-0.010986328125,-0.1376953125,8.0512
2.4885496183206106,4.961832061068702,0.16793893129770993,-0.45654296875,-0.00634765625,-0.1337890625,8.0529
2.3206106870229006,4.854961832061068,0.12213740458015267,-0.457763671875,-0.006591796875,-0.134765625,8.054599999999999
2.381679389312977,4.748091603053435,0.183206106870229,-0.46484375,-0.00732421875,-0.1357421875,8.0563
2.4885496183206106,4.625954198473282,0.030534351145038167,-0.460205078125,-0.01025390625,-0.13916015625,8.058
2.2748091603053435,4.717557251908397,-0.04580152671755725,-0.45703125,-0.009521484375,-0.142578125,8.0597
2.3053435114503817,4.549618320610687,-0.015267175572519083,-0.46044921875,-0.008544921875,-0.134765625,8.061399999999999
2.4427480916030535,4.519083969465649,-0.12213740458015267,-0.458984375,-0.008544921875,-0.140625,8.0631
2.595419847328244,4.396946564885496,-0.0916030534351145,-0.463623046875,-0.00830078125,-0.141357421875,8.0648
2.381679389312977,4.33587786259542,-0.07633587786259542,-0.45947265625,-0.00537109375,-0.135498046875,8.0665
2.1374045801526718,3.984732824427481,-0.030534351145038167,-0.460693359375,-0.00830078125,-0.141357421875,8.0682
2.1068702290076335,3.8473282442748094,-0.13740458015267176,-0.465087890625,-0.010986328125,-0.134521484375,8.069899999999999
2.122137404580153,3.7557251908396947,-0.04580152671755725,-0.461181640625,-0.015869140625,-0.138671875,8.0716
2.3206106870229006,3.633587786259542,0.3969465648854962,-0.4609375,-0.00927734375,-0.137939453125,8.0733
2.183206106870229,3.5114503816793894,0.015267175572519083,-0.46044921875,-0.008056640625,-0.13232421875,8.075
2.2748091603053435,3.450381679389313,-0.0916030534351145,-0.464599609375,-0.006591796875,-0.13134765625,8.076699999999999
2.2595419847328246,3.4198473282442747,-0.015267175572519083,-0.462890625,-0.01318359375,-0.138916015625,8.0784
2.183206106870229,3.450381679389313,0.061068702290076333,-0.46142578125,-0.007568359375,-0.130615234375,8.0801
2.1068702290076335,2.9923664122137406,-0.183206106870229,-0.456298828125,-0.0087890625,-0.132568359375,8.0818
2.16793893129771,3.0229007633587788,-0.183206106870229,-0.45947265625,-0.010009765625,-0.13916015625,8.083499999999999
2.366412213740458,3.145038167938931,-0.12213740458015267,-0.45849609375,-0.009033203125,-0.1435546875,8.0852
2.2595419847328246,3.2977099236641223,-0.22900763358778625,-0.45947265625,-0.007080078125,-0.141357421875,8.0869
1.9541984732824427,2.7480916030534353,-0.42748091603053434,-0.457763671875,-0.00830078125,-0.13427734375,8.0886
2.0763358778625953,2.8091603053435112,-0.3053435114503817,-0.458984375,-0.009521484375,-0.137451171875,8.0903
1.9083969465648856,2.732824427480916,-0.5954198473282443,-0.46044921875,-0.009521484375,-0.143310546875,8.091999999999999
2.0610687022900764,2.4580152671755724,-0.5801526717557252,-0.459228515625,-0.008544921875,-0.136474609375,8.0937
2.2595419847328246,2.3053435114503817,-0.7022900763358778,-0.45849609375,-0.006591796875,-0.1298828125,8.0954
2.16793893129771,2.1374045801526718,-0.7175572519083969,-0.44921875,-0.006103515625,-0.141845703125,8.0971
2.122137404580153,1.7251908396946565,-0.8549618320610687,-0.454833984375,-0.01123046875,-0.13330078125,8.098799999999999
1.8778625954198473,1.5267175572519085,-0.6717557251908397,-0.4541015625,-0.006103515625,-0.12548828125,8.1005
2.0,1.3893129770992367,-1.0534351145038168,-0.45751953125,-0.00732421875,-0.1328125,8.1022
2.0916030534351147,1.0076335877862594,-1.099236641221374,-0.45654296875,-0.008056640625,-0.14404296875,8.1039
2.1068702290076335,0.6412213740458015,-1.1145038167938932,-0.450439453125,-0.00341796875,-0.13671875,8.105599999999999
2.1374045801526718,0.42748091603053434,-1.1603053435114503,-0.455810546875,-0.00634765625,-0.135986328125,8.1073
2.1068702290076335,0.21374045801526717,-1.4198473282442747,-0.455078125,-0.001953125,-0.138916015625,8.109
2.1374045801526718,0.07633587786259542,-1.5877862595419847,-0.459716796875,-0.005859375,-0.140380859375,8.1107
2.0610687022900764,0.061068702290076333,-1.4961832061068703,-0.459716796875,-0.006591796875,-0.12646484375,8.1124
1.9389312977099236,-0.4122137404580153,-1.5572519083969465,-0.45458984375,-0.009765625,-0.137939453125,8.114099999999999
2.2290076335877864,-0.7938931297709924,-1.8473282442748091,-0.45458984375,-0.0078125,-0.134033203125,8.1158
2.2595419847328246,-0.9770992366412213,-1.6030534351145038,-0.4609375,-0.00537109375,-0.1328125,8.1175
1.9694656488549618,-1.0534351145038168,-1.8015267175572518,-0.4609375,-0.00732421875,-0.1298828125,8.1192
2.0763358778625953,-1.0534351145038168,-1.4961832061068703,-0.46630859375,-0.008544921875,-0.130859375,8.120899999999999
2.015267175572519,-0.8549618320610687,-1.5725190839694656,-0.46728515625,-0.0048828125,-0.134033203125,8.1226
2.015267175572519,-1.1145038167938932,-1.4045801526717556,-0.466796875,-0.004150390625,-0.140625,8.1243
2.030534351145038,-0.8854961832061069,-1.450381679389313,-0.467041015625,-0.00439453125,-0.132080078125,8.126
2.183206106870229,-0.5954198473282443,-1.4961832061068703,-0.468017578125,-0.0087890625,-0.12939453125,8.127699999999999
2.1374045801526718,-0.6717557251908397,-1.5267175572519085,-0.468017578125,-0.004150390625,-0.13330078125,8.1294
1.9083969465648856,-0.4732824427480916,-1.3435114503816794,-0.46630859375,-0.001953125,-0.125244140625,8.1311
1.7404580152671756,-0.2748091603053435,-1.5572519083969465,-0.46923828125,-0.01025390625,-0.146240234375,8.1328
1.8015267175572518,-0.13740458015267176,-1.5419847328244274,-0.4765625,-0.0078125,-0.1318359375,8.1345
1.618320610687023,0.07633587786259542,-1.618320610687023,-0.46630859375,-0.005859375,-0.1376953125,8.136199999999999
1.8015267175572518,0.32061068702290074,-1.3740458015267176,-0.470947265625,-0.0048828125,-0.137939453125,8.1379
1.8778625954198473,0.32061068702290074,-1.5114503816793894,-0.474853515625,-0.005859375,-0.12744140625,8.1396
1.3893129770992367,0.6412213740458015,-1.2671755725190839,-0.46435546875,-0.00537109375,-0.128662109375,8.1413
1.6030534351145038,0.9465648854961832,-1.5419847328244274,-0.472900390625,-0.00537109375,-0.130859375,8.142999999999999
1.2671755725190839,0.8091603053435115,-1.465648854961832,-0.471923828125,-0.000732421875,-0.140380859375,8.1447
1.282442748091603,0.9923664122137404,-1.3893129770992367,-0.47265625,-0.013671875,-0.133056640625,8.1464
1.6488549618320612,1.099236641221374,-1.099236641221374,-0.473388671875,-0.008056640625,-0.133056640625,8.1481
1.5572519083969465,1.3129770992366412,-1.1145038167938932,-0.478271484375,-0.006591796875,-0.131103515625,8.149799999999999
1.4961832061068703,1.5114503816793894,-1.083969465648855,-0.480224609375,-0.007568359375,-0.1279296875,8.1515
1.7251908396946565,1.8625954198473282,-1.099236641221374,-0.47802734375,-0.007568359375,-0.126708984375,8.1532
1.5419847328244274,1.9694656488549618,-1.1908396946564885,-0.47509765625,-0.0048828125,-0.12939453125,8.1549
1.4809160305343512,2.50381679389313,-1.1297709923664123,-0.46875,-0.003173828125,-0.136962890625,8.1566
1.282442748091603,2.6259541984732824,-1.0076335877862594,-0.470703125,-0.006591796875,-0.14013671875,8.158299999999999
1.465648854961832,2.900763358778626,-1.1908396946564885,-0.472900390625,-0.004638671875,-0.135498046875,8.16
1.6793893129770991,3.114503816793893,-1.1145038167938932,-0.4697265625,-0.0048828125,-0.132080078125,8.1617
1.5419847328244274,3.4198473282442747,-1.251908396946565,-0.4697265625,-0.00634765625,-0.129150390625,8.1634
1.3435114503816794,3.5267175572519083,-1.0381679389312977,-0.46875,-0.007080078125,-0.13134765625,8.165099999999999
1.450381679389313,3.816793893129771,-1.3435114503816794,-0.469970703125,-0.000732421875,-0.139892578125,8.1668
1.3893129770992367,3.9083969465648853,-1.083969465648855,-0.469970703125,-0.006591796875,-0.14013671875,8.1685
1.5572519083969465,3.877862595419847,-1.2061068702290076,-0.470458984375,-0.00537109375,-0.129638671875,8.1702
1.5572519083969465,4.091603053435114,-1.2061068702290076,-0.468505859375,-0.006103515625,-0.133056640625,8.171899999999999
1.7404580152671756,4.305343511450381,-1.3282442748091603,-0.46728515625,-0.004150390625,-0.127685546875,8.1736
1.7709923664122138,4.427480916030534,-1.0687022900763359,-0.465087890625,-0.00390625,-0.127197265625,8.1753
1.6641221374045803,4.473282442748092,-1.3435114503816794,-0.46484375,-0.002197265625,-0.127685546875,8.177
1.5419847328244274,4.549618320610687,-1.0687022900763359,-0.466552734375,-0.0078125,-0.125244140625,8.1787
1.6793893129770991,4.564885496183206,-1.1603053435114503,-0.466552734375,-0.003662109375,-0.141845703125,8.180399999999999
1.7404580152671756,4.67175572519084,-1.083969465648855,-0.47119140625,-0.00634765625,-0.14453125,8.1821
1.7099236641221374,4.656488549618321,-1.3435114503816794,-0.45947265625,-0.00439453125,-0.1298828125,8.1838
1.7709923664122138,4.763358778625954,-1.4045801526717556,-0.464599609375,-0.003173828125,-0.1435546875,8.1855
1.9541984732824427,4.595419847328245,-1.786259541984733,-0.468017578125,-0.00390625,-0.12890625,8.187199999999999
1.786259541984733,4.549618320610687,-1.6793893129770991,-0.46533203125,-0.00927734375,-0.1298828125,8.1889
1.786259541984733,4.396946564885496,-1.633587786259542,-0.46875,-0.00830078125,-0.1357421875,8.1906
2.015267175572519,4.412213740458015,-1.6946564885496183,-0.4638671875,-0.004150390625,-0.134765625,8.1923
2.16793893129771,4.290076335877862,-1.9236641221374047,-0.4619140625,-0.00390625,-0.138671875,8.193999999999999
1.9236641221374047,4.1679389312977095,-1.7251908396946565,-0.460693359375,-0.00390625,-0.14599609375,8.1957
1.9236641221374047,4.229007633587786,-1.9541984732824427,-0.4599609375,-0.003173828125,-0.134033203125,8.1974
1.984732824427481,4.244274809160306,-1.8778625954198473,-0.462646484375,-0.003662109375,-0.13134765625,8.1991
2.16793893129771,4.290076335877862,-1.9389312977099236,-0.46875,-0.00830078125,-0.122802734375,8.2008
2.0916030534351147,4.290076335877862,-2.0916030534351147,-0.45556640625,-0.005126953125,-0.13916015625,8.202499999999999
2.2595419847328246,4.305343511450381,-2.1526717557251906,-0.463623046875,-0.00439453125,-0.139892578125,8.2042
2.213740458015267,4.213740458015267,-2.122137404580153,-0.463623046875,-0.005859375,-0.13818359375,8.2059
2.0916030534351147,4.396946564885496,-2.381679389312977,-0.461669921875,-0.003662109375,-0.140625,8.2076
2.198473282442748,4.442748091603053,-2.198473282442748,-0.46044921875,-0.00634765625,-0.13818359375,8.209299999999999
2.3206106870229006,4.427480916030534,-2.4122137404580153,-0.46142578125,-0.00341796875,-0.1376953125,8.211
2.366412213740458,4.0458015267175576,-2.4732824427480917,-0.46435546875,-0.008056640625,-0.13330078125,8.2127
1.9541984732824427,4.1679389312977095,-2.549618320610687,-0.4619140625,-0.005615234375,-0.135498046875,8.2144
2.381679389312977,4.091603053435114,-2.351145038167939,-0.4619140625,-0.010498046875,-0.12939453125,8.216099999999999
2.5801526717557253,3.801526717557252,-2.4732824427480917,-0.45458984375,-0.008544921875,-0.138916015625,8.217799999999999
2.3969465648854964,3.6793893129770994,-2.366412213740458,-0.45947265625,-0.011474609375,-0.13330078125,8.2195
2.4732824427480917,3.404580152671756,-2.4732824427480917,-0.462158203125,-0.012939453125,-0.127197265625,8.2212
2.2290076335877864,3.145038167938931,-2.549618320610687,-0.46484375,-0.00634765625,-0.129638671875,8.2229
2.3053435114503817,3.053435114503817,-2.366412213740458,-0.4619140625,-0.01123046875,-0.13720703125,8.224599999999999
2.2290076335877864,3.114503816793893,-2.3969465648854964,-0.462158203125,-0.01025390625,-0.14453125,8.2263
2.2595419847328246,3.0381679389312977,-2.381679389312977,-0.46533203125,-0.00927734375,-0.145263671875,8.228
2.2442748091603053,2.7938931297709924,-2.351145038167939,-0.460205078125,-0.003662109375,-0.13232421875,8.2297
2.1374045801526718,2.763358778625954,-2.381679389312977,-0.458251953125,-0.009765625,-0.145263671875,8.231399999999999
2.2442748091603053,2.5801526717557253,-2.366412213740458,-0.461669921875,-0.00830078125,-0.13720703125,8.2331
2.3206106870229006,2.5801526717557253,-2.351145038167939,-0.470703125,-0.007080078125,-0.13671875,8.2348
2.0763358778625953,2.564885496183206,-2.2595419847328246,-0.46875,-0.00439453125,-0.136962890625,8.2365
2.045801526717557,2.6412213740458017,-2.2595419847328246,-0.464111328125,-0.00390625,-0.133056640625,8.238199999999999
2.16793893129771,2.6259541984732824,-2.4732824427480917,-0.464111328125,-0.0009765625,-0.129638671875,8.239899999999999
2.2900763358778624,2.7022900763358777,-2.427480916030534,-0.4619140625,-0.003662109375,-0.13720703125,8.2416
2.1068702290076335,2.900763358778626,-2.427480916030534,-0.467041015625,-0.00390625,-0.1337890625,8.2433
2.0916030534351147,2.687022900763359,-2.4885496183206106,-0.464599609375,-0.0078125,-0.14404296875,8.245
1.8473282442748091,3.0076335877862594,-2.3206106870229006,-0.46826171875,-0.0126953125,-0.135986328125,8.246699999999999
2.015267175572519,2.931297709923664,-2.687022900763359,-0.46728515625,-0.008056640625,-0.127197265625,8.2484
2.0916030534351147,3.114503816793893,-2.6106870229007635,-0.4697265625,-0.003662109375,-0.1328125,8.2501
2.030534351145038,3.236641221374046,-2.732824427480916,-0.467529296875,-0.00634765625,-0.132080078125,8.2518
1.7709923664122138,3.114503816793893,-2.7786259541984735,-0.46728515625,-0.00537109375,-0.130859375,8.253499999999999
2.2442748091603053,3.2061068702290076,-2.732824427480916,-0.46484375,-0.011474609375,-0.137939453125,8.2552
1.9236641221374047,3.2519083969465647,-2.8091603053435112,-0.465576171875,-0.004150390625,-0.128173828125,8.2569
1.9389312977099236,3.068702290076336,-2.885496183206107,-0.466064453125,-0.00830078125,-0.143310546875,8.2586
1.9389312977099236,3.282442748091603,-2.931297709923664,-0.466064453125,-0.010498046875,-0.138916015625,8.260299999999999
1.9236641221374047,3.3893129770992365,-3.282442748091603,-0.46533203125,-0.01220703125,-0.137939453125,8.261999999999999
2.0,3.1297709923664123,-3.2213740458015265,-0.467041015625,-0.011474609375,-0.139892578125,8.2637
1.9389312977099236,3.0839694656488548,-3.099236641221374,-0.469970703125,-0.0029296875,-0.1318359375,8.2654
1.8473282442748091,3.312977099236641,-3.3587786259541983,-0.468994140625,-0.001953125,-0.135009765625,8.2671
1.6793893129770991,3.4198473282442747,-3.1297709923664123,-0.465576171875,-0.007568359375,-0.129638671875,8.268799999999999
1.9389312977099236,3.4198473282442747,-3.1603053435114505,-0.466552734375,-0.008544921875,-0.138427734375,8.2705
1.8473282442748091,3.4656488549618323,-3.3893129770992365,-0.465576171875,-0.006103515625,-0.13818359375,8.2722
1.8625954198473282,3.633587786259542,-3.1908396946564888,-0.46826171875,-0.010009765625,-0.135498046875,8.2739
1.9541984732824427,3.648854961832061,-3.404580152671756,-0.466552734375,-0.01123046875,-0.134033203125,8.275599999999999
1.8015267175572518,3.8473282442748094,-3.3740458015267176,-0.46826171875,-0.0078125,-0.130126953125,8.2773
1.8473282442748091,3.954198473282443,-3.3587786259541983,-0.464111328125,-0.00439453125,-0.13525390625,8.279
1.83206106870229,3.7557251908396947,-3.5419847328244276,-0.46435546875,-0.00732421875,-0.132568359375,8.2807
1.9083969465648856,3.6946564885496183,-3.49618320610687,-0.460205078125,-0.00927734375,-0.1396484375,8.282399999999999
1.7251908396946565,3.7709923664122136,-3.480916030534351,-0.461181640625,-0.012451171875,-0.1435546875,8.284099999999999
2.030534351145038,3.66412213740458,-3.5572519083969465,-0.468994140625,-0.005615234375,-0.140625,8.2858
1.6641221374045803,3.7709923664122136,-3.633587786259542,-0.46923828125,-0.0048828125,-0.14453125,8.2875
1.633587786259542,3.618320610687023,-3.801526717557252,-0.462890625,-0.007080078125,-0.138671875,8.2892
2.1068702290076335,3.816793893129771,-3.83206106870229,-0.46533203125,-0.003173828125,-0.146240234375,8.290899999999999
1.984732824427481,3.618320610687023,-3.6793893129770994,-0.46337890625,-0.006103515625,-0.14453125,8.2926
1.8473282442748091,3.4656488549618323,-3.8625954198473282,-0.46630859375,-0.009521484375,-0.145751953125,8.2943
1.7709923664122138,3.6030534351145036,-3.8931297709923665,-0.46728515625,-0.007080078125,-0.14013671875,8.296
1.9541984732824427,3.572519083969466,-4.076335877862595,-0.4609375,-0.0087890625,-0.13720703125,8.297699999999999
1.9541984732824427,3.404580152671756,-3.9389312977099236,-0.458740234375,-0.00927734375,-0.140869140625,8.2994
1.8931297709923665,3.4198473282442747,-3.8473282442748094,-0.46435546875,-0.005859375,-0.12939453125,8.3011
1.786259541984733,3.49618320610687,-3.969465648854962,-0.458740234375,-0.005615234375,-0.1376953125,8.3028
1.7099236641221374,3.5267175572519083,-4.137404580152672,-0.461181640625,-0.008056640625,-0.140625,8.304499999999999
1.7557251908396947,3.6946564885496183,-4.122137404580153,-0.458984375,-0.00732421875,-0.13720703125,8.306199999999999
1.7709923664122138,3.5419847328244276,-3.9083969465648853,-0.45947265625,-0.0107421875,-0.141845703125,8.3079
1.5877862595419847,3.49618320610687,-3.984732824427481,-0.460693359375,-0.009033203125,-0.13525390625,8.3096
1.7709923664122138,3.3893129770992365,-4.030534351145038,-0.4619140625,-0.005859375,-0.12744140625,8.3113
1.6793893129770991,3.099236641221374,-4.076335877862595,-0.457763671875,-0.008544921875,-0.139404296875,8.312999999999999
1.5419847328244274,3.2213740458015265,-4.0,-0.460693359375,-0.00732421875,-0.133544921875,8.3147
1.3435114503816794,3.282442748091603,-3.9236641221374047,-0.460693359375,-0.005126953125,-0.126953125,8.3164
1.3129770992366412,3.0229007633587788,-4.198473282442748,-0.459716796875,-0.013427734375,-0.14208984375,8.3181
1.4961832061068703,2.564885496183206,-4.0,-0.462890625,-0.010009765625,-0.135498046875,8.319799999999999
1.5877862595419847,2.595419847328244,-3.9389312977099236,-0.46337890625,-0.00927734375,-0.138671875,8.3215
1.5572519083969465,2.50381679389313,-3.83206106870229,-0.46044921875,-0.011474609375,-0.142822265625,8.3232
1.5725190839694656,2.5343511450381677,-3.984732824427481,-0.46240234375,-0.00732421875,-0.13427734375,8.3249
1.6946564885496183,2.50381679389313,-4.183206106870229,-0.461181640625,-0.0048828125,-0.13037109375,8.3266
1.6793893129770991,2.549618320610687,-4.106870229007634,-0.464599609375,-0.010009765625,-0.13671875,8.328299999999999
1.6793893129770991,2.6106870229007635,-4.0458015267175576,-0.466064453125,-0.01416015625,-0.13720703125,8.33
1.4961832061068703,2.4580152671755724,-4.137404580152672,-0.457275390625,-0.00830078125,-0.1435546875,8.3317
1.5877862595419847,2.6106870229007635,-4.0458015267175576,-0.4619140625,-0.012939453125,-0.1396484375,8.3334
2.0,2.8702290076335877,-4.320610687022901,-0.461669921875,-0.00927734375,-0.146240234375,8.335099999999999
1.633587786259542,2.6717557251908395,-4.351145038167939,-0.461669921875,-0.00927734375,-0.13037109375,8.3368
1.5267175572519085,2.366412213740458,-4.229007633587786,-0.45849609375,-0.005615234375,-0.13720703125,8.3385
1.6946564885496183,2.519083969465649,-4.061068702290076,-0.46484375,-0.01123046875,-0.138427734375,8.3402
1.6030534351145038,2.519083969465649,-3.984732824427481,-0.467041015625,-0.009521484375,-0.1416015625,8.341899999999999
1.9083969465648856,2.427480916030534,-3.7251908396946565,-0.464599609375,-0.008056640625,-0.138916015625,8.3436
1.8473282442748091,2.351145038167939,-4.0458015267175576,-0.46533203125,-0.010498046875,-0.138916015625,8.3453
1.6488549618320612,2.2442748091603053,-4.091603053435114,-0.462158203125,-0.00634765625,-0.1376953125,8.347
1.618320610687023,2.33587786259542,-4.183206106870229,-0.46484375,-0.011474609375,-0.140869140625,8.3487
1.7404580152671756,2.2442748091603053,-4.137404580152672,-0.466064453125,-0.00927734375,-0.14013671875,8.350399999999999
1.7557251908396947,2.198473282442748,-4.259541984732825,-0.46484375,-0.01123046875,-0.1337890625,8.3521
1.7404580152671756,2.2748091603053435,-4.122137404580153,-0.461669921875,-0.01416015625,-0.139892578125,8.3538
1.7404580152671756,2.2290076335877864,-3.984732824427481,-0.462646484375,-0.012939453125,-0.138427734375,8.3555
1.5877862595419847,2.030534351145038,-3.9236641221374047,-0.4697265625,-0.01171875,-0.13037109375,8.357199999999999
1.7557251908396947,1.984732824427481,-3.969465648854962,-0.46826171875,-0.012939453125,-0.137939453125,8.3589
1.9541984732824427,2.0,-3.8473282442748094,-0.46826171875,-0.0166015625,-0.135498046875,8.3606
1.786259541984733,2.1068702290076335,-3.816793893129771,-0.46630859375,-0.01171875,-0.143798828125,8.3623
1.6793893129770991,2.045801526717557,-3.7557251908396947,-0.4658203125,-0.009521484375,-0.134765625,8.363999999999999
1.7557251908396947,2.1374045801526718,-3.9083969465648853,-0.466064453125,-0.00830078125,-0.138427734375,8.3657
2.16793893129771,2.4427480916030535,-3.6946564885496183,-0.462890625,-0.015380859375,-0.141357421875,8.3674
1.9541984732824427,2.564885496183206,-3.5114503816793894,-0.46728515625,-0.012451171875,-0.135009765625,8.3691
1.9083969465648856,2.4122137404580153,-3.3435114503816794,-0.46533203125,-0.01513671875,-0.134033203125,8.3708
2.0,2.4885496183206106,-3.5419847328244276,-0.469482421875,-0.009521484375,-0.1376953125,8.372499999999999
1.9236641221374047,2.6259541984732824,-3.2977099236641223,-0.47021484375,-0.010986328125,-0.141845703125,8.3742
1.7404580152671756,2.8091603053435112,-3.3435114503816794,-0.4716796875,-0.01513671875,-0.133056640625,8.3759
2.045801526717557,2.7022900763358777,-3.282442748091603,-0.470458984375,-0.01416015625,-0.1318359375,8.3776
2.122137404580153,2.6412213740458017,-3.5877862595419847,-0.470703125,-0.01220703125,-0.13916015625,8.379299999999999
2.0763358778625953,2.7938931297709924,-3.145038167938931,-0.470458984375,-0.01025390625,-0.138671875,8.381
1.9389312977099236,2.931297709923664,-3.2977099236641223,-0.471435546875,-0.01416015625,-0.13720703125,8.3827
2.1068702290076335,3.068702290076336,-3.2061068702290076,-0.468017578125,-0.006591796875,-0.129150390625,8.3844
2.1068702290076335,3.099236641221374,-3.4198473282442747,-0.472412109375,-0.0087890625,-0.127685546875,8.386099999999999
2.122137404580153,3.2519083969465647,-3.2977099236641223,-0.46826171875,-0.00634765625,-0.1357421875,8.3878
2.213740458015267,3.450381679389313,-3.1297709923664123,-0.466796875,-0.00927734375,-0.1328125,8.3895
2.2442748091603053,3.572519083969466,-3.0229007633587788,-0.4658203125,-0.011962890625,-0.145263671875,8.3912
2.0763358778625953,3.5419847328244276,-3.053435114503817,-0.467041015625,-0.010009765625,-0.130126953125,8.3929
2.3969465648854964,3.572519083969466,-3.0229007633587788,-0.46826171875,-0.010498046875,-0.135498046875,8.394599999999999
2.3053435114503817,3.648854961832061,-3.099236641221374,-0.472412109375,-0.0087890625,-0.1337890625,8.3963
2.50381679389313,3.633587786259542,-3.0381679389312977,-0.474609375,-0.010986328125,-0.139404296875,8.398
2.3053435114503817,3.6030534351145036,-2.9770992366412212,-0.470458984375,-0.011962890625,-0.140625,8.3997
2.366412213740458,3.5877862595419847,-2.8244274809160306,-0.463623046875,-0.007080078125,-0.14013671875,8.401399999999999
2.4427480916030535,3.5114503816793894,-3.0839694656488548,-0.469970703125,-0.01416015625,-0.13623046875,8.4031
2.33587786259542,3.7557251908396947,-3.099236641221374,-0.46533203125,-0.01123046875,-0.132568359375,8.4048
2.5801526717557253,3.7099236641221376,-2.854961832061069,-0.463623046875,-0.013671875,-0.1357421875,8.4065
2.763358778625954,3.5572519083969465,-2.9770992366412212,-0.466796875,-0.0068359375,-0.1396484375,8.408199999999999
2.854961832061069,3.5877862595419847,-2.854961832061069,-0.46533203125,-0.0107421875,-0.13427734375,8.4099
2.9160305343511452,3.7404580152671754,-2.7480916030534353,-0.46923828125,-0.010009765625,-0.140625,8.4116
2.9770992366412212,3.7709923664122136,-2.946564885496183,-0.4677734375,-0.01513671875,-0.139404296875,8.4133
2.9618320610687023,3.8473282442748094,-2.8244274809160306,-0.46630859375,-0.0087890625,-0.13916015625,8.415
3.053435114503817,4.0458015267175576,-2.6717557251908395,-0.466064453125,-0.01220703125,-0.144287109375,8.416699999999999
2.931297709923664,4.106870229007634,-2.8702290076335877,-0.4677734375,-0.00830078125,-0.14208984375,8.4184
3.1755725190839694,4.061068702290076,-3.2061068702290076,-0.4638671875,-0.0107421875,-0.13818359375,8.4201
3.3740458015267176,4.122137404580153,-2.885496183206107,-0.4658203125,-0.00634765625,-0.135498046875,8.4218
3.4198473282442747,4.290076335877862,-3.1603053435114505,-0.46240234375,-0.009765625,-0.13916015625,8.423499999999999
3.1908396946564888,4.458015267175573,-3.1603053435114505,-0.46337890625,-0.011962890625,-0.1416015625,8.4252
3.3435114503816794,4.366412213740458,-3.236641221374046,-0.467041015625,-0.006591796875,-0.140380859375,8.4269
3.648854961832061,4.717557251908397,-2.854961832061069,-0.468505859375,-0.005859375,-0.135986328125,8.4286
3.572519083969466,4.687022900763359,-3.1297709923664123,-0.464111328125,-0.012451171875,-0.14306640625,8.430299999999999
3.49618320610687,4.824427480916031,-2.9923664122137406,-0.4638671875,-0.01513671875,-0.140625,8.432
3.5572519083969465,4.854961832061068,-3.053435114503817,-0.4619140625,-0.017578125,-0.138916015625,8.4337
3.5572519083969465,4.854961832061068,-3.1297709923664123,-0.4609375,-0.01611328125,-0.138671875,8.4354
3.6793893129770994,4.854961832061068,-3.1908396946564888,-0.4560546875,-0.010498046875,-0.137451171875,8.4371
3.5267175572519083,4.931297709923665,-2.946564885496183,-0.459716796875,-0.0107421875,-0.139404296875,8.438799999999999
3.7709923664122136,5.099236641221374,-2.9923664122137406,-0.45556640625,-0.014892578125,-0.14697265625,8.4405
3.66412213740458,5.221374045801527,-2.931297709923664,-0.4580078125,-0.015380859375,-0.1435546875,8.4422
3.83206106870229,5.267175572519084,-2.931297709923664,-0.455078125,-0.010498046875,-0.139892578125,8.4439
3.5114503816793894,5.083969465648855,-2.7786259541984735,-0.453369140625,-0.0146484375,-0.146728515625,8.445599999999999
3.5877862595419847,4.977099236641221,-2.900763358778626,-0.44970703125,-0.016357421875,-0.13623046875,8.4473
3.801526717557252,4.702290076335878,-2.8244274809160306,-0.45654296875,-0.01123046875,-0.1484375,8.449
3.83206106870229,4.33587786259542,-2.854961832061069,-0.45947265625,-0.01318359375,-0.142822265625,8.4507
3.6793893129770994,3.969465648854962,-2.931297709923664,-0.459228515625,-0.015625,-0.145263671875,8.452399999999999
3.7404580152671754,3.7099236641221376,-2.8702290076335877,-0.45751953125,-0.016845703125,-0.143798828125,8.4541
3.9236641221374047,3.114503816793893,-2.9160305343511452,-0.451171875,-0.01025390625,-0.144287109375,8.4558
3.786259541984733,2.4580152671755724,-2.8244274809160306,-0.46044921875,-0.008056640625,-0.138916015625,8.4575
3.7099236641221376,2.0,-2.8244274809160306,-0.4609375,-0.016845703125,-0.141845703125,8.4592
3.5572519083969465,1.618320610687023,-2.931297709923664,-0.4580078125,-0.017578125,-0.14013671875,8.460899999999999
3.6030534351145036,1.2366412213740459,-2.885496183206107,-0.46044921875,-0.014892578125,-0.135009765625,8.4626
3.5877862595419847,0.9618320610687023,-2.5801526717557253,-0.465087890625,-0.017333984375,-0.141357421875,8.4643
3.480916030534351,0.33587786259541985,-2.854961832061069,-0.466552734375,-0.018310546875,-0.141845703125,8.466
3.3587786259541983,-0.15267175572519084,-2.8244274809160306,-0.46630859375,-0.021240234375,-0.144775390625,8.467699999999999
3.5114503816793894,-0.13740458015267176,-2.7938931297709924,-0.47119140625,-0.0185546875,-0.13818359375,8.4694
3.49618320610687,-0.13740458015267176,-2.7022900763358777,-0.473388671875,-0.017578125,-0.135498046875,8.4711
3.267175572519084,-0.07633587786259542,-2.4580152671755724,-0.474853515625,-0.01513671875,-0.134033203125,8.4728
3.282442748091603,0.3969465648854962,-2.3969465648854964,-0.473876953125,-0.015869140625,-0.13818359375,8.474499999999999
3.480916030534351,0.8244274809160306,-2.2595419847328246,-0.474853515625,-0.023681640625,-0.14111328125,8.4762
3.480916030534351,1.4809160305343512,-1.8625954198473282,-0.47314453125,-0.02294921875,-0.140869140625,8.4779
3.49618320610687,2.3053435114503817,-1.7404580152671756,-0.475341796875,-0.018798828125,-0.140380859375,8.4796
3.2213740458015265,3.450381679389313,-1.786259541984733,-0.4677734375,-0.01953125,-0.14501953125,8.4813
3.068702290076336,4.198473282442748,-1.3129770992366412,-0.458740234375,-0.01904296875,-0.140869140625,8.482999999999999
2.931297709923664,5.297709923664122,-1.3587786259541985,-0.46240234375,-0.01806640625,-0.13623046875,8.4847
2.7938931297709924,5.893129770992366,-1.2671755725190839,-0.463134765625,-0.01904296875,-0.1435546875,8.4864
2.6259541984732824,6.198473282442748,-0.9618320610687023,-0.464599609375,-0.016357421875,-0.14599609375,8.4881
2.6564885496183206,6.152671755725191,-1.0076335877862594,-0.46728515625,-0.02001953125,-0.1474609375,8.489799999999999
2.549618320610687,5.801526717557252,-1.0381679389312977,-0.468994140625,-0.016357421875,-0.14453125,8.4915
2.4580152671755724,5.1603053435114505,-0.8244274809160306,-0.475830078125,-0.018798828125,-0.14013671875,8.4932
2.3969465648854964,4.366412213740458,-0.916030534351145,-0.47314453125,-0.015869140625,-0.13427734375,8.4949
2.4427480916030535,3.786259541984733,-0.9770992366412213,-0.470458984375,-0.012939453125,-0.142333984375,8.496599999999999
2.4580152671755724,3.0381679389312977,-0.8244274809160306,-0.47265625,-0.019775390625,-0.1357421875,8.4983
2.427480916030534,2.6106870229007635,-0.7633587786259542,-0.473876953125,-0.015869140625,-0.134033203125,8.5
2.4580152671755724,2.4122137404580153,-0.7633587786259542,-0.47119140625,-0.013916015625,-0.14013671875,8.5017
2.2595419847328246,2.4885496183206106,-0.7786259541984732,-0.467041015625,-0.0166015625,-0.14013671875,8.5034
2.3969465648854964,2.8396946564885495,-0.6564885496183206,-0.46435546875,-0.015625,-0.136962890625,8.505099999999999
2.427480916030534,3.2061068702290076,-0.549618320610687,-0.45849609375,-0.011474609375,-0.13330078125,8.5068
2.1374045801526718,3.6946564885496183,-0.8244274809160306,-0.4599609375,-0.0126953125,-0.141357421875,8.5085
2.0,4.6106870229007635,-0.9007633587786259,-0.460693359375,-0.01513671875,-0.13916015625,8.5102
2.1068702290076335,5.0534351145038165,-0.7480916030534351,-0.4541015625,-0.0185546875,-0.142822265625,8.511899999999999
1.8778625954198473,5.572519083969466,-0.9007633587786259,-0.4619140625,-0.009521484375,-0.1357421875,8.5136
2.030534351145038,5.816793893129771,-1.1450381679389312,-0.458984375,-0.009033203125,-0.147216796875,8.5153
1.8625954198473282,5.877862595419847,-1.3740458015267176,-0.456787109375,-0.01416015625,-0.14208984375,8.517
1.9236641221374047,5.862595419847328,-1.4198473282442747,-0.46044921875,-0.009521484375,-0.1318359375,8.518699999999999
1.9389312977099236,5.6183206106870225,-1.6488549618320612,-0.45849609375,-0.016357421875,-0.143798828125,8.520399999999999
1.8625954198473282,5.129770992366412,-1.83206106870229,-0.458740234375,-0.01171875,-0.1455078125,8.5221
1.8473282442748091,4.687022900763359,-1.984732824427481,-0.46044921875,-0.009765625,-0.1455078125,8.5238
1.9083969465648856,4.122137404580153,-1.8778625954198473,-0.458740234375,-0.015625,-0.138671875,8.5255
1.7709923664122138,3.6030534351145036,-1.816793893129771,-0.458740234375,-0.012451171875,-0.136962890625,8.527199999999999
1.9694656488549618,3.145038167938931,-1.9541984732824427,-0.461181640625,-0.015869140625,-0.138671875,8.5289
1.816793893129771,2.7786259541984735,-2.2595419847328246,-0.461669921875,-0.012939453125,-0.137451171875,8.5306
1.6641221374045803,2.2442748091603053,-2.1068702290076335,-0.4638671875,-0.011474609375,-0.135009765625,8.5323
1.4809160305343512,2.2900763358778624,-2.1068702290076335,-0.458740234375,-0.011474609375,-0.130859375,8.533999999999999
1.786259541984733,2.366412213740458,-1.9541984732824427,-0.459228515625,-0.011962890625,-0.145263671875,8.5357
1.8778625954198473,2.0610687022900764,-2.045801526717557,-0.463623046875,-0.015380859375,-0.142822265625,8.5374
1.6030534351145038,1.984732824427481,-2.3969465648854964,-0.459228515625,-0.01220703125,-0.1357421875,8.5391
1.5419847328244274,2.4122137404580153,-2.4427480916030535,-0.458251953125,-0.01513671875,-0.14404296875,8.540799999999999
1.6030534351145038,2.595419847328244,-2.2748091603053435,-0.459716796875,-0.011962890625,-0.14599609375,8.542499999999999
1.7709923664122138,2.427480916030534,-2.4580152671755724,-0.4609375,-0.009033203125,-0.15234375,8.5442
1.4809160305343512,2.8091603053435112,-2.3969465648854964,-0.46142578125,-0.010498046875,-0.142333984375,8.5459
1.2671755725190839,2.9160305343511452,-2.4122137404580153,-0.460693359375,-0.014892578125,-0.14208984375,8.5476
1.297709923664122,3.0381679389312977,-2.4732824427480917,-0.4619140625,-0.011474609375,-0.140380859375,8.549299999999999
1.4351145038167938,2.8396946564885495,-2.564885496183206,-0.463623046875,-0.01220703125,-0.14208984375,8.551
1.4045801526717556,2.763358778625954,-2.4122137404580153,-0.463134765625,-0.01318359375,-0.14208984375,8.5527
1.2213740458015268,2.946564885496183,-2.4732824427480917,-0.458251953125,-0.015380859375,-0.140869140625,8.5544
1.297709923664122,2.6412213740458017,-2.427480916030534,-0.457763671875,-0.01220703125,-0.142333984375,8.556099999999999
1.1297709923664123,2.5801526717557253,-2.381679389312977,-0.459228515625,-0.0107421875,-0.140869140625,8.5578
0.9770992366412213,2.381679389312977,-2.564885496183206,-0.460205078125,-0.015380859375,-0.14404296875,8.5595
1.5572519083969465,2.213740458015267,-2.427480916030534,-0.46044921875,-0.01806640625,-0.138427734375,8.5612
1.0381679389312977,2.3053435114503817,-2.6717557251908395,-0.463134765625,-0.01318359375,-0.136474609375,8.562899999999999
0.9465648854961832,2.2595419847328246,-2.763358778625954,-0.45703125,-0.015869140625,-0.153076171875,8.564599999999999
1.2213740458015268,2.16793893129771,-2.687022900763359,-0.46484375,-0.011474609375,-0.140869140625,8.5663
0.9465648854961832,1.9389312977099236,-2.7938931297709924,-0.466064453125,-0.014892578125,-0.1416015625,8.568
0.9312977099236641,1.9694656488549618,-2.687022900763359,-0.461181640625,-0.01318359375,-0.140380859375,8.5697
0.7938931297709924,1.9083969465648856,-2.885496183206107,-0.463134765625,-0.01513671875,-0.14892578125,8.571399999999999
0.5954198473282443,2.1374045801526718,-2.763358778625954,-0.4638671875,-0.0146484375,-0.14990234375,8.5731
0.732824427480916,2.122137404580153,-2.687022900763359,-0.463134765625,-0.015869140625,-0.155029296875,8.5748
0.2900763358778626,2.16793893129771,-2.595419847328244,-0.458984375,-0.012939453125,-0.142333984375,8.5765
0.366412213740458,2.1374045801526718,-2.8091603053435112,-0.46142578125,-0.011962890625,-0.137939453125,8.578199999999999
0.16793893129770993,2.1374045801526718,-2.4580152671755724,-0.465087890625,-0.012451171875,-0.14892578125,8.5799
0.10687022900763359,1.9236641221374047,-2.5801526717557253,-0.4677734375,-0.01318359375,-0.146484375,8.5816
0.2900763358778626,1.8625954198473282,-2.4580152671755724,-0.46728515625,-0.0107421875,-0.136474609375,8.5833
0.12213740458015267,1.7557251908396947,-2.4427480916030535,-0.473388671875,-0.015869140625,-0.141845703125,8.584999999999999
0.3053435114503817,1.7404580152671756,-2.2442748091603053,-0.46923828125,-0.0166015625,-0.138916015625,8.586699999999999
0.42748091603053434,1.6641221374045803,-2.33587786259542,-0.46923828125,-0.02001953125,-0.134521484375,8.5884
0.366412213740458,1.633587786259542,-2.0610687022900764,-0.466796875,-0.0146484375,-0.139892578125,8.5901
0.4580152671755725,1.7099236641221374,-2.3206106870229006,-0.46484375,-0.0146484375,-0.140380859375,8.5918
0.5954198473282443,1.7709923664122138,-2.381679389312977,-0.466796875,-0.013427734375,-0.138427734375,8.593499999999999
0.5648854961832062,2.213740458015267,-2.549618320610687,-0.46923828125,-0.012451171875,-0.141845703125,8.5952
0.3816793893129771,2.198473282442748,-2.3053435114503817,-0.4677734375,-0.015625,-0.1376953125,8.5969
0.2595419847328244,2.2595419847328246,-2.6717557251908395,-0.462890625,-0.012939453125,-0.137451171875,8.5986
0.42748091603053434,2.2595419847328246,-2.4732824427480917,-0.464599609375,-0.016845703125,-0.134765625,8.600299999999999
0.4580152671755725,2.549618320610687,-2.6564885496183206,-0.4658203125,-0.015869140625,-0.145751953125,8.602
0.4122137404580153,2.50381679389313,-2.6564885496183206,-0.4619140625,-0.01416015625,-0.140869140625,8.6037
0.48854961832061067,2.7938931297709924,-2.4427480916030535,-0.4638671875,-0.0146484375,-0.14599609375,8.6054
0.4580152671755725,2.885496183206107,-2.2595419847328246,-0.45849609375,-0.0126953125,-0.143310546875,8.607099999999999
0.13740458015267176,2.854961832061069,-2.4427480916030535,-0.4609375,-0.012939453125,-0.14794921875,8.608799999999999
-0.22900763358778625,2.8091603053435112,-2.3053435114503817,-0.46630859375,-0.014892578125,-0.142333984375,8.6105
-0.3969465648854962,2.8396946564885495,-1.9083969465648856,-0.4677734375,-0.01416015625,-0.1494140625,8.6122
-0.5343511450381679,2.7938931297709924,-1.9694656488549618,-0.46533203125,-0.010986328125,-0.1474609375,8.6139
-0.7786259541984732,2.6259541984732824,-1.8778625954198473,-0.4677734375,-0.013671875,-0.141357421875,8.615599999999999
-0.6717557251908397,2.5801526717557253,-1.5114503816793894,-0.465576171875,-0.018310546875,-0.141845703125,8.6173
-0.549618320610687,2.2442748091603053,-1.5572519083969465,-0.467041015625,-0.016845703125,-0.142578125,8.619
-0.4732824427480916,2.2290076335877864,-1.4961832061068703,-0.46533203125,-0.015869140625,-0.141845703125,8.6207
-0.2900763358778626,2.3053435114503817,-1.4961832061068703,-0.471923828125,-0.013427734375,-0.14404296875,8.622399999999999
-0.1984732824427481,2.213740458015267,-1.5725190839694656,-0.46875,-0.009765625,-0.14208984375,8.6241
-0.183206106870229,2.030534351145038,-1.9236641221374047,-0.462646484375,-0.015625,-0.143310546875,8.6258
-0.07633587786259542,2.2900763358778624,-1.5267175572519085,-0.461181640625,-0.01513671875,-0.1435546875,8.6275
-0.1984732824427481,2.519083969465649,-1.6488549618320612,-0.464111328125,-0.017822265625,-0.146484375,8.629199999999999
-0.183206106870229,2.732824427480916,-1.7099236641221374,-0.4609375,-0.012939453125,-0.14404296875,8.630899999999999
-0.42748091603053434,3.0839694656488548,-1.7404580152671756,-0.46044921875,-0.01904296875,-0.148193359375,8.6326
-0.7786259541984732,3.480916030534351,-1.3893129770992367,-0.4619140625,-0.017333984375,-0.146728515625,8.6343
-1.0534351145038168,3.6030534351145036,-1.3282442748091603,-0.465576171875,-0.00927734375,-0.1484375,8.636
-1.4351145038167938,3.6030534351145036,-1.099236641221374,-0.458740234375,-0.01611328125,-0.14453125,8.637699999999999
-1.5877862595419847,3.3282442748091605,-1.0381679389312977,-0.463623046875,-0.01318359375,-0.14013671875,8.6394
-1.633587786259542,2.9923664122137406,-0.48854961832061067,-0.467529296875,-0.014892578125,-0.148193359375,8.6411
-1.618320610687023,3.0839694656488548,-0.32061068702290074,-0.46826171875,-0.005126953125,-0.138671875,8.6428
-1.5419847328244274,2.717557251908397,-0.1984732824427481,-0.4609375,-0.019287109375,-0.1376953125,8.644499999999999
-1.4809160305343512,2.4885496183206106,-0.030534351145038167,-0.46240234375,-0.02197265625,-0.130859375,8.6462
-0.8549618320610687,2.381679389312977,0.04580152671755725,-0.4658203125,-0.010986328125,-0.143798828125,8.6479
-1.0229007633587786,2.4122137404580153,-0.12213740458015267,-0.4599609375,-0.015625,-0.141357421875,8.6496
-0.9618320610687023,2.4122137404580153,0.04580152671755725,-0.462158203125,-0.02197265625,-0.134765625,8.651299999999999
-1.1755725190839694,2.4580152671755724,0.015267175572519083,-0.462890625,-0.015869140625,-0.13671875,8.652999999999999
-1.2671755725190839,2.2595419847328246,0.04580152671755725,-0.462890625,-0.017333984375,-0.15087890625,8.6547
-1.1603053435114503,2.1068702290076335,0.13740458015267176,-0.4560546875,-0.013671875,-0.147216796875,8.6564
-1.0381679389312977,2.0,-0.061068702290076333,-0.46533203125,-0.0146484375,-0.140380859375,8.6581
-1.0076335877862594,2.030534351145038,-0.1984732824427481,-0.455322265625,-0.0224609375,-0.13623046875,8.659799999999999
-0.9312977099236641,1.8625954198473282,-0.42748091603053434,-0.4609375,-0.022705078125,-0.135986328125,8.6615
-0.7022900763358778,2.015267175572519,-0.6717557251908397,-0.457275390625,-0.015380859375,-0.1376953125,8.6632
-0.3511450381679389,1.8931297709923665,-0.7633587786259542,-0.4638671875,-0.013427734375,-0.13916015625,8.6649
-0.22900763358778625,1.7709923664122138,-0.9007633587786259,-0.45458984375,-0.01220703125,-0.1455078125,8.666599999999999
-0.2900763358778626,1.6793893129770991,-0.9618320610687023,-0.4560546875,-0.01025390625,-0.141357421875,8.6683
-0.15267175572519084,1.5114503816793894,-1.083969465648855,-0.461669921875,-0.0087890625,-0.144287109375,8.67
-0.3969465648854962,1.3740458015267176,-1.2671755725190839,-0.4560546875,-0.0146484375,-0.14404296875,8.6717
-0.48854961832061067,1.297709923664122,-1.3129770992366412,-0.461181640625,-0.011962890625,-0.137939453125,8.673399999999999
-0.1984732824427481,1.0534351145038168,-1.2366412213740459,-0.4580078125,-0.015380859375,-0.142333984375,8.675099999999999
-0.030534351145038167,1.0381679389312977,-1.3435114503816794,-0.4580078125,-0.01416015625,-0.14013671875,8.6768
-0.15267175572519084,0.8854961832061069,-1.3435114503816794,-0.458740234375,-0.01318359375,-0.150634765625,8.6785
0.183206106870229,0.7480916030534351,-1.6641221374045803,-0.461669921875,-0.01220703125,-0.141845703125,8.6802
0.04580152671755725,0.6259541984732825,-1.83206106870229,-0.46435546875,-0.011474609375,-0.140869140625,8.681899999999999
0.22900763358778625,0.5038167938931297,-1.83206106870229,-0.466064453125,-0.017333984375,-0.140869140625,8.6836
0.12213740458015267,0.4732824427480916,-1.7099236641221374,-0.466552734375,-0.0166015625,-0.14697265625,8.6853
0.21374045801526717,0.12213740458015267,-1.9083969465648856,-0.464599609375,-0.017578125,-0.13232421875,8.687
0.32061068702290074,-0.04580152671755725,-1.7404580152671756,-0.46435546875,-0.016845703125,-0.138671875,8.688699999999999
0.5648854961832062,-0.32061068702290074,-1.8473282442748091,-0.4619140625,-0.0146484375,-0.138916015625,8.6904
0.44274809160305345,-0.5343511450381679,-1.9541984732824427,-0.458984375,-0.017333984375,-0.1328125,8.6921
0.5648854961832062,-0.7633587786259542,-1.8931297709923665,-0.463623046875,-0.0146484375,-0.13916015625,8.6938
0.6564885496183206,-0.8549618320610687,-1.9083969465648856,-0.466552734375,-0.01611328125,-0.14013671875,8.6955
0.6259541984732825,-0.9007633587786259,-1.9083969465648856,-0.46142578125,-0.01318359375,-0.139404296875,8.697199999999999
0.8091603053435115,-0.7786259541984732,-1.8473282442748091,-0.46875,-0.01513671875,-0.13916015625,8.6989
0.7938931297709924,-0.6412213740458015,-1.9083969465648856,-0.4677734375,-0.016845703125,-0.139404296875,8.7006
0.9770992366412213,-0.7480916030534351,-1.7557251908396947,-0.466064453125,-0.014892578125,-0.14208984375,8.7023
0.8244274809160306,-0.5190839694656488,-1.7251908396946565,-0.47119140625,-0.017578125,-0.142578125,8.703999999999999
0.9618320610687023,-0.15267175572519084,-1.83206106870229,-0.465087890625,-0.021240234375,-0.143798828125,8.7057
1.2366412213740459,0.1984732824427481,-1.5725190839694656,-0.465576171875,-0.01904296875,-0.141845703125,8.7074
1.0687022900763359,0.2595419847328244,-1.4045801526717556,-0.46630859375,-0.018798828125,-0.14306640625,8.7091
1.0381679389312977,0.5343511450381679,-1.2671755725190839,-0.462646484375,-0.02099609375,-0.1435546875,8.710799999999999
1.3740458015267176,0.8549618320610687,-1.3587786259541985,-0.46240234375,-0.01708984375,-0.142333984375,8.7125
1.2366412213740459,1.1145038167938932,-1.3435114503816794,-0.463134765625,-0.0185546875,-0.140380859375,8.7142
1.2213740458015268,1.450381679389313,-1.5267175572519085,-0.46826171875,-0.01904296875,-0.12353515625,8.7159
1.3893129770992367,1.2671755725190839,-1.5419847328244274,-0.46484375,-0.022216796875,-0.130615234375,8.7176
1.5572519083969465,1.4198473282442747,-1.297709923664122,-0.468017578125,-0.010009765625,-0.13623046875,8.719299999999999
1.3893129770992367,1.618320610687023,-1.3129770992366412,-0.462890625,-0.017333984375,-0.144775390625,8.721
1.3587786259541985,1.6793893129770991,-1.4809160305343512,-0.465087890625,-0.016845703125,-0.1337890625,8.7227
1.5419847328244274,1.5877862595419847,-1.6030534351145038,-0.468994140625,-0.015869140625,-0.138916015625,8.7244
1.5114503816793894,1.4961832061068703,-1.6488549618320612,-0.4697265625,-0.015380859375,-0.140869140625,8.726099999999999
1.618320610687023,1.618320610687023,-1.7557251908396947,-0.4658203125,-0.0166015625,-0.14306640625,8.7278
1.8778625954198473,1.618320610687023,-1.786259541984733,-0.46435546875,-0.0205078125,-0.144287109375,8.7295
1.6946564885496183,1.5572519083969465,-1.816793893129771,-0.45947265625,-0.0185546875,-0.146240234375,8.7312
1.9389312977099236,1.8931297709923665,-1.8778625954198473,-0.460693359375,-0.01904296875,-0.1435546875,8.732899999999999
1.8015267175572518,1.8015267175572518,-1.8931297709923665,-0.455810546875,-0.019287109375,-0.138671875,8.7346
1.9694656488549618,1.7557251908396947,-1.9083969465648856,-0.458251953125,-0.017578125,-0.136962890625,8.7363
1.7099236641221374,1.7709923664122138,-1.7404580152671756,-0.45947265625,-0.015869140625,-0.134521484375,8.738
1.8473282442748091,1.8625954198473282,-1.984732824427481,-0.458740234375,-0.020751953125,-0.136474609375,8.7397
1.786259541984733,1.6641221374045803,-1.7099236641221374,-0.46044921875,-0.018310546875,-0.145263671875,8.741399999999999
1.9083969465648856,1.7709923664122138,-2.015267175572519,-0.45751953125,-0.010986328125,-0.1435546875,8.7431
1.8778625954198473,1.5725190839694656,-1.816793893129771,-0.45751953125,-0.02197265625,-0.14404296875,8.7448
1.816793893129771,1.5572519083969465,-1.5725190839694656,-0.455810546875,-0.0205078125,-0.140625,8.7465
1.7709923664122138,1.4045801526717556,-1.5267175572519085,-0.4638671875,-0.015380859375,-0.140869140625,8.748199999999999
1.7251908396946565,0.9770992366412213,-1.5877862595419847,-0.4541015625,-0.017333984375,-0.142822265625,8.7499
1.816793893129771,0.9770992366412213,-1.4351145038167938,-0.459228515625,-0.017822265625,-0.1357421875,8.7516
2.0,1.0534351145038168,-1.3893129770992367,-0.45751953125,-0.0205078125,-0.140380859375,8.7533
2.0,0.6870229007633588,-1.4045801526717556,-0.4580078125,-0.016357421875,-0.148681640625,8.754999999999999
1.5725190839694656,0.44274809160305345,-1.1450381679389312,-0.460205078125,-0.015869140625,-0.147216796875,8.7567
1.9389312977099236,0.3053435114503817,-0.8396946564885496,-0.451904296875,-0.017333984375,-0.135498046875,8.7584
2.0916030534351147,0.04580152671755725,-1.0687022900763359,-0.45703125,-0.01513671875,-0.14013671875,8.7601
1.8473282442748091,-0.3511450381679389,-0.9312977099236641,-0.461181640625,-0.01708984375,-0.146728515625,8.7618
1.9541984732824427,-0.4122137404580153,-0.9770992366412213,-0.4638671875,-0.013916015625,-0.1494140625,8.763499999999999
1.83206106870229,-0.5648854961832062,-0.732824427480916,-0.458740234375,-0.01513671875,-0.1494140625,8.7652
1.7557251908396947,-0.7480916030534351,-0.8702290076335878,-0.459716796875,-0.01416015625,-0.14453125,8.7669
1.83206106870229,-1.1755725190839694,-0.9618320610687023,-0.46435546875,-0.01904296875,-0.141357421875,8.7686
2.015267175572519,-1.1450381679389312,-0.916030534351145,-0.463134765625,-0.010498046875,-0.142578125,8.770299999999999
1.8931297709923665,-1.282442748091603,-0.9770992366412213,-0.466552734375,-0.0146484375,-0.14208984375,8.772
1.9541984732824427,-1.3893129770992367,-1.0229007633587786,-0.46484375,-0.01611328125,-0.142822265625,8.7737
1.984732824427481,-1.2366412213740459,-0.9618320610687023,-0.4658203125,-0.013916015625,-0.1376953125,8.7754
1.8473282442748091,-1.2671755725190839,-1.1908396946564885,-0.46044921875,-0.01513671875,-0.149169921875,8.777099999999999
1.8473282442748091,-1.2366412213740459,-1.2366412213740459,-0.464111328125,-0.017333984375,-0.135986328125,8.7788
2.183206106870229,-0.8396946564885496,-0.9923664122137404,-0.46630859375,-0.01611328125,-0.135009765625,8.7805
1.8931297709923665,-0.8244274809160306,-1.282442748091603,-0.465087890625,-0.01611328125,-0.13818359375,8.7822
1.8473282442748091,-0.42748091603053434,-1.3282442748091603,-0.47216796875,-0.014404296875,-0.142822265625,8.7839
1.8778625954198473,-0.22900763358778625,-1.282442748091603,-0.46923828125,-0.00927734375,-0.14990234375,8.785599999999999
2.0,-0.2595419847328244,-1.3893129770992367,-0.464111328125,-0.009765625,-0.138427734375,8.7873
1.9694656488549618,-0.22900763358778625,-1.450381679389313,-0.469970703125,-0.01611328125,-0.136962890625,8.789
2.2900763358778624,0.015267175572519083,-1.5114503816793894,-0.467041015625,-0.013671875,-0.142578125,8.7907
2.16793893129771,0.32061068702290074,-1.3587786259541985,-0.470947265625,-0.013916015625,-0.141357421875,8.792399999999999
2.2290076335877864,0.33587786259541985,-1.4351145038167938,-0.462646484375,-0.01318359375,-0.14892578125,8.7941
2.427480916030534,0.42748091603053434,-1.4045801526717556,-0.46923828125,-0.017333984375,-0.14794921875,8.7958
2.3969465648854964,0.7022900763358778,-1.633587786259542,-0.463623046875,-0.02001953125,-0.13427734375,8.7975
2.519083969465649,0.9312977099236641,-1.6488549618320612,-0.45703125,-0.015380859375,-0.1455078125,8.799199999999999
2.366412213740458,1.1450381679389312,-1.7557251908396947,-0.45556640625,-0.012451171875,-0.15283203125,8.8009
2.33587786259542,1.4198473282442747,-1.5572519083969465,-0.456298828125,-0.009521484375,-0.159912109375,8.8026
2.4122137404580153,1.5419847328244274,-1.618320610687023,-0.4619140625,-0.0146484375,-0.1416015625,8.8043
2.2900763358778624,1.618320610687023,-1.4045801526717556,-0.455078125,-0.009765625,-0.140380859375,8.806
2.3969465648854964,1.2061068702290076,-1.5572519083969465,-0.45947265625,-0.01171875,-0.13818359375,8.807699999999999
2.549618320610687,0.732824427480916,-1.5419847328244274,-0.452880859375,-0.014892578125,-0.137451171875,8.8094
2.6106870229007635,0.3511450381679389,-1.7099236641221374,-0.462890625,-0.006591796875,-0.147705078125,8.8111
2.5343511450381677,-0.3816793893129771,-1.5267175572519085,-0.459716796875,-0.006103515625,-0.153564453125,8.8128
2.5801526717557253,-1.3282442748091603,-1.786259541984733,-0.466796875,-0.01416015625,-0.1416015625,8.814499999999999
2.7480916030534353,-1.8473282442748091,-1.7251908396946565,-0.467529296875,-0.006591796875,-0.146240234375,8.8162
2.5801526717557253,-2.2290076335877864,-2.1374045801526718,-0.464599609375,-0.01123046875,-0.14453125,8.8179
2.4885496183206106,-2.717557251908397,-2.1526717557251906,-0.4677734375,-0.01318359375,-0.14599609375,8.8196
2.687022900763359,-2.885496183206107,-2.0916030534351147,-0.46826171875,-0.016845703125,-0.134521484375,8.821299999999999
2.4122137404580153,-2.7480916030534353,-2.030534351145038,-0.468994140625,-0.014404296875,-0.134033203125,8.822999999999999
2.366412213740458,-2.687022900763359,-2.030534351145038,-0.46728515625,-0.012939453125,-0.146728515625,8.8247
2.4732824427480917,-2.2900763358778624,-1.8778625954198473,-0.468017578125,-0.0078125,-0.14111328125,8.8264
2.564885496183206,-1.984732824427481,-1.816793893129771,-0.465087890625,-0.013671875,-0.13818359375,8.8281
2.2595419847328246,-1.5725190839694656,-1.4961832061068703,-0.472412109375,-0.013916015625,-0.134033203125,8.829799999999999
2.519083969465649,-0.8091603053435115,-1.4351145038167938,-0.471435546875,-0.00927734375,-0.14892578125,8.8315
2.3206106870229006,-0.16793893129770993,-1.3435114503816794,-0.470947265625,-0.0126953125,-0.1416015625,8.8332
2.4427480916030535,0.015267175572519083,-1.4809160305343512,-0.4716796875,-0.0166015625,-0.13232421875,8.8349
2.4122137404580153,0.5038167938931297,-0.916030534351145,-0.47216796875,-0.015869140625,-0.135009765625,8.836599999999999
2.366412213740458,0.8854961832061069,-1.251908396946565,-0.46826171875,-0.01171875,-0.13818359375,8.8383
2.2748091603053435,0.8702290076335878,-1.0381679389312977,-0.46728515625,-0.0185546875,-0.142578125,8.84
2.2290076335877864,1.0381679389312977,-1.282442748091603,-0.47021484375,-0.020751953125,-0.140869140625,8.8417
2.183206106870229,0.7633587786259542,-1.1908396946564885,-0.474853515625,-0.012451171875,-0.140869140625,8.843399999999999
2.198473282442748,0.4732824427480916,-1.3587786259541985,-0.472412109375,-0.0087890625,-0.143798828125,8.845099999999999
2.4122137404580153,0.13740458015267176,-1.3129770992366412,-0.47119140625,-0.012939453125,-0.149658203125,8.8468
2.3969465648854964,-0.10687022900763359,-1.5572519083969465,-0.47216796875,-0.0126953125,-0.139892578125,8.8485
2.6564885496183206,-0.44274809160305345,-1.6946564885496183,-0.469482421875,-0.013427734375,-0.133544921875,8.8502
2.50381679389313,-0.5190839694656488,-1.6030534351145038,-0.464599609375,-0.012939453125,-0.13134765625,8.851899999999999
2.519083969465649,-0.2595419847328244,-1.786259541984733,-0.4638671875,-0.010986328125,-0.14208984375,8.8536
2.549618320610687,0.04580152671755725,-1.7709923664122138,-0.464111328125,-0.011474609375,-0.1416015625,8.8553
2.519083969465649,0.030534351145038167,-1.7709923664122138,-0.461181640625,-0.01025390625,-0.13818359375,8.857
2.381679389312977,0.366412213740458,-1.9236641221374047,-0.459716796875,-0.011962890625,-0.13671875,8.858699999999999
2.4580152671755724,0.549618320610687,-1.9541984732824427,-0.4609375,-0.010986328125,-0.13720703125,8.8604
2.4732824427480917,0.6717557251908397,-1.9541984732824427,-0.46630859375,-0.01611328125,-0.14794921875,8.8621
2.427480916030534,0.8244274809160306,-1.8625954198473282,-0.45849609375,-0.01416015625,-0.138427734375,8.8638
2.351145038167939,0.8091603053435115,-1.9389312977099236,-0.458740234375,-0.0185546875,-0.14892578125,8.865499999999999
2.33587786259542,0.7786259541984732,-1.7709923664122138,-0.462646484375,-0.0146484375,-0.14111328125,8.867199999999999
2.4122137404580153,0.5343511450381679,-2.030534351145038,-0.45947265625,-0.010986328125,-0.131103515625,8.8689
2.2290076335877864,0.3969465648854962,-1.9541984732824427,-0.461181640625,-0.01708984375,-0.138427734375,8.8706
2.183206106870229,0.10687022900763359,-1.9389312977099236,-0.462646484375,-0.0107421875,-0.13037109375,8.8723
2.198473282442748,-0.04580152671755725,-1.7404580152671756,-0.462890625,-0.01416015625,-0.144775390625,8.873999999999999
2.213740458015267,-0.3969465648854962,-1.633587786259542,-0.4697265625,-0.018310546875,-0.13134765625,8.8757
2.183206106870229,-0.5954198473282443,-1.8625954198473282,-0.45947265625,-0.01611328125,-0.1376953125,8.8774
2.2748091603053435,-0.8396946564885496,-1.9236641221374047,-0.463134765625,-0.0166015625,-0.14306640625,8.8791
2.0763358778625953,-0.9465648854961832,-1.6488549618320612,-0.460205078125,-0.01708984375,-0.142578125,8.880799999999999
2.1526717557251906,-1.4045801526717556,-1.633587786259542,-0.46630859375,-0.014892578125,-0.144287109375,8.8825
2.3206106870229006,-0.9465648854961832,-1.4809160305343512,-0.465576171875,-0.014892578125,-0.138427734375,8.8842
2.2595419847328246,-0.8549618320610687,-1.3435114503816794,-0.466064453125,-0.017822265625,-0.13818359375,8.8859
1.8473282442748091,-1.1450381679389312,-1.0534351145038168,-0.46875,-0.018798828125,-0.140380859375,8.887599999999999
2.1068702290076335,-0.9312977099236641,-1.0381679389312977,-0.46533203125,-0.017333984375,-0.138916015625,8.889299999999999
1.8625954198473282,-0.7786259541984732,-1.0381679389312977,-0.46875,-0.014404296875,-0.14111328125,8.891
1.633587786259542,-0.549618320610687,-1.083969465648855,-0.46630859375,-0.015380859375,-0.138916015625,8.8927
1.6641221374045803,-0.5648854961832062,-0.9923664122137404,-0.4736328125,-0.01513671875,-0.1396484375,8.8944
1.5725190839694656,-0.3816793893129771,-0.9465648854961832,-0.474609375,-0.012939453125,-0.134033203125,8.896099999999999
1.5572519083969465,-0.13740458015267176,-0.9007633587786259,-0.46826171875,-0.016845703125,-0.14501953125,8.8978
1.5572519083969465,-0.10687022900763359,-0.916030534351145,-0.469970703125,-0.0146484375,-0.14208984375,8.8995
1.3893129770992367,0.12213740458015267,-0.6870229007633588,-0.46923828125,-0.020751953125,-0.1396484375,8.9012
1.5877862595419847,0.3816793893129771,-1.0687022900763359,-0.46826171875,-0.022705078125,-0.143798828125,8.902899999999999
1.5267175572519085,0.6259541984732825,-0.9465648854961832,-0.468017578125,-0.015380859375,-0.142333984375,8.9046
1.3282442748091603,0.7022900763358778,-0.8549618320610687,-0.461669921875,-0.01904296875,-0.13623046875,8.9063
1.3740458015267176,0.8396946564885496,-0.916030534351145,-0.463134765625,-0.015625,-0.140869140625,8.908
1.251908396946565,1.0381679389312977,-1.0229007633587786,-0.4658203125,-0.012939453125,-0.147216796875,8.909699999999999
1.4045801526717556,1.1450381679389312,-1.1908396946564885,-0.463134765625,-0.014404296875,-0.136474609375,8.911399999999999
1.3587786259541985,1.099236641221374,-0.9465648854961832,-0.46630859375,-0.016357421875,-0.1328125,8.9131
1.1450381679389312,1.1450381679389312,-0.9312977099236641,-0.466552734375,-0.01318359375,-0.14111328125,8.9148
1.1755725190839694,1.2061068702290076,-1.0534351145038168,-0.473876953125,-0.016357421875,-0.135498046875,8.9165
1.1603053435114503,0.9923664122137404,-1.0687022900763359,-0.463623046875,-0.01416015625,-0.13623046875,8.918199999999999
1.083969465648855,0.9312977099236641,-1.099236641221374,-0.465576171875,-0.01416015625,-0.137451171875,8.9199
1.0687022900763359,0.7786259541984732,-1.3129770992366412,-0.465576171875,-0.009521484375,-0.137451171875,8.9216
1.1297709923664123,0.549618320610687,-1.1297709923664123,-0.4658203125,-0.012451171875,-0.138427734375,8.9233
1.251908396946565,0.8549618320610687,-1.0687022900763359,-0.468017578125,-0.015869140625,-0.13916015625,8.924999999999999
1.083969465648855,1.0381679389312977,-1.099236641221374,-0.465576171875,-0.0146484375,-0.137939453125,8.9267
1.2061068702290076,0.7633587786259542,-0.9618320610687023,-0.46337890625,-0.0087890625,-0.1376953125,8.9284
0.9770992366412213,0.9618320610687023,-1.1908396946564885,-0.466796875,-0.009521484375,-0.134033203125,8.9301
1.1908396946564885,1.0229007633587786,-0.9312977099236641,-0.46630859375,-0.011962890625,-0.146240234375,8.931799999999999
1.2671755725190839,1.297709923664122,-1.1603053435114503,-0.4697265625,-0.01171875,-0.146240234375,8.933499999999999
0.9007633587786259,1.282442748091603,-1.1297709923664123,-0.46630859375,-0.009033203125,-0.143310546875,8.9352
1.1450381679389312,1.297709923664122,-1.251908396946565,-0.46826171875,-0.013427734375,-0.142578125,8.9369
1.1297709923664123,1.4198473282442747,-1.1603053435114503,-0.46826171875,-0.0087890625,-0.134765625,8.9386
1.1297709923664123,1.5114503816793894,-1.1755725190839694,-0.46630859375,-0.00830078125,-0.13134765625,8.940299999999999
1.0229007633587786,1.4961832061068703,-1.282442748091603,-0.469482421875,-0.011474609375,-0.138427734375,8.942
1.1145038167938932,1.6641221374045803,-1.2061068702290076,-0.4677734375,-0.014892578125,-0.14208984375,8.9437
1.1755725190839694,1.4809160305343512,-1.1145038167938932,-0.464599609375,-0.013916015625,-0.144775390625,8.9454
1.0229007633587786,1.6030534351145038,-1.083969465648855,-0.45947265625,-0.012451171875,-0.14453125,8.947099999999999
1.0687022900763359,1.6488549618320612,-1.2366412213740459,-0.462158203125,-0.00927734375,-0.134521484375,8.9488
1.2671755725190839,1.83206106870229,-1.3893129770992367,-0.462646484375,-0.01416015625,-0.14404296875,8.9505
1.1908396946564885,2.015267175572519,-1.5419847328244274,-0.46533203125,-0.014404296875,-0.140869140625,8.9522
1.251908396946565,1.9083969465648856,-1.5267175572519085,-0.465576171875,-0.009521484375,-0.13916015625,8.953899999999999
1.251908396946565,2.0763358778625953,-1.4351145038167938,-0.46533203125,-0.01318359375,-0.14501953125,8.955599999999999
1.1908396946564885,2.16793893129771,-1.3740458015267176,-0.462890625,-0.013916015625,-0.13623046875,8.9573
1.0076335877862594,2.045801526717557,-1.7557251908396947,-0.4638671875,-0.01171875,-0.140625,8.959
1.3893129770992367,2.015267175572519,-1.5419847328244274,-0.4609375,-0.00927734375,-0.135498046875,8.9607
1.1755725190839694,2.16793893129771,-1.7709923664122138,-0.464111328125,-0.0078125,-0.146484375,8.962399999999999
0.9465648854961832,2.0610687022900764,-1.6030534351145038,-0.462158203125,-0.010009765625,-0.140869140625,8.9641
1.099236641221374,1.9389312977099236,-1.7251908396946565,-0.46337890625,-0.011474609375,-0.141357421875,8.9658
1.3129770992366412,2.1374045801526718,-1.7099236641221374,-0.46044921875,-0.010498046875,-0.1416015625,8.9675
1.1908396946564885,1.984732824427481,-1.7099236641221374,-0.461181640625,-0.00537109375,-0.14111328125,8.969199999999999
1.1755725190839694,1.83206106870229,-1.6641221374045803,-0.463134765625,-0.01123046875,-0.138427734375,8.9709
1.3587786259541985,1.6641221374045803,-1.9236641221374047,-0.458740234375,-0.010986328125,-0.14453125,8.9726
