Time,org_x,org_y,org_z,xvec_x,xvec_y,xvec_z,zvec_x,zvec_y,zvec_z
0.000000,-0.490353,0.489851,0.643387,-0.463336,0.453352,0.612172,-0.468271,0.445720,0.671142
0.010000,-0.490356,0.489858,0.643403,-0.463335,0.453337,0.612190,-0.468273,0.445711,0.671164
0.020000,-0.490345,0.489836,0.643414,-0.463325,0.453348,0.612198,-0.468267,0.445711,0.671178
0.030000,-0.490336,0.489825,0.643423,-0.463319,0.453351,0.612226,-0.468258,0.445704,0.671183
0.040000,-0.490327,0.489836,0.643444,-0.463317,0.453326,0.612223,-0.468254,0.445710,0.671203
0.050000,-0.490330,0.489836,0.643452,-0.463313,0.453329,0.612245,-0.468268,0.445701,0.671213
0.060000,-0.490339,0.489823,0.643471,-0.463314,0.453331,0.612263,-0.468233,0.445739,0.671276
0.070000,-0.490351,0.489818,0.643475,-0.463325,0.453333,0.612290,-0.468236,0.445746,0.671289
0.080000,-0.490358,0.489819,0.643508,-0.463331,0.453343,0.612300,-0.468250,0.445732,0.671299
0.090000,-0.490387,0.489825,0.643524,-0.463344,0.453360,0.612336,-0.468270,0.445734,0.671321
0.100000,-0.490430,0.489824,0.643550,-0.463383,0.453362,0.612343,-0.468304,0.445757,0.671334
0.110000,-0.490484,0.489836,0.643570,-0.463422,0.453394,0.612363,-0.468337,0.445783,0.671362
0.120000,-0.490568,0.489808,0.643604,-0.463462,0.453436,0.612387,-0.468383,0.445794,0.671373
0.130000,-0.490642,0.489835,0.643629,-0.463515,0.453450,0.612399,-0.468426,0.445812,0.671414
0.140000,-0.490728,0.489837,0.643656,-0.463569,0.453488,0.612417,-0.468487,0.445839,0.671427
0.150000,-0.490796,0.489856,0.643691,-0.463635,0.453515,0.612445,-0.468533,0.445886,0.671451
0.160000,-0.490874,0.489891,0.643726,-0.463697,0.453553,0.612475,-0.468605,0.445915,0.671487
0.170000,-0.490994,0.489915,0.643766,-0.463754,0.453622,0.612513,-0.468666,0.445944,0.671529
0.180000,-0.491098,0.489942,0.643813,-0.463815,0.453666,0.612561,-0.468730,0.445971,0.671561
0.190000,-0.491175,0.489987,0.643875,-0.463883,0.453701,0.612591,-0.468794,0.446005,0.671610
0.200000,-0.491256,0.490023,0.643930,-0.464027,0.453688,0.612682,-0.468857,0.446063,0.671653
0.210000,-0.491336,0.490042,0.643981,-0.464072,0.453752,0.612771,-0.468923,0.446096,0.671703
0.220000,-0.491414,0.490068,0.644034,-0.464138,0.453797,0.612826,-0.468979,0.446134,0.671758
0.230000,-0.491477,0.490109,0.644088,-0.464205,0.453815,0.612871,-0.469042,0.446154,0.671804
0.240000,-0.491559,0.490119,0.644130,-0.464308,0.453827,0.612918,-0.469102,0.446163,0.671844
0.250000,-0.491634,0.490135,0.644189,-0.464362,0.453851,0.612958,-0.469163,0.446194,0.671888
0.260000,-0.491700,0.490162,0.644239,-0.464438,0.453853,0.613015,-0.469240,0.446205,0.671932
0.270000,-0.491777,0.490165,0.644278,-0.464527,0.453874,0.613055,-0.469308,0.446202,0.671975
0.280000,-0.491840,0.490174,0.644317,-0.464586,0.453893,0.613096,-0.469669,0.445846,0.672195
0.290000,-0.491917,0.490184,0.644359,-0.464671,0.453899,0.613138,-0.469492,0.446203,0.672055
0.300000,-0.491994,0.490210,0.644406,-0.464741,0.453902,0.613158,-0.469584,0.446247,0.672067
0.310000,-0.492082,0.490207,0.644426,-0.464818,0.453912,0.613185,-0.469678,0.446224,0.672081
0.320000,-0.492168,0.490219,0.644455,-0.464895,0.453940,0.613199,-0.469753,0.446238,0.672123
0.330000,-0.492253,0.490238,0.644481,-0.464968,0.453955,0.613224,-0.469822,0.446267,0.672145
0.340000,-0.492333,0.490268,0.644509,-0.465044,0.453973,0.613247,-0.469901,0.446277,0.672170
0.350000,-0.492430,0.490287,0.644534,-0.465113,0.453982,0.613260,-0.469980,0.446302,0.672185
0.360000,-0.492500,0.490301,0.644555,-0.465187,0.454026,0.613269,-0.470114,0.446268,0.672198
0.370000,-0.492606,0.490297,0.644590,-0.465251,0.454054,0.613292,-0.470208,0.446282,0.672223
0.380000,-0.492687,0.490322,0.644605,-0.465394,0.454091,0.613341,-0.470288,0.446299,0.672241
0.390000,-0.492759,0.490344,0.644618,-0.465461,0.454116,0.613350,-0.470355,0.446347,0.672237
0.400000,-0.492841,0.490364,0.644631,-0.465528,0.454168,0.613365,-0.470430,0.446361,0.672254
0.410000,-0.492908,0.490394,0.644650,-0.465591,0.454221,0.613392,-0.470488,0.446385,0.672260
0.420000,-0.492992,0.490410,0.644666,-0.465642,0.454246,0.613399,-0.470555,0.446420,0.672289
0.430000,-0.493063,0.490453,0.644687,-0.465706,0.454310,0.613403,-0.470611,0.446452,0.672293
0.440000,-0.493130,0.490472,0.644697,-0.465780,0.454323,0.613424,-0.470670,0.446472,0.672300
0.450000,-0.493191,0.490494,0.644705,-0.465829,0.454349,0.613437,-0.470723,0.446512,0.672318
0.460000,-0.493282,0.490497,0.644715,-0.465868,0.454366,0.613445,-0.470760,0.446531,0.672322
0.470000,-0.493327,0.490510,0.644731,-0.465894,0.454404,0.613458,-0.470797,0.446558,0.672345
0.480000,-0.493363,0.490531,0.644739,-0.465919,0.454421,0.613478,-0.470822,0.446584,0.672339
0.490000,-0.493380,0.490538,0.644746,-0.465919,0.454481,0.613449,-0.470844,0.446584,0.672348
0.500000,-0.493407,0.490537,0.644739,-0.465954,0.454452,0.613478,-0.470859,0.446612,0.672350
0.510000,-0.493417,0.490571,0.644754,-0.465953,0.454474,0.613489,-0.470859,0.446631,0.672357
0.520000,-0.493424,0.490588,0.644743,-0.465926,0.454550,0.613459,-0.470859,0.446640,0.672360
0.530000,-0.493422,0.490602,0.644725,-0.465936,0.454563,0.613455,-0.470872,0.446669,0.672344
0.540000,-0.493424,0.490619,0.644704,-0.465926,0.454577,0.613430,-0.470860,0.446718,0.672339
0.550000,-0.493407,0.490652,0.644675,-0.465923,0.454595,0.613414,-0.470845,0.446763,0.672320
0.560000,-0.493412,0.490690,0.644645,-0.465920,0.454611,0.613395,-0.470851,0.446797,0.672293
0.570000,-0.493399,0.490720,0.644617,-0.465926,0.454636,0.613377,-0.470843,0.446861,0.672292
0.580000,-0.493408,0.490744,0.644577,-0.465886,0.454696,0.613344,-0.470835,0.446907,0.672269
0.590000,-0.493417,0.490784,0.644550,-0.465917,0.454693,0.613340,-0.470841,0.446963,0.672269
0.600000,-0.493432,0.490798,0.644516,-0.465895,0.454747,0.613324,-0.470859,0.446999,0.672237
0.610000,-0.493447,0.490815,0.644509,-0.465896,0.454769,0.613314,-0.470861,0.447025,0.672220
0.620000,-0.493461,0.490833,0.644492,-0.465903,0.454785,0.613312,-0.470865,0.447052,0.672216
0.630000,-0.493460,0.490847,0.644489,-0.465899,0.454791,0.613310,-0.470860,0.447064,0.672220
0.640000,-0.493458,0.490846,0.644492,-0.465906,0.454774,0.613306,-0.470863,0.447057,0.672219
0.650000,-0.493456,0.490821,0.644511,-0.465885,0.454764,0.613343,-0.470852,0.447078,0.672247
0.660000,-0.493442,0.490814,0.644518,-0.465880,0.454750,0.613346,-0.470830,0.447045,0.672270
0.670000,-0.493421,0.490809,0.644548,-0.465865,0.454740,0.613375,-0.470826,0.447026,0.672301
0.680000,-0.493397,0.490785,0.644572,-0.465859,0.454718,0.613417,-0.470816,0.447015,0.672333
0.690000,-0.493375,0.490767,0.644617,-0.465881,0.454658,0.613447,-0.470813,0.446991,0.672374
0.700000,-0.493356,0.490769,0.644669,-0.465869,0.454655,0.613501,-0.470812,0.446952,0.672409
0.710000,-0.493354,0.490753,0.644717,-0.465870,0.454633,0.613538,-0.470817,0.446950,0.672456
0.720000,-0.493360,0.490738,0.644762,-0.465894,0.454576,0.613614,-0.470820,0.446927,0.672497
0.730000,-0.493373,0.490750,0.644819,-0.465905,0.454576,0.613659,-0.470837,0.446917,0.672550
0.740000,-0.493386,0.490760,0.644880,-0.465923,0.454572,0.613693,-0.470844,0.446934,0.672593
0.750000,-0.493413,0.490763,0.644919,-0.466005,0.454536,0.613783,-0.470887,0.446921,0.672648
0.760000,-0.493452,0.490740,0.644974,-0.466029,0.454539,0.613828,-0.470921,0.446931,0.672681
0.770000,-0.493489,0.490760,0.645025,-0.466062,0.454547,0.613872,-0.470944,0.446944,0.672764
0.780000,-0.493574,0.490763,0.645078,-0.466100,0.454585,0.613928,-0.470993,0.446981,0.672810
0.790000,-0.493628,0.490780,0.645122,-0.466151,0.454585,0.613965,-0.471035,0.446996,0.672853
0.800000,-0.493693,0.490796,0.645177,-0.466195,0.454631,0.614020,-0.471075,0.447033,0.672903
0.810000,-0.493765,0.490827,0.645233,-0.466244,0.454677,0.614070,-0.471147,0.447055,0.672946
0.820000,-0.493827,0.490855,0.645277,-0.466295,0.454703,0.614116,-0.471186,0.447079,0.672997
0.830000,-0.493901,0.490889,0.645331,-0.466342,0.454740,0.614170,-0.471256,0.447102,0.673036
0.840000,-0.493952,0.490913,0.645392,-0.466400,0.454780,0.614225,-0.471279,0.447142,0.673096
0.850000,-0.493999,0.490919,0.645441,-0.466419,0.454816,0.614265,-0.471346,0.447144,0.673146
0.860000,-0.494050,0.490912,0.645514,-0.466460,0.454843,0.614335,-0.471383,0.447152,0.673207
0.870000,-0.494070,0.490922,0.645573,-0.466482,0.454842,0.614384,-0.471421,0.447137,0.673266
0.880000,-0.494101,0.490917,0.645637,-0.466516,0.454851,0.614444,-0.471439,0.447141,0.673328
0.890000,-0.494110,0.490924,0.645708,-0.466517,0.454861,0.614512,-0.471470,0.447112,0.673383
0.900000,-0.494118,0.490895,0.645777,-0.466527,0.454840,0.614574,-0.471804,0.446706,0.673622
0.910000,-0.494108,0.490882,0.645844,-0.466536,0.454809,0.614650,-0.471798,0.446685,0.673709
0.920000,-0.494110,0.490854,0.645903,-0.466580,0.454791,0.614734,-0.471826,0.446645,0.673763
0.930000,-0.494086,0.490856,0.645965,-0.466570,0.454764,0.614767,-0.471812,0.446632,0.673829
0.940000,-0.494086,0.490830,0.646012,-0.466518,0.454775,0.614836,-0.471840,0.446602,0.673875
0.950000,-0.494075,0.490812,0.646042,-0.466544,0.454739,0.614857,-0.471837,0.446577,0.673907
0.960000,-0.494073,0.490788,0.646072,-0.466543,0.454723,0.614892,-0.471593,0.446900,0.673773
0.970000,-0.494059,0.490779,0.646089,-0.466498,0.454731,0.614920,-0.471586,0.446888,0.673788
0.980000,-0.494053,0.490758,0.646103,-0.466470,0.454715,0.614944,-0.471595,0.446858,0.673805
0.990000,-0.494078,0.490723,0.646131,-0.466476,0.454696,0.614935,-0.471585,0.446850,0.673807
1.000000,-0.494034,0.490737,0.646102,-0.466462,0.454683,0.614923,-0.471583,0.446838,0.673800
1.010000,-0.494037,0.490739,0.646079,-0.466460,0.454691,0.614914,-0.471829,0.446505,0.673952
1.020000,-0.494036,0.490746,0.646067,-0.466461,0.454682,0.614897,-0.471847,0.446490,0.673912
1.030000,-0.494021,0.490746,0.646030,-0.466458,0.454683,0.614864,-0.471825,0.446513,0.673909
1.040000,-0.494025,0.490742,0.645986,-0.466447,0.454698,0.614842,-0.471829,0.446497,0.673862
1.050000,-0.494027,0.490743,0.645940,-0.466454,0.454668,0.614797,-0.471828,0.446476,0.673818
1.060000,-0.494029,0.490743,0.645895,-0.466450,0.454688,0.614749,-0.471805,0.446488,0.673773
1.070000,-0.494007,0.490750,0.645846,-0.466431,0.454667,0.614699,-0.471792,0.446482,0.673715
1.080000,-0.493996,0.490748,0.645796,-0.466439,0.454637,0.614625,-0.471480,0.446851,0.673475
1.090000,-0.493977,0.490736,0.645742,-0.466436,0.454614,0.614560,-0.471460,0.446838,0.673436
1.100000,-0.493969,0.490747,0.645694,-0.466413,0.454616,0.614515,-0.471427,0.446869,0.673386
1.110000,-0.493947,0.490731,0.645633,-0.466388,0.454593,0.614464,-0.471397,0.446872,0.673331
1.120000,-0.493916,0.490727,0.645582,-0.466362,0.454600,0.614416,-0.471376,0.446873,0.673288
1.130000,-0.493899,0.490726,0.645518,-0.466322,0.454618,0.614362,-0.471353,0.446870,0.673234
1.140000,-0.493863,0.490710,0.645472,-0.466301,0.454587,0.614319,-0.471304,0.446869,0.673195
1.150000,-0.493828,0.490699,0.645427,-0.466270,0.454565,0.614270,-0.471264,0.446862,0.673157
1.160000,-0.493782,0.490679,0.645370,-0.466230,0.454562,0.614231,-0.471233,0.446845,0.673102
1.170000,-0.493738,0.490667,0.645325,-0.466199,0.454511,0.614180,-0.471195,0.446848,0.673068
1.180000,-0.493699,0.490656,0.645292,-0.466169,0.454510,0.614141,-0.471156,0.446825,0.673029
1.190000,-0.493663,0.490617,0.645242,-0.466141,0.454472,0.614101,-0.471114,0.446815,0.672997
1.200000,-0.493612,0.490615,0.645213,-0.466103,0.454454,0.614067,-0.471085,0.446784,0.672960
1.210000,-0.493562,0.490602,0.645179,-0.466076,0.454425,0.614043,-0.471039,0.446757,0.672935
1.220000,-0.493509,0.490581,0.645147,-0.466030,0.454381,0.613999,-0.470994,0.446734,0.672905
1.230000,-0.493480,0.490559,0.645104,-0.465996,0.454360,0.613977,-0.470960,0.446703,0.672877
1.240000,-0.493389,0.490560,0.645074,-0.465954,0.454313,0.613959,-0.470942,0.446677,0.672825
1.250000,-0.493342,0.490533,0.645041,-0.465917,0.454272,0.613922,-0.470887,0.446642,0.672823
1.260000,-0.493291,0.490523,0.645009,-0.465878,0.454248,0.613902,-0.470889,0.446586,0.672750
1.270000,-0.493239,0.490517,0.644988,-0.465836,0.454223,0.613876,-0.470841,0.446564,0.672720
1.280000,-0.493192,0.490488,0.644957,-0.465806,0.454185,0.613849,-0.470819,0.446524,0.672695
1.290000,-0.493151,0.490475,0.644921,-0.465719,0.454219,0.613786,-0.470784,0.446532,0.672672
1.300000,-0.493095,0.490475,0.644891,-0.465685,0.454211,0.613761,-0.470759,0.446493,0.672643
1.310000,-0.493066,0.490459,0.644853,-0.465660,0.454200,0.613731,-0.470749,0.446488,0.672601
1.320000,-0.493049,0.490451,0.644813,-0.465655,0.454166,0.613687,-0.470723,0.446486,0.672581
1.330000,-0.493039,0.490462,0.644783,-0.465654,0.454170,0.613677,-0.470727,0.446477,0.672548
1.340000,-0.493038,0.490444,0.644748,-0.465650,0.454151,0.613636,-0.470710,0.446474,0.672529
1.350000,-0.493021,0.490456,0.644710,-0.465619,0.454187,0.613605,-0.470719,0.446468,0.672488
1.360000,-0.493016,0.490450,0.644683,-0.465623,0.454187,0.613571,-0.470715,0.446469,0.672451
1.370000,-0.493026,0.490429,0.644643,-0.465640,0.454194,0.613539,-0.470715,0.446492,0.672433
1.380000,-0.493047,0.490448,0.644620,-0.465649,0.454181,0.613511,-0.470712,0.446494,0.672399
1.390000,-0.493060,0.490449,0.644605,-0.465668,0.454211,0.613505,-0.470742,0.446505,0.672389
1.400000,-0.493087,0.490467,0.644598,-0.465682,0.454226,0.613498,-0.470748,0.446533,0.672378
1.410000,-0.493110,0.490495,0.644595,-0.465737,0.454205,0.613482,-0.470761,0.446544,0.672378
1.420000,-0.493148,0.490498,0.644597,-0.465762,0.454216,0.613482,-0.470785,0.446548,0.672374
1.430000,-0.493167,0.490511,0.644608,-0.465775,0.454242,0.613497,-0.470812,0.446580,0.672380
1.440000,-0.493182,0.490523,0.644630,-0.465802,0.454266,0.613498,-0.470824,0.446600,0.672398
1.450000,-0.493212,0.490525,0.644654,-0.465827,0.454291,0.613521,-0.470849,0.446607,0.672422
1.460000,-0.493235,0.490530,0.644677,-0.465839,0.454308,0.613544,-0.470853,0.446604,0.672435
1.470000,-0.493281,0.490535,0.644713,-0.465856,0.454309,0.613557,-0.470865,0.446607,0.672457
1.480000,-0.493302,0.490508,0.644734,-0.465861,0.454319,0.613595,-0.470871,0.446612,0.672485
1.490000,-0.493311,0.490508,0.644768,-0.465874,0.454266,0.613631,-0.470896,0.446608,0.672511
1.500000,-0.493324,0.490518,0.644800,-0.465893,0.454287,0.613647,-0.470908,0.446582,0.672542
1.510000,-0.493337,0.490510,0.644836,-0.465902,0.454269,0.613678,-0.470931,0.446587,0.672568
1.520000,-0.493335,0.490504,0.644853,-0.465937,0.454223,0.613745,-0.470943,0.446570,0.672581
1.530000,-0.493352,0.490493,0.644875,-0.465899,0.454281,0.613732,-0.470938,0.446586,0.672625
1.540000,-0.493342,0.490499,0.644896,-0.465954,0.454209,0.613786,-0.470954,0.446591,0.672641
1.550000,-0.493354,0.490493,0.644912,-0.465940,0.454233,0.613816,-0.470964,0.446595,0.672662
1.560000,-0.493365,0.490484,0.644931,-0.465972,0.454202,0.613805,-0.470953,0.446584,0.672674
1.570000,-0.493373,0.490482,0.644924,-0.465978,0.454216,0.613818,-0.470960,0.446551,0.672696
1.580000,-0.493386,0.490473,0.644943,-0.465984,0.454203,0.613840,-0.470971,0.446564,0.672688
1.590000,-0.493396,0.490469,0.644961,-0.465982,0.454197,0.613842,-0.470972,0.446562,0.672698
1.600000,-0.493409,0.490478,0.644974,-0.466006,0.454218,0.613851,-0.470995,0.446559,0.672703
1.610000,-0.493425,0.490474,0.644972,-0.466024,0.454207,0.613846,-0.470997,0.446559,0.672717
1.620000,-0.493435,0.490492,0.644981,-0.466034,0.454237,0.613865,-0.470998,0.446578,0.672729
1.630000,-0.493463,0.490477,0.645002,-0.466046,0.454243,0.613858,-0.471003,0.446591,0.672729
1.640000,-0.493465,0.490509,0.645010,-0.466051,0.454251,0.613869,-0.471020,0.446609,0.672744
1.650000,-0.493493,0.490492,0.645028,-0.466053,0.454275,0.613887,-0.471015,0.446629,0.672759
1.660000,-0.493477,0.490501,0.645030,-0.466057,0.454277,0.613904,-0.471010,0.446661,0.672797
1.670000,-0.493482,0.490510,0.645051,-0.466051,0.454290,0.613911,-0.470994,0.446669,0.672816
1.680000,-0.493472,0.490530,0.645068,-0.466043,0.454313,0.613935,-0.470998,0.446669,0.672829
1.690000,-0.493470,0.490525,0.645069,-0.466041,0.454309,0.613938,-0.470989,0.446671,0.672833
1.700000,-0.493474,0.490529,0.645082,-0.466033,0.454294,0.613942,-0.470958,0.446675,0.672857
1.710000,-0.493461,0.490511,0.645099,-0.466023,0.454292,0.613952,-0.470974,0.446664,0.672838
1.720000,-0.493388,0.490511,0.645089,-0.465992,0.454300,0.613974,-0.470910,0.446682,0.672872
1.730000,-0.493365,0.490521,0.645105,-0.465949,0.454269,0.613981,-0.470883,0.446643,0.672879
1.740000,-0.493320,0.490507,0.645115,-0.465916,0.454252,0.613999,-0.470855,0.446632,0.672889
1.750000,-0.493272,0.490511,0.645124,-0.465896,0.454229,0.613993,-0.470834,0.446602,0.672895
1.760000,-0.493238,0.490496,0.645127,-0.465846,0.454218,0.613999,-0.470783,0.446586,0.672887
1.770000,-0.493182,0.490489,0.645129,-0.465815,0.454206,0.614000,-0.470740,0.446570,0.672899
1.780000,-0.493131,0.490477,0.645144,-0.465782,0.454190,0.614021,-0.470716,0.446553,0.672909
1.790000,-0.493082,0.490475,0.645147,-0.465752,0.454166,0.614010,-0.470667,0.446534,0.672913
1.800000,-0.493051,0.490446,0.645152,-0.465711,0.454132,0.614019,-0.470636,0.446496,0.672916
1.810000,-0.492959,0.490422,0.645144,-0.465677,0.454116,0.614015,-0.470608,0.446481,0.672929
1.820000,-0.492933,0.490412,0.645149,-0.465636,0.454110,0.614041,-0.470568,0.446468,0.672937
1.830000,-0.492887,0.490409,0.645157,-0.465602,0.454106,0.614038,-0.470549,0.446440,0.672933
1.840000,-0.492849,0.490399,0.645173,-0.465568,0.454095,0.614058,-0.470510,0.446429,0.672945
1.850000,-0.492813,0.490396,0.645185,-0.465542,0.454063,0.614072,-0.470480,0.446421,0.672952
1.860000,-0.492790,0.490375,0.645189,-0.465467,0.454100,0.614045,-0.470463,0.446402,0.672967
1.870000,-0.492769,0.490368,0.645198,-0.465497,0.454052,0.614087,-0.470445,0.446379,0.672975
1.880000,-0.492738,0.490367,0.645211,-0.465479,0.454042,0.614096,-0.470421,0.446399,0.672979
1.890000,-0.492709,0.490378,0.645228,-0.465433,0.454046,0.614106,-0.470405,0.446388,0.672988
1.900000,-0.492714,0.490367,0.645229,-0.465431,0.454038,0.614101,-0.470393,0.446372,0.672986
1.910000,-0.492687,0.490373,0.645237,-0.465420,0.454041,0.614110,-0.470377,0.446388,0.673000
1.920000,-0.492674,0.490364,0.645241,-0.465400,0.454019,0.614109,-0.470373,0.446375,0.672991
1.930000,-0.492681,0.490366,0.645248,-0.465400,0.454025,0.614121,-0.470371,0.446382,0.672996
1.940000,-0.492671,0.490373,0.645255,-0.465397,0.454026,0.614132,-0.470366,0.446381,0.673017
1.950000,-0.492677,0.490365,0.645267,-0.465404,0.454016,0.614131,-0.470357,0.446385,0.673020
1.960000,-0.492674,0.490372,0.645285,-0.465414,0.454017,0.614154,-0.470367,0.446371,0.673030
1.970000,-0.492674,0.490378,0.645301,-0.465447,0.454034,0.614170,-0.470364,0.446372,0.673053
1.980000,-0.492697,0.490392,0.645323,-0.465566,0.453914,0.614403,-0.470369,0.446387,0.673066
1.990000,-0.492705,0.490394,0.645358,-0.465589,0.453923,0.614435,-0.470372,0.446430,0.673103
2.000000,-0.492729,0.490401,0.645379,-0.465475,0.454098,0.614254,-0.470402,0.446419,0.673131
2.010000,-0.492755,0.490402,0.645426,-0.465486,0.454122,0.614282,-0.470411,0.446450,0.673165
2.020000,-0.492770,0.490410,0.645473,-0.465495,0.454135,0.614321,-0.470443,0.446421,0.673212
2.030000,-0.492795,0.490416,0.645518,-0.465535,0.454127,0.614382,-0.470462,0.446417,0.673253
2.040000,-0.492838,0.490430,0.645588,-0.465541,0.454142,0.614423,-0.470482,0.446410,0.673287
2.050000,-0.492866,0.490433,0.645651,-0.465550,0.454158,0.614476,-0.470495,0.446429,0.673333
2.060000,-0.492879,0.490435,0.645698,-0.465559,0.454154,0.614522,-0.470511,0.446405,0.673379
2.070000,-0.492904,0.490413,0.645747,-0.465578,0.454141,0.614565,-0.470541,0.446396,0.673435
2.080000,-0.492919,0.490405,0.645786,-0.465572,0.454155,0.614613,-0.470553,0.446385,0.673485
2.090000,-0.492924,0.490411,0.645836,-0.465563,0.454167,0.614656,-0.470566,0.446379,0.673516
2.100000,-0.492945,0.490389,0.645896,-0.465591,0.454164,0.614716,-0.470579,0.446363,0.673568
2.110000,-0.492981,0.490343,0.645938,-0.465586,0.454170,0.614741,-0.470592,0.446356,0.673607
2.120000,-0.492990,0.490335,0.645968,-0.465593,0.454166,0.614773,-0.470612,0.446340,0.673639
2.130000,-0.493013,0.490324,0.645996,-0.465605,0.454143,0.614784,-0.470633,0.446327,0.673670
2.140000,-0.493028,0.490339,0.646021,-0.465616,0.454151,0.614814,-0.470648,0.446328,0.673688
2.150000,-0.493031,0.490333,0.646035,-0.465636,0.454162,0.614837,-0.470659,0.446320,0.673719
2.160000,-0.493054,0.490319,0.646053,-0.465651,0.454161,0.614854,-0.470673,0.446323,0.673699
2.170000,-0.493059,0.490333,0.646076,-0.465670,0.454163,0.614851,-0.470687,0.446339,0.673745
2.180000,-0.493089,0.490328,0.646077,-0.465682,0.454165,0.614868,-0.470697,0.446353,0.673749
2.190000,-0.493102,0.490352,0.646098,-0.465699,0.454159,0.614880,-0.470702,0.446369,0.673762
2.200000,-0.493106,0.490351,0.646102,-0.465717,0.454179,0.614885,-0.470720,0.446363,0.673768
2.210000,-0.493138,0.490356,0.646113,-0.465706,0.454237,0.614937,-0.470718,0.446364,0.673784
2.220000,-0.493160,0.490377,0.646131,-0.465719,0.454254,0.614945,-0.470742,0.446397,0.673796
2.230000,-0.493185,0.490387,0.646153,-0.465738,0.454267,0.614963,-0.470729,0.446418,0.673824
2.240000,-0.493181,0.490394,0.646180,-0.465744,0.454284,0.614983,-0.470748,0.446410,0.673837
2.250000,-0.493200,0.490381,0.646200,-0.465755,0.454275,0.614995,-0.470755,0.446408,0.673879
2.260000,-0.493196,0.490385,0.646243,-0.465744,0.454284,0.615033,-0.470713,0.446468,0.673951
2.270000,-0.493184,0.490394,0.646279,-0.465741,0.454289,0.615073,-0.470722,0.446452,0.673976
2.280000,-0.493173,0.490409,0.646312,-0.465731,0.454281,0.615093,-0.470704,0.446452,0.674006
2.290000,-0.493170,0.490392,0.646346,-0.465724,0.454259,0.615157,-0.470706,0.446437,0.674033
2.300000,-0.493151,0.490382,0.646379,-0.465703,0.454257,0.615177,-0.470687,0.446442,0.674081
2.310000,-0.493111,0.490368,0.646414,-0.465668,0.454262,0.615222,-0.470673,0.446415,0.674110
2.320000,-0.493083,0.490357,0.646459,-0.465627,0.454234,0.615275,-0.470641,0.446392,0.674141
2.330000,-0.493042,0.490334,0.646501,-0.465603,0.454214,0.615295,-0.470629,0.446352,0.674193
2.340000,-0.492999,0.490327,0.646526,-0.465571,0.454198,0.615336,-0.470596,0.446351,0.674213
2.350000,-0.492948,0.490318,0.646563,-0.465532,0.454197,0.615366,-0.470582,0.446296,0.674242
2.360000,-0.492896,0.490302,0.646607,-0.465485,0.454159,0.615397,-0.470526,0.446280,0.674293
2.370000,-0.492841,0.490282,0.646638,-0.465456,0.454144,0.615414,-0.470480,0.446257,0.674318
2.380000,-0.492802,0.490257,0.646662,-0.465407,0.454120,0.615441,-0.470458,0.446243,0.674349
2.390000,-0.492745,0.490234,0.646694,-0.465375,0.454108,0.615468,-0.470415,0.446218,0.674351
2.400000,-0.492702,0.490224,0.646724,-0.465332,0.454074,0.615493,-0.470364,0.446222,0.674387
2.410000,-0.492663,0.490206,0.646748,-0.465286,0.454055,0.615523,-0.470345,0.446189,0.674402
2.420000,-0.492613,0.490192,0.646769,-0.465248,0.454031,0.615530,-0.470292,0.446140,0.674426
2.430000,-0.492566,0.490180,0.646791,-0.465214,0.454010,0.615560,-0.470253,0.446117,0.674441
2.440000,-0.492507,0.490147,0.646810,-0.465170,0.453993,0.615576,-0.470227,0.446100,0.674465
2.450000,-0.492473,0.490129,0.646831,-0.465132,0.453972,0.615597,-0.470195,0.446082,0.674478
2.460000,-0.492423,0.490131,0.646849,-0.465090,0.453958,0.615616,-0.470156,0.446079,0.674502
2.470000,-0.492393,0.490108,0.646865,-0.465060,0.453919,0.615637,-0.470128,0.446049,0.674508
2.480000,-0.492348,0.490118,0.646873,-0.465022,0.453918,0.615643,-0.470046,0.446087,0.674530
2.490000,-0.492322,0.490104,0.646875,-0.465010,0.453909,0.615651,-0.470030,0.446074,0.674528
2.500000,-0.492310,0.490089,0.646860,-0.464981,0.453895,0.615639,-0.470011,0.446063,0.674526
2.510000,-0.492279,0.490094,0.646868,-0.464968,0.453884,0.615652,-0.469996,0.446051,0.674516
2.520000,-0.492270,0.490100,0.646851,-0.464950,0.453895,0.615641,-0.469988,0.446063,0.674507
2.530000,-0.492258,0.490090,0.646840,-0.464940,0.453888,0.615624,-0.469971,0.446062,0.674498
2.540000,-0.492245,0.490103,0.646816,-0.464936,0.453889,0.615609,-0.469953,0.446048,0.674476
2.550000,-0.492224,0.490111,0.646807,-0.464932,0.453890,0.615589,-0.469942,0.446062,0.674467
2.560000,-0.492231,0.490095,0.646785,-0.464920,0.453900,0.615574,-0.469938,0.446051,0.674453
2.570000,-0.492229,0.490100,0.646782,-0.464938,0.453899,0.615572,-0.469935,0.446067,0.674438
2.580000,-0.492241,0.490116,0.646767,-0.464941,0.453913,0.615546,-0.469922,0.446084,0.674428
2.590000,-0.492248,0.490120,0.646754,-0.464959,0.453922,0.615541,-0.469916,0.446097,0.674423
2.600000,-0.492267,0.490132,0.646746,-0.464978,0.453918,0.615512,-0.469930,0.446109,0.674414
2.610000,-0.492262,0.490157,0.646760,-0.464975,0.453959,0.615515,-0.469922,0.446143,0.674407
2.620000,-0.492287,0.490176,0.646755,-0.464967,0.453999,0.615506,-0.469917,0.446167,0.674402
2.630000,-0.492295,0.490208,0.646760,-0.464975,0.454039,0.615505,-0.469930,0.446183,0.674398
2.640000,-0.492314,0.490224,0.646763,-0.464997,0.454064,0.615497,-0.469921,0.446220,0.674403
2.650000,-0.492328,0.490250,0.646766,-0.465002,0.454096,0.615492,-0.469915,0.446254,0.674402
2.660000,-0.492327,0.490261,0.646765,-0.465001,0.454133,0.615490,-0.469884,0.446302,0.674389
2.670000,-0.492332,0.490274,0.646759,-0.464994,0.454151,0.615482,-0.469879,0.446316,0.674392
2.680000,-0.492325,0.490266,0.646743,-0.464987,0.454160,0.615473,-0.469835,0.446345,0.674362
2.690000,-0.492307,0.490286,0.646723,-0.464975,0.454165,0.615465,-0.469816,0.446348,0.674352
2.700000,-0.492274,0.490301,0.646700,-0.464943,0.454173,0.615444,-0.469784,0.446372,0.674326
2.710000,-0.492223,0.490291,0.646660,-0.464894,0.454175,0.615410,-0.469746,0.446358,0.674296
2.720000,-0.492168,0.490293,0.646622,-0.464857,0.454141,0.615363,-0.469688,0.446365,0.674245
2.730000,-0.492087,0.490273,0.646552,-0.464787,0.454159,0.615305,-0.469604,0.446361,0.674205
2.740000,-0.491963,0.490268,0.646482,-0.464708,0.454097,0.615245,-0.469527,0.446333,0.674142
2.750000,-0.491854,0.490231,0.646418,-0.464615,0.454045,0.615179,-0.469405,0.446311,0.674088
2.760000,-0.491710,0.490158,0.646342,-0.464467,0.453968,0.615092,-0.469263,0.446238,0.674024
2.770000,-0.491499,0.490081,0.646284,-0.464217,0.453917,0.615021,-0.469109,0.446086,0.673937
2.780000,-0.491209,0.489972,0.646220,-0.463923,0.453776,0.614894,-0.468888,0.445916,0.673841
2.790000,-0.490803,0.489842,0.646150,-0.463647,0.453560,0.614819,-0.468528,0.445722,0.673746
2.800000,-0.490287,0.489718,0.646084,-0.463267,0.453289,0.614708,-0.468165,0.445464,0.673643
2.810000,-0.489714,0.489489,0.645974,-0.462852,0.453009,0.614619,-0.467666,0.445238,0.673565
2.820000,-0.489089,0.489177,0.645872,-0.462312,0.452679,0.614500,-0.467201,0.444808,0.673429
2.830000,-0.488336,0.488877,0.645761,-0.461698,0.452178,0.614384,-0.466621,0.444438,0.673281
2.840000,-0.487502,0.488567,0.645651,-0.461122,0.451676,0.614226,-0.466212,0.443574,0.673339
2.850000,-0.486569,0.488118,0.645476,-0.460390,0.451179,0.614087,-0.465113,0.443489,0.673030
2.860000,-0.485513,0.487736,0.645306,-0.459599,0.450585,0.613878,-0.464375,0.442857,0.672830
2.870000,-0.484452,0.487208,0.645107,-0.458747,0.449967,0.613599,-0.463457,0.442239,0.672620
2.880000,-0.483228,0.486690,0.644930,-0.457741,0.449351,0.613385,-0.462528,0.441579,0.672410
2.890000,-0.481964,0.486196,0.644725,-0.456810,0.448540,0.613138,-0.461524,0.440790,0.672125
2.900000,-0.480654,0.485524,0.644454,-0.455624,0.447910,0.612901,-0.460466,0.440086,0.671859
2.910000,-0.479202,0.484995,0.644212,-0.454618,0.446955,0.612525,-0.459256,0.439291,0.671616
2.920000,-0.477711,0.484246,0.643965,-0.453378,0.446168,0.612293,-0.458133,0.438433,0.671361
2.930000,-0.476179,0.483526,0.643697,-0.452143,0.445309,0.612008,-0.456838,0.437519,0.671069
2.940000,-0.474493,0.482787,0.643388,-0.450798,0.444406,0.611725,-0.455826,0.436265,0.670954
2.950000,-0.472771,0.481992,0.643112,-0.449426,0.443373,0.611354,-0.454219,0.435561,0.670448
2.960000,-0.470987,0.481128,0.642788,-0.447944,0.442363,0.611018,-0.452811,0.434463,0.670172
2.970000,-0.469086,0.480220,0.642476,-0.446447,0.441280,0.610694,-0.451632,0.433035,0.669972
2.980000,-0.467138,0.479255,0.642141,-0.444883,0.440092,0.610374,-0.449793,0.432255,0.669512
2.990000,-0.465119,0.478232,0.641784,-0.443223,0.438884,0.609994,-0.448127,0.431031,0.669174
3.000000,-0.462956,0.477133,0.641443,-0.443199,0.436000,0.609940,-0.446788,0.429316,0.668930
3.010000,-0.460786,0.475953,0.641092,-0.441481,0.434517,0.609563,-0.444830,0.428313,0.668407
3.020000,-0.458454,0.474727,0.640735,-0.439015,0.433785,0.608919,-0.442996,0.426930,0.668091
3.030000,-0.456086,0.473444,0.640400,-0.437265,0.432111,0.608575,-0.441158,0.425391,0.667691
3.040000,-0.453633,0.472088,0.640018,-0.435281,0.430579,0.608085,-0.439233,0.423829,0.667332
3.050000,-0.451182,0.470579,0.639607,-0.433414,0.428735,0.607733,-0.437254,0.422158,0.666908
3.060000,-0.448619,0.469020,0.639165,-0.431821,0.426471,0.607612,-0.435178,0.420494,0.666545
3.070000,-0.445952,0.467370,0.638740,-0.429983,0.424430,0.607146,-0.433105,0.418679,0.666058
3.080000,-0.443172,0.465724,0.638319,-0.427931,0.422449,0.606750,-0.430984,0.416730,0.665654
3.090000,-0.440385,0.463851,0.637866,-0.425804,0.420338,0.606250,-0.428829,0.414698,0.665241
3.100000,-0.437557,0.461814,0.637439,-0.423010,0.418778,0.605550,-0.426672,0.412471,0.664779
3.110000,-0.434602,0.459698,0.637011,-0.420716,0.416528,0.605089,-0.424411,0.410192,0.664432
3.120000,-0.431577,0.457446,0.636596,-0.418663,0.413880,0.604702,-0.422150,0.407773,0.664023
3.130000,-0.428514,0.455009,0.636185,-0.416416,0.411256,0.604255,-0.419931,0.405217,0.663659
3.140000,-0.425422,0.452517,0.635781,-0.414518,0.407971,0.604199,-0.417684,0.402481,0.663269
3.150000,-0.422304,0.449754,0.635337,-0.412470,0.404844,0.603765,-0.415440,0.399611,0.662922
3.160000,-0.419182,0.446883,0.635006,-0.410054,0.401930,0.603423,-0.413266,0.396657,0.662557
3.170000,-0.416054,0.443912,0.634621,-0.407802,0.398751,0.603024,-0.411012,0.393595,0.662264
3.180000,-0.412916,0.440716,0.634273,-0.405594,0.395409,0.602732,-0.408792,0.390386,0.661929
3.190000,-0.409718,0.437494,0.633911,-0.403359,0.392069,0.602340,-0.406679,0.387048,0.661632
3.200000,-0.406593,0.434114,0.633535,-0.401041,0.388720,0.602028,-0.404598,0.383574,0.661319
3.210000,-0.403494,0.430653,0.633159,-0.398989,0.385132,0.601648,-0.402610,0.380164,0.661050
3.220000,-0.400540,0.427117,0.632806,-0.396848,0.381637,0.601377,-0.400629,0.376605,0.660775
3.230000,-0.397614,0.423683,0.632485,-0.394327,0.378879,0.600800,-0.398730,0.373228,0.660519
3.240000,-0.394786,0.420280,0.632195,-0.392433,0.375504,0.600523,-0.396866,0.369901,0.660273
3.250000,-0.392118,0.417053,0.631899,-0.390576,0.372232,0.600336,-0.395013,0.366767,0.660139
3.260000,-0.389603,0.413881,0.631636,-0.388852,0.369089,0.600051,-0.393366,0.363653,0.659834
3.270000,-0.387206,0.410959,0.631328,-0.387136,0.366084,0.599840,-0.391616,0.360878,0.659671
3.280000,-0.384855,0.408110,0.631073,-0.385509,0.363250,0.599594,-0.389992,0.358057,0.659407
3.290000,-0.382655,0.405234,0.630742,-0.383859,0.360467,0.599338,-0.388372,0.355317,0.659189
3.300000,-0.380433,0.402585,0.630470,-0.382013,0.358115,0.599042,-0.386858,0.352655,0.658939
3.310000,-0.378392,0.399786,0.630101,-0.380777,0.355237,0.598774,-0.385420,0.350021,0.658653
3.320000,-0.376385,0.397091,0.629827,-0.379384,0.352674,0.598419,-0.384027,0.347449,0.658382
3.330000,-0.374439,0.394656,0.629489,-0.378103,0.350235,0.598117,-0.382668,0.345041,0.658079
3.340000,-0.372682,0.392195,0.629114,-0.379474,0.345235,0.598404,-0.381346,0.342714,0.657757
3.350000,-0.370950,0.390071,0.628853,-0.378398,0.343017,0.598113,-0.380122,0.340586,0.657479
3.360000,-0.369328,0.387981,0.628530,-0.377191,0.341165,0.597760,-0.378879,0.338597,0.657164
3.370000,-0.367801,0.386021,0.628163,-0.376023,0.339419,0.597444,-0.377731,0.336646,0.656841
3.380000,-0.366636,0.383881,0.628070,-0.375152,0.337556,0.597066,-0.376586,0.334987,0.656532
3.390000,-0.364932,0.382587,0.627498,-0.374295,0.335872,0.596756,-0.375524,0.333425,0.656198
3.400000,-0.363623,0.380918,0.627196,-0.373244,0.334438,0.596439,-0.374476,0.331755,0.655883
3.410000,-0.362731,0.378974,0.627062,-0.372227,0.333090,0.596048,-0.373490,0.330333,0.655583
3.420000,-0.361102,0.377911,0.626619,-0.371391,0.331514,0.595571,-0.372483,0.328882,0.655358
3.430000,-0.359924,0.376439,0.626310,-0.370593,0.330215,0.595380,-0.371537,0.327511,0.655117
3.440000,-0.359029,0.374740,0.626340,-0.369802,0.328797,0.595251,-0.370669,0.326220,0.654910
3.450000,-0.357755,0.373681,0.625986,-0.369038,0.327574,0.595093,-0.369759,0.324908,0.654761
3.460000,-0.356854,0.372083,0.626067,-0.368246,0.326364,0.594944,-0.368979,0.323660,0.654637
3.470000,-0.355551,0.371466,0.625648,-0.367417,0.325287,0.594705,-0.368092,0.322385,0.654495
3.480000,-0.354624,0.369611,0.625766,-0.366686,0.324114,0.594589,-0.367245,0.321315,0.654339
3.490000,-0.353613,0.368421,0.625676,-0.365956,0.323062,0.594512,-0.366395,0.320101,0.654293
3.500000,-0.352435,0.367578,0.625458,-0.365264,0.321876,0.594507,-0.365667,0.319069,0.654238
3.510000,-0.351685,0.366154,0.625652,-0.364587,0.320977,0.594485,-0.364919,0.317976,0.654224
3.520000,-0.350598,0.365517,0.625546,-0.363927,0.319929,0.594577,-0.364196,0.316974,0.654293
3.530000,-0.349957,0.364096,0.625809,-0.363207,0.318993,0.594650,-0.363473,0.316010,0.654391
3.540000,-0.348751,0.363424,0.625748,-0.362583,0.318074,0.594758,-0.362819,0.315089,0.654477
3.550000,-0.347990,0.362432,0.625914,-0.361829,0.317092,0.594918,-0.362097,0.314137,0.654670
3.560000,-0.347529,0.361371,0.626327,-0.361249,0.316234,0.595091,-0.361498,0.313098,0.654833
3.570000,-0.346681,0.360365,0.626593,-0.360517,0.315245,0.595246,-0.360872,0.312247,0.654996
3.580000,-0.345549,0.359748,0.626479,-0.359959,0.314360,0.595427,-0.360175,0.311257,0.655168
3.590000,-0.342970,0.360106,0.626795,-0.359293,0.313467,0.595636,-0.359581,0.310325,0.655354
3.600000,-0.344232,0.357521,0.627266,-0.358598,0.312551,0.595894,-0.358946,0.309437,0.655619
3.610000,-0.343086,0.357078,0.627309,-0.357969,0.311857,0.596127,-0.358366,0.308531,0.655899
3.620000,-0.340578,0.357501,0.627603,-0.357263,0.311004,0.596441,-0.357737,0.307797,0.656214
3.630000,-0.341924,0.355064,0.628268,-0.356720,0.310295,0.596785,-0.357082,0.307076,0.656565
3.640000,-0.341133,0.354307,0.628753,-0.356105,0.309629,0.597180,-0.356645,0.306333,0.656936
3.650000,-0.339936,0.353749,0.628934,-0.355376,0.308875,0.597609,-0.356048,0.305753,0.657451
3.660000,-0.337724,0.354281,0.629636,-0.354747,0.308413,0.598053,-0.355558,0.305174,0.657946
3.670000,-0.337077,0.353735,0.630161,-0.354182,0.307798,0.598544,-0.355145,0.304581,0.658457
3.680000,-0.338487,0.351891,0.630808,-0.353593,0.307211,0.599043,-0.354769,0.304055,0.658921
3.690000,-0.335798,0.353148,0.631083,-0.353003,0.306788,0.599499,-0.354365,0.303587,0.659375
3.700000,-0.335301,0.352283,0.631634,-0.352483,0.306397,0.600015,-0.353932,0.303171,0.659892
3.710000,-0.336510,0.350727,0.632131,-0.352013,0.305887,0.600618,-0.353632,0.302758,0.660400
3.720000,-0.336053,0.350432,0.632640,-0.351620,0.305487,0.601105,-0.353273,0.302408,0.660921
3.730000,-0.335520,0.350147,0.633186,-0.351224,0.305166,0.601531,-0.352943,0.302130,0.661321
3.740000,-0.335109,0.349568,0.633561,-0.350812,0.304912,0.601884,-0.352611,0.301869,0.661712
3.750000,-0.335047,0.348860,0.634091,-0.350433,0.304612,0.602232,-0.352345,0.301624,0.662090
3.760000,-0.332893,0.350210,0.634320,-0.350008,0.304259,0.602554,-0.352158,0.301291,0.662414
3.770000,-0.332688,0.349846,0.634639,-0.349706,0.304080,0.602836,-0.351970,0.301019,0.662685
3.780000,-0.332128,0.349736,0.635049,-0.349434,0.303875,0.603120,-0.351838,0.300775,0.662970
3.790000,-0.331962,0.349511,0.635301,-0.349211,0.303740,0.603371,-0.351651,0.300643,0.663226
3.800000,-0.331727,0.349389,0.635599,-0.349023,0.303601,0.603606,-0.351505,0.300520,0.663455
3.810000,-0.331609,0.349259,0.635793,-0.348838,0.303432,0.603856,-0.351370,0.300400,0.663651
3.820000,-0.331563,0.349107,0.635950,-0.348698,0.303389,0.604003,-0.351207,0.300343,0.663867
3.830000,-0.331443,0.349097,0.636085,-0.348561,0.303340,0.604137,-0.351115,0.300322,0.663985
3.840000,-0.331381,0.349138,0.636152,-0.348451,0.303364,0.604219,-0.351037,0.300356,0.664059
3.850000,-0.331312,0.349201,0.636215,-0.348399,0.303409,0.604268,-0.350993,0.300397,0.664094
3.860000,-0.331283,0.349295,0.636241,-0.348377,0.303476,0.604282,-0.350972,0.300459,0.664104
3.870000,-0.331291,0.349403,0.636249,-0.348352,0.303578,0.604300,-0.350956,0.300563,0.664140
3.880000,-0.331284,0.349589,0.636284,-0.348355,0.303795,0.604314,-0.351040,0.300718,0.664112
3.890000,-0.331267,0.349862,0.636307,-0.348377,0.303972,0.604336,-0.351043,0.300909,0.664118
3.900000,-0.331322,0.350100,0.636308,-0.348434,0.304149,0.604318,-0.351076,0.301121,0.664149
3.910000,-0.331256,0.350493,0.636215,-0.348492,0.304392,0.604256,-0.351154,0.301300,0.664093
3.920000,-0.331408,0.350713,0.636131,-0.348585,0.304592,0.604160,-0.351212,0.301525,0.664011
3.930000,-0.332000,0.351182,0.635867,-0.348668,0.304894,0.604036,-0.351236,0.301757,0.663897
3.940000,-0.333853,0.350133,0.635808,-0.348797,0.305198,0.603927,-0.351299,0.302007,0.663763
3.950000,-0.333832,0.350253,0.635564,-0.348919,0.305546,0.603813,-0.351334,0.302394,0.663607
3.960000,-0.333953,0.350618,0.635412,-0.349037,0.305982,0.603717,-0.351417,0.302733,0.663456
3.970000,-0.332786,0.352301,0.635502,-0.349117,0.306507,0.603576,-0.351494,0.303186,0.663374
3.980000,-0.332810,0.353075,0.635358,-0.349208,0.307098,0.603440,-0.351534,0.303783,0.663233
3.990000,-0.333146,0.354086,0.635093,-0.349266,0.307666,0.603295,-0.351592,0.304372,0.663070
4.000000,-0.333387,0.354394,0.635092,-0.349301,0.308318,0.603136,-0.351613,0.305017,0.662894
4.010000,-0.333620,0.355113,0.634865,-0.349385,0.309176,0.602860,-0.351609,0.305744,0.662644
4.020000,-0.333765,0.356091,0.634521,-0.349507,0.310090,0.602608,-0.351508,0.306594,0.662317
4.030000,-0.335846,0.355554,0.634303,-0.349604,0.310927,0.602348,-0.351461,0.307522,0.662086
4.040000,-0.335826,0.356851,0.633888,-0.349648,0.311888,0.602091,-0.351439,0.308441,0.661836
4.050000,-0.336500,0.357667,0.633719,-0.349722,0.313015,0.601803,-0.351412,0.309592,0.661518
4.060000,-0.336336,0.359231,0.633112,-0.349748,0.314307,0.601475,-0.351359,0.310779,0.661257
4.070000,-0.335304,0.361989,0.633009,-0.349870,0.315674,0.601210,-0.351398,0.312096,0.660946
4.080000,-0.337654,0.362106,0.632687,-0.350038,0.317404,0.600807,-0.351449,0.313712,0.660569
4.090000,-0.337905,0.364377,0.632159,-0.350366,0.319114,0.600477,-0.351510,0.315376,0.660128
4.100000,-0.338903,0.366004,0.631871,-0.350681,0.321056,0.599989,-0.351640,0.317200,0.659629
4.110000,-0.339413,0.368461,0.631208,-0.351146,0.323162,0.599477,-0.351790,0.319218,0.659084
4.120000,-0.340524,0.370470,0.630901,-0.351538,0.325316,0.599008,-0.352000,0.321330,0.658652
4.130000,-0.341293,0.373272,0.630271,-0.351963,0.327733,0.598545,-0.352205,0.323776,0.658180
4.140000,-0.342540,0.375686,0.630122,-0.352472,0.330309,0.598226,-0.352491,0.326331,0.657836
4.150000,-0.343421,0.378856,0.629723,-0.352938,0.333013,0.597986,-0.352932,0.328938,0.657648
4.160000,-0.344935,0.381458,0.629680,-0.353489,0.335812,0.597839,-0.353292,0.331841,0.657474
4.170000,-0.346062,0.384733,0.629325,-0.354103,0.338787,0.597830,-0.353944,0.334702,0.657292
4.180000,-0.347536,0.387733,0.629129,-0.354795,0.341442,0.597531,-0.354591,0.337528,0.657095
4.190000,-0.349025,0.390763,0.629041,-0.355404,0.344677,0.597543,-0.355275,0.340475,0.656951
4.200000,-0.350621,0.393698,0.628797,-0.356263,0.347571,0.597389,-0.355983,0.343492,0.656839
4.210000,-0.352550,0.396432,0.628766,-0.354829,0.352993,0.596694,-0.356851,0.346445,0.656669
4.220000,-0.353992,0.399947,0.628337,-0.355739,0.355974,0.596570,-0.357661,0.349585,0.656518
4.230000,-0.355813,0.403127,0.628235,-0.356955,0.358920,0.596571,-0.358609,0.352810,0.656424
4.240000,-0.357815,0.406354,0.628040,-0.358033,0.362023,0.596493,-0.359674,0.356037,0.656377
4.250000,-0.359799,0.409443,0.627879,-0.361858,0.362208,0.597109,-0.360820,0.359212,0.656364
4.260000,-0.361845,0.412631,0.627893,-0.360370,0.368162,0.596514,-0.361965,0.362467,0.656401
4.270000,-0.364012,0.415730,0.627803,-0.361945,0.370917,0.596567,-0.363316,0.365604,0.656388
4.280000,-0.366220,0.418687,0.627707,-0.363315,0.373863,0.596629,-0.364669,0.368728,0.656408
4.290000,-0.368471,0.421685,0.627688,-0.365180,0.376045,0.596967,-0.366143,0.371708,0.656500
4.300000,-0.370728,0.424468,0.627644,-0.366700,0.378844,0.596973,-0.367616,0.374638,0.656550
4.310000,-0.373034,0.427185,0.627602,-0.368288,0.381485,0.597061,-0.369101,0.377495,0.656571
4.320000,-0.375379,0.429801,0.627582,-0.369845,0.384151,0.597115,-0.370699,0.380285,0.656620
4.330000,-0.377698,0.432448,0.627549,-0.371459,0.386693,0.597251,-0.372342,0.383048,0.656670
4.340000,-0.380111,0.435070,0.627598,-0.373156,0.389201,0.597356,-0.374029,0.385782,0.656773
4.350000,-0.382573,0.437566,0.627646,-0.374990,0.391657,0.597456,-0.375749,0.388468,0.656931
4.360000,-0.385025,0.439984,0.627677,-0.376807,0.394002,0.597672,-0.377583,0.391018,0.657019
4.370000,-0.387487,0.442294,0.627803,-0.378531,0.396402,0.597841,-0.379375,0.393444,0.657139
4.380000,-0.389938,0.444405,0.627912,-0.380314,0.398603,0.598004,-0.381149,0.395867,0.657431
4.390000,-0.392355,0.446604,0.628027,-0.382034,0.400881,0.598190,-0.383050,0.398118,0.657577
4.400000,-0.394821,0.448684,0.628209,-0.383855,0.403097,0.598499,-0.384992,0.400317,0.657737
4.410000,-0.397339,0.450654,0.628381,-0.385769,0.405266,0.598711,-0.386934,0.402573,0.658023
4.420000,-0.399834,0.452733,0.628610,-0.387714,0.407269,0.598996,-0.388915,0.404781,0.658257
4.430000,-0.402368,0.454605,0.628788,-0.389574,0.409360,0.599338,-0.390912,0.406882,0.658527
4.440000,-0.404865,0.456431,0.628985,-0.391558,0.411245,0.599589,-0.392877,0.408918,0.658841
4.450000,-0.407386,0.458243,0.629226,-0.393466,0.413157,0.599867,-0.394918,0.410882,0.659119
4.460000,-0.409971,0.459881,0.629452,-0.395300,0.415072,0.600225,-0.396960,0.412800,0.659416
4.470000,-0.412495,0.461594,0.629693,-0.397169,0.417028,0.600528,-0.399027,0.414709,0.659702
4.480000,-0.415048,0.463227,0.629936,-0.399201,0.418778,0.600847,-0.401093,0.416560,0.660048
4.490000,-0.417594,0.464853,0.630173,-0.400726,0.421125,0.600898,-0.403157,0.418408,0.660364
4.500000,-0.420083,0.466386,0.630484,-0.403172,0.422205,0.601517,-0.405275,0.420083,0.660640
4.510000,-0.422567,0.467851,0.630765,-0.405085,0.423958,0.601882,-0.407299,0.421824,0.661015
4.520000,-0.425096,0.469240,0.631041,-0.407149,0.425450,0.602128,-0.409424,0.423370,0.661306
4.530000,-0.427618,0.470635,0.631290,-0.408882,0.427212,0.602443,-0.411483,0.424970,0.661576
4.540000,-0.430099,0.472007,0.631576,-0.410839,0.428798,0.602810,-0.413501,0.426523,0.661855
4.550000,-0.432565,0.473323,0.631805,-0.412910,0.430246,0.603030,-0.415570,0.428025,0.662140
4.560000,-0.434988,0.474596,0.632056,-0.414835,0.431748,0.603280,-0.417587,0.429498,0.662348
4.570000,-0.437402,0.475838,0.632304,-0.416260,0.433855,0.603272,-0.419601,0.430973,0.662631
4.580000,-0.439812,0.477002,0.632500,-0.418119,0.435349,0.603464,-0.421616,0.432325,0.662802
4.590000,-0.442197,0.478097,0.632657,-0.420509,0.436256,0.603884,-0.423628,0.433639,0.662921
4.600000,-0.444554,0.479260,0.632811,-0.422544,0.437555,0.604100,-0.425552,0.434997,0.663135
4.610000,-0.446928,0.480259,0.632934,-0.424603,0.438736,0.604205,-0.427393,0.436335,0.663265
4.620000,-0.449225,0.481329,0.633023,-0.426564,0.439945,0.604223,-0.429343,0.437538,0.663334
4.630000,-0.451494,0.482307,0.633117,-0.428465,0.441204,0.604321,-0.431246,0.438694,0.663411
4.640000,-0.453772,0.483301,0.633209,-0.428779,0.443951,0.604131,-0.433111,0.439937,0.663504
4.650000,-0.456080,0.484292,0.633261,-0.430643,0.445148,0.604201,-0.434960,0.441212,0.663541
4.660000,-0.458378,0.485241,0.633315,-0.432595,0.446385,0.604270,-0.436809,0.442406,0.663588
4.670000,-0.460617,0.486202,0.633381,-0.434543,0.447515,0.604355,-0.438609,0.443610,0.663650
4.680000,-0.462797,0.487083,0.633457,-0.436387,0.448695,0.604428,-0.440672,0.444435,0.663951
4.690000,-0.465012,0.487921,0.633571,-0.438287,0.449879,0.604471,-0.442255,0.445883,0.663856
4.700000,-0.467221,0.488821,0.633640,-0.440166,0.450942,0.604609,-0.444032,0.446992,0.663947
4.710000,-0.469475,0.489668,0.633751,-0.441962,0.452022,0.604635,-0.445866,0.448091,0.663988
4.720000,-0.471643,0.490451,0.633869,-0.443846,0.453077,0.604731,-0.447637,0.449159,0.664032
4.730000,-0.473775,0.491304,0.634001,-0.445709,0.454185,0.604919,-0.449384,0.450273,0.664181
4.740000,-0.475895,0.492061,0.634139,-0.447563,0.455252,0.605044,-0.451195,0.451197,0.664266
4.750000,-0.478037,0.492790,0.634291,-0.449311,0.456221,0.605050,-0.452983,0.452166,0.664386
4.760000,-0.480109,0.493514,0.634432,-0.451138,0.457129,0.605193,-0.454924,0.452839,0.664656
4.770000,-0.482200,0.494165,0.634604,-0.452910,0.458156,0.605358,-0.456371,0.454064,0.664652
4.780000,-0.484184,0.494806,0.634805,-0.454571,0.459088,0.605485,-0.457997,0.455055,0.664895
4.790000,-0.486230,0.495409,0.635009,-0.456374,0.459895,0.605686,-0.459667,0.455950,0.665044
4.800000,-0.488266,0.496025,0.635240,-0.458126,0.460780,0.605866,-0.461437,0.456723,0.665205
4.810000,-0.490225,0.496561,0.635465,-0.459786,0.461680,0.606027,-0.463127,0.457465,0.665385
4.820000,-0.492197,0.497122,0.635704,-0.461509,0.462467,0.606359,-0.465018,0.457913,0.665789
4.830000,-0.494174,0.497637,0.635967,-0.463320,0.463128,0.606799,-0.466378,0.459021,0.665834
4.840000,-0.496083,0.498086,0.636206,-0.464987,0.463916,0.606956,-0.468032,0.459690,0.666007
4.850000,-0.497921,0.498617,0.636455,-0.466449,0.464759,0.606957,-0.469660,0.460280,0.666186
4.860000,-0.499742,0.499095,0.636706,-0.468233,0.465340,0.607422,-0.471157,0.461025,0.666451
4.870000,-0.501597,0.499472,0.636967,-0.469800,0.466042,0.607625,-0.472623,0.461642,0.666640
4.880000,-0.503327,0.499852,0.637192,-0.471205,0.466791,0.607580,-0.474247,0.462168,0.666861
4.890000,-0.505092,0.500193,0.637453,-0.472796,0.467365,0.607762,-0.475753,0.462706,0.667075
4.900000,-0.506744,0.500568,0.637742,-0.474418,0.467781,0.608211,-0.477148,0.463181,0.667295
4.910000,-0.508325,0.500908,0.638031,-0.475737,0.468523,0.608275,-0.478656,0.463550,0.667426
4.920000,-0.509958,0.501120,0.638282,-0.477278,0.468854,0.608701,-0.479990,0.464045,0.667685
4.930000,-0.511502,0.501405,0.638513,-0.478758,0.469365,0.608890,-0.481311,0.464441,0.667907
4.940000,-0.512989,0.501634,0.638775,-0.480045,0.469741,0.609047,-0.482667,0.464734,0.668032
4.950000,-0.514415,0.501826,0.639009,-0.481476,0.470152,0.609221,-0.483896,0.465164,0.668225
4.960000,-0.515878,0.502078,0.639268,-0.482540,0.470697,0.609207,-0.485180,0.465424,0.668391
4.970000,-0.517197,0.502187,0.639502,-0.483913,0.470976,0.609587,-0.486408,0.465661,0.668600
4.980000,-0.518510,0.502383,0.639727,-0.485211,0.471234,0.609748,-0.487547,0.465998,0.668777
4.990000,-0.519074,0.502842,0.640114,-0.486316,0.471608,0.609920,-0.488646,0.466230,0.668962
5.000000,-0.520416,0.502843,0.640367,-0.487453,0.471990,0.609843,-0.489796,0.466424,0.669095
5.010000,-0.521372,0.502971,0.640591,-0.488648,0.472184,0.610213,-0.490861,0.466653,0.669250
5.020000,-0.522606,0.503060,0.640778,-0.489801,0.472407,0.610312,-0.491862,0.466848,0.669387
5.030000,-0.523239,0.503830,0.641126,-0.490768,0.472679,0.610388,-0.492890,0.466998,0.669377
5.040000,-0.525524,0.503078,0.640633,-0.491742,0.472868,0.610372,-0.493737,0.467189,0.669387
5.050000,-0.526566,0.503129,0.640675,-0.492697,0.473075,0.610348,-0.494519,0.467436,0.669340
5.060000,-0.527394,0.503312,0.640655,-0.493682,0.473198,0.610302,-0.495352,0.467581,0.669308
5.070000,-0.528325,0.503414,0.640598,-0.494430,0.473392,0.610203,-0.496147,0.467676,0.669180
5.080000,-0.529068,0.503460,0.640531,-0.495221,0.473494,0.610066,-0.496772,0.467817,0.669056
5.090000,-0.529777,0.503522,0.640446,-0.496048,0.473638,0.609928,-0.497418,0.467874,0.668888
5.100000,-0.530509,0.503541,0.640345,-0.496708,0.473762,0.609760,-0.497951,0.467987,0.668714
5.110000,-0.531104,0.503665,0.640237,-0.497317,0.473848,0.609586,-0.498497,0.468101,0.668582
5.120000,-0.531617,0.503760,0.640129,-0.497861,0.473933,0.609434,-0.498998,0.468234,0.668414
5.130000,-0.532148,0.503750,0.639985,-0.498451,0.473934,0.609220,-0.499453,0.468311,0.668230
5.140000,-0.532661,0.503763,0.639871,-0.498801,0.474178,0.608805,-0.499856,0.468344,0.668078
5.150000,-0.533117,0.503781,0.639774,-0.499429,0.474118,0.608904,-0.500232,0.468366,0.667921
5.160000,-0.533545,0.503797,0.639663,-0.499910,0.474144,0.608771,-0.500633,0.468483,0.667779
5.170000,-0.533977,0.503871,0.639560,-0.500408,0.474159,0.608593,-0.501037,0.468521,0.667635
5.180000,-0.534475,0.503910,0.639450,-0.500834,0.474233,0.608486,-0.501459,0.468585,0.667549
5.190000,-0.534976,0.503989,0.639349,-0.501219,0.474311,0.608394,-0.501845,0.468674,0.667483
5.200000,-0.535402,0.504063,0.639319,-0.501682,0.474363,0.608364,-0.502286,0.468783,0.667418
5.210000,-0.535841,0.504100,0.639278,-0.502096,0.474499,0.608293,-0.502654,0.468873,0.667373
5.220000,-0.536317,0.504080,0.639242,-0.502568,0.474561,0.608237,-0.503066,0.468991,0.667373
5.230000,-0.536799,0.504089,0.639244,-0.503052,0.474641,0.608260,-0.503500,0.469076,0.667359
5.240000,-0.537253,0.504094,0.639273,-0.503368,0.474787,0.608325,-0.503916,0.469127,0.667359
5.250000,-0.537693,0.504152,0.639292,-0.503710,0.474885,0.608373,-0.504282,0.469252,0.667414
5.260000,-0.538118,0.504178,0.639321,-0.504086,0.474957,0.608420,-0.504658,0.469329,0.667445
5.270000,-0.538584,0.504239,0.639365,-0.504516,0.474974,0.608465,-0.505403,0.469117,0.667721
5.280000,-0.539043,0.504248,0.639398,-0.504882,0.475059,0.608494,-0.505576,0.469457,0.667559
5.290000,-0.539435,0.504265,0.639461,-0.505240,0.475084,0.608618,-0.505989,0.469480,0.667614
5.300000,-0.539797,0.504266,0.639496,-0.505529,0.475172,0.608652,-0.506337,0.469472,0.667678
5.310000,-0.540143,0.504270,0.639515,-0.505836,0.475225,0.608743,-0.506655,0.469515,0.667725
5.320000,-0.540493,0.504212,0.639521,-0.506154,0.475212,0.608812,-0.506954,0.469527,0.667765
5.330000,-0.540837,0.504156,0.639539,-0.506427,0.475241,0.608840,-0.507278,0.469520,0.667804
5.340000,-0.541128,0.504126,0.639535,-0.506696,0.475220,0.608849,-0.507918,0.469153,0.668041
5.350000,-0.541399,0.504112,0.639549,-0.506945,0.475236,0.608879,-0.508196,0.469164,0.668084
5.360000,-0.541629,0.504114,0.639565,-0.507170,0.475221,0.608895,-0.508190,0.469551,0.667935
5.370000,-0.541835,0.504087,0.639573,-0.507379,0.475226,0.608909,-0.508458,0.469536,0.667964
5.380000,-0.542076,0.504095,0.639588,-0.507596,0.475194,0.608931,-0.508678,0.469537,0.667991
5.390000,-0.542323,0.504110,0.639566,-0.507785,0.475179,0.608926,-0.508921,0.469555,0.668003
5.400000,-0.542559,0.504051,0.639539,-0.508004,0.475141,0.608927,-0.509155,0.469505,0.668011
5.410000,-0.542790,0.504019,0.639515,-0.508193,0.475119,0.608918,-0.509372,0.469472,0.668001
5.420000,-0.543041,0.503987,0.639502,-0.508419,0.475045,0.608930,-0.509622,0.469409,0.667954
5.430000,-0.543232,0.503964,0.639472,-0.508597,0.475028,0.608915,-0.509810,0.469392,0.667949
5.440000,-0.543417,0.503953,0.639462,-0.508760,0.475025,0.608899,-0.509999,0.469355,0.667921
5.450000,-0.543578,0.503965,0.639447,-0.509021,0.474979,0.608897,-0.510173,0.469333,0.667895
5.460000,-0.543727,0.503962,0.639423,-0.509178,0.474952,0.608849,-0.510339,0.469342,0.667859
5.470000,-0.543878,0.503927,0.639383,-0.509321,0.474945,0.608823,-0.510469,0.469326,0.667828
5.480000,-0.544028,0.503936,0.639354,-0.509433,0.474947,0.608803,-0.510621,0.469345,0.667796
5.490000,-0.544167,0.503919,0.639329,-0.509584,0.474969,0.608786,-0.510757,0.469320,0.667762
5.500000,-0.544304,0.503887,0.639308,-0.509706,0.474945,0.608760,-0.510881,0.469304,0.667754
5.510000,-0.544430,0.503857,0.639275,-0.509844,0.474926,0.608748,-0.511014,0.469272,0.667723
5.520000,-0.544564,0.503825,0.639247,-0.509918,0.474948,0.608721,-0.511121,0.469281,0.667712
5.530000,-0.544674,0.503809,0.639219,-0.510042,0.474927,0.608724,-0.511253,0.469269,0.667704
5.540000,-0.544770,0.503797,0.639204,-0.510115,0.474924,0.608709,-0.511401,0.469253,0.667723
5.550000,-0.544873,0.503753,0.639179,-0.510222,0.474892,0.608683,-0.511492,0.469250,0.667721
5.560000,-0.544959,0.503751,0.639170,-0.510296,0.474871,0.608671,-0.511578,0.469226,0.667704
5.570000,-0.545029,0.503720,0.639145,-0.510373,0.474833,0.608660,-0.511654,0.469220,0.667710
5.580000,-0.545105,0.503693,0.639116,-0.510434,0.474819,0.608656,-0.511731,0.469193,0.667695
5.590000,-0.545149,0.503688,0.639104,-0.510473,0.474813,0.608639,-0.511808,0.469186,0.667701
5.600000,-0.545190,0.503673,0.639086,-0.510498,0.474797,0.608633,-0.511849,0.469159,0.667675
5.610000,-0.545204,0.503666,0.639070,-0.510524,0.474771,0.608625,-0.511887,0.469163,0.667680
5.620000,-0.545219,0.503641,0.639048,-0.510534,0.474739,0.608613,-0.511901,0.469137,0.667670
5.630000,-0.545200,0.503656,0.639033,-0.510535,0.474708,0.608606,-0.511916,0.469103,0.667646
5.640000,-0.545193,0.503617,0.639002,-0.510517,0.474699,0.608594,-0.511905,0.469087,0.667638
5.650000,-0.545164,0.503588,0.638991,-0.510481,0.474665,0.608600,-0.511895,0.469055,0.667635
5.660000,-0.545118,0.503597,0.638986,-0.510465,0.474633,0.608580,-0.511864,0.469010,0.667616
5.670000,-0.545067,0.503586,0.638968,-0.510411,0.474627,0.608589,-0.511817,0.469004,0.667619
5.680000,-0.544998,0.503585,0.638991,-0.510368,0.474589,0.608590,-0.511772,0.468981,0.667615
5.690000,-0.544932,0.503594,0.638999,-0.510299,0.474586,0.608599,-0.511706,0.468956,0.667627
5.700000,-0.544821,0.503581,0.639003,-0.510234,0.474540,0.608598,-0.511584,0.468939,0.667618
5.710000,-0.544710,0.503614,0.639039,-0.510151,0.474525,0.608613,-0.511509,0.468903,0.667620
5.720000,-0.544594,0.503600,0.639059,-0.510011,0.474516,0.608645,-0.511403,0.468860,0.667617
5.730000,-0.544441,0.503597,0.639087,-0.509882,0.474465,0.608648,-0.511280,0.468815,0.667637
5.740000,-0.544285,0.503572,0.639113,-0.509753,0.474376,0.608663,-0.511190,0.468757,0.667662
5.750000,-0.544124,0.503558,0.639157,-0.509625,0.474302,0.608699,-0.511034,0.468662,0.667696
5.760000,-0.543948,0.503486,0.639191,-0.509469,0.474211,0.608738,-0.510902,0.468609,0.667756
5.770000,-0.543754,0.503403,0.639225,-0.509285,0.474125,0.608755,-0.510755,0.468517,0.667808
5.780000,-0.543573,0.503376,0.639267,-0.509115,0.474065,0.608782,-0.510625,0.468421,0.667831
5.790000,-0.543356,0.503305,0.639272,-0.508936,0.474016,0.608837,-0.510475,0.468318,0.667858
5.800000,-0.543124,0.503209,0.639305,-0.508711,0.473974,0.608872,-0.510302,0.468234,0.667894
5.810000,-0.542885,0.503171,0.639292,-0.508513,0.473855,0.608897,-0.510131,0.468143,0.667918
5.820000,-0.542636,0.503134,0.639305,-0.508309,0.473786,0.608919,-0.509925,0.468024,0.667971
5.830000,-0.542385,0.503107,0.639321,-0.508105,0.473707,0.608944,-0.509748,0.467908,0.667975
5.840000,-0.542159,0.503104,0.639337,-0.507913,0.473626,0.608965,-0.509539,0.467853,0.667982
5.850000,-0.541957,0.503028,0.639317,-0.507744,0.473479,0.608996,-0.509324,0.467765,0.667969
5.860000,-0.541743,0.502994,0.639310,-0.507495,0.473394,0.608952,-0.509129,0.467673,0.667963
5.870000,-0.541509,0.502952,0.639310,-0.507287,0.473330,0.608944,-0.508956,0.467599,0.667953
5.880000,-0.541292,0.502922,0.639298,-0.507104,0.473231,0.608928,-0.508736,0.467534,0.667913
5.890000,-0.541065,0.502907,0.639293,-0.506912,0.473145,0.608911,-0.508550,0.467449,0.667892
5.900000,-0.540853,0.502876,0.639259,-0.506687,0.473097,0.608898,-0.508384,0.467401,0.667863
5.910000,-0.540615,0.502839,0.639204,-0.506504,0.473018,0.608870,-0.508217,0.467349,0.667838
5.920000,-0.540402,0.502774,0.639153,-0.506260,0.472979,0.608843,-0.508043,0.467300,0.667812
5.930000,-0.540190,0.502716,0.639110,-0.506081,0.472943,0.608801,-0.507888,0.467243,0.667768
5.940000,-0.539991,0.502678,0.639076,-0.505929,0.472869,0.608753,-0.507717,0.467201,0.667722
5.950000,-0.539823,0.502599,0.639019,-0.505772,0.472781,0.608710,-0.507544,0.467118,0.667680
5.960000,-0.539657,0.502533,0.638963,-0.505628,0.472725,0.608674,-0.507362,0.467062,0.667642
5.970000,-0.539475,0.502523,0.638898,-0.505474,0.472686,0.608619,-0.507216,0.467032,0.667612
5.980000,-0.539321,0.502492,0.638852,-0.505316,0.472614,0.608523,-0.507037,0.467021,0.667559
5.990000,-0.539177,0.502489,0.638776,-0.505193,0.472548,0.608483,-0.506886,0.467001,0.667521
6.000000,-0.539010,0.502434,0.638740,-0.505042,0.472472,0.608442,-0.506744,0.466916,0.667474
6.010000,-0.538848,0.502402,0.638678,-0.504894,0.472420,0.608378,-0.506648,0.466840,0.667389
6.020000,-0.538675,0.502389,0.638639,-0.504717,0.472385,0.608344,-0.506491,0.466810,0.667370
6.030000,-0.538497,0.502423,0.638588,-0.504535,0.472359,0.608308,-0.506378,0.466751,0.667315
6.040000,-0.538343,0.502438,0.638542,-0.504367,0.472360,0.608251,-0.506215,0.466691,0.667249
6.050000,-0.538192,0.502396,0.638494,-0.504239,0.472308,0.608209,-0.506098,0.466663,0.667200
6.060000,-0.538022,0.502367,0.638439,-0.504123,0.472276,0.608171,-0.505982,0.466613,0.667181
6.070000,-0.537896,0.502343,0.638394,-0.504019,0.472223,0.608141,-0.505864,0.466572,0.667145
