Time,org_x,org_y,org_z,xvec_x,xvec_y,xvec_z,zvec_x,zvec_y,zvec_z
0.000000,0.590006,0.076743,0.403074,0.545139,0.081321,0.366833,0.600117,0.082151,0.347173
0.010000,0.590002,0.076716,0.403125,0.545132,0.081304,0.366889,0.600120,0.082116,0.347226
0.020000,0.589988,0.076711,0.403156,0.545132,0.081297,0.366942,0.600112,0.082104,0.347281
0.030000,0.589991,0.076716,0.403216,0.545128,0.081279,0.366979,0.600103,0.082070,0.347326
0.040000,0.589972,0.076690,0.403260,0.545121,0.081245,0.367008,0.600098,0.082051,0.347362
0.050000,0.589955,0.076664,0.403289,0.545105,0.081216,0.367032,0.600091,0.081990,0.347408
0.060000,0.589936,0.076602,0.403289,0.545092,0.081209,0.367061,0.600083,0.081955,0.347428
0.070000,0.589914,0.076588,0.403314,0.545068,0.081158,0.367069,0.600072,0.081912,0.347447
0.080000,0.589903,0.076559,0.403325,0.545060,0.081141,0.367071,0.600075,0.081836,0.347476
0.090000,0.589891,0.076532,0.403334,0.545060,0.081104,0.367074,0.600074,0.081807,0.347484
0.100000,0.589901,0.076519,0.403328,0.545056,0.081097,0.367073,0.600074,0.081788,0.347478
0.110000,0.589887,0.076492,0.403314,0.545066,0.081067,0.367057,0.600069,0.081760,0.347476
0.120000,0.589881,0.076471,0.403312,0.545054,0.081019,0.367044,0.600049,0.081714,0.347465
0.130000,0.589858,0.076454,0.403304,0.545035,0.081014,0.367046,0.600044,0.081688,0.347457
0.140000,0.589847,0.076427,0.403303,0.545016,0.080954,0.367036,0.600031,0.081646,0.347453
0.150000,0.589835,0.076366,0.403285,0.544994,0.080901,0.367022,0.600012,0.081635,0.347454
0.160000,0.589814,0.076371,0.403306,0.544979,0.080868,0.367019,0.599999,0.081604,0.347455
0.170000,0.589817,0.076317,0.403285,0.544968,0.080845,0.367020,0.599993,0.081578,0.347451
0.180000,0.589797,0.076306,0.403279,0.544956,0.080820,0.367022,0.599982,0.081557,0.347445
0.190000,0.589793,0.076272,0.403279,0.544941,0.080802,0.367002,0.599974,0.081520,0.347429
0.200000,0.589787,0.076259,0.403263,0.544934,0.080790,0.366988,0.599970,0.081513,0.347418
0.210000,0.589780,0.076218,0.403240,0.544930,0.080780,0.366975,0.599961,0.081503,0.347404
0.220000,0.589783,0.076207,0.403205,0.544920,0.080772,0.366955,0.599955,0.081503,0.347378
0.230000,0.589771,0.076219,0.403186,0.544918,0.080768,0.366926,0.599951,0.081488,0.347357
0.240000,0.589765,0.076187,0.403159,0.544906,0.080766,0.366900,0.599944,0.081481,0.347338
0.250000,0.589759,0.076167,0.403127,0.544903,0.080740,0.366870,0.599944,0.081460,0.347306
0.260000,0.589751,0.076161,0.403099,0.544905,0.080743,0.366838,0.599925,0.081442,0.347258
0.270000,0.589756,0.076148,0.403060,0.544895,0.080748,0.366799,0.599934,0.081426,0.347224
0.280000,0.589745,0.076129,0.403014,0.544877,0.080751,0.366748,0.599942,0.081397,0.347170
0.290000,0.589742,0.076095,0.402978,0.544871,0.080734,0.366705,0.599934,0.081369,0.347125
0.300000,0.589734,0.076068,0.402943,0.544864,0.080717,0.366667,0.599935,0.081336,0.347086
0.310000,0.589721,0.076030,0.402915,0.544856,0.080705,0.366630,0.599918,0.081293,0.347047
0.320000,0.589720,0.075964,0.402853,0.544849,0.080651,0.366597,0.599893,0.081275,0.347005
0.330000,0.589700,0.075921,0.402818,0.544819,0.080643,0.366568,0.599886,0.081241,0.346974
0.340000,0.589681,0.075899,0.402790,0.544811,0.080624,0.366547,0.599860,0.081211,0.346952
0.350000,0.589663,0.075861,0.402769,0.544781,0.080608,0.366529,0.599831,0.081180,0.346927
0.360000,0.589635,0.075868,0.402753,0.544743,0.080564,0.366503,0.599799,0.081174,0.346903
0.370000,0.589623,0.075871,0.402744,0.544716,0.080557,0.366500,0.599775,0.081165,0.346881
0.380000,0.589614,0.075844,0.402722,0.544700,0.080524,0.366496,0.599738,0.081190,0.346856
0.390000,0.589614,0.075844,0.402707,0.544689,0.080516,0.366492,0.599745,0.081155,0.346841
0.400000,0.589617,0.075825,0.402691,0.544692,0.080504,0.366482,0.599726,0.081159,0.346813
0.410000,0.589635,0.075837,0.402673,0.544698,0.080510,0.366468,0.599740,0.081168,0.346782
0.420000,0.589633,0.075828,0.402650,0.544695,0.080502,0.366450,0.599739,0.081149,0.346754
0.430000,0.589630,0.075841,0.402634,0.544693,0.080493,0.366431,0.599728,0.081139,0.346727
0.440000,0.589617,0.075851,0.402614,0.544683,0.080495,0.366392,0.599727,0.081143,0.346699
0.450000,0.589619,0.075867,0.402592,0.544677,0.080500,0.366373,0.599718,0.081170,0.346675
0.460000,0.589606,0.075892,0.402573,0.544692,0.080512,0.366338,0.599717,0.081184,0.346657
0.470000,0.589629,0.075924,0.402551,0.544697,0.080515,0.366324,0.599732,0.081208,0.346634
0.480000,0.589654,0.075949,0.402535,0.544712,0.080554,0.366294,0.599755,0.081210,0.346607
0.490000,0.589676,0.075994,0.402528,0.544759,0.080627,0.366283,0.599780,0.081232,0.346603
0.500000,0.589707,0.076018,0.402507,0.544793,0.080652,0.366268,0.599807,0.081240,0.346580
0.510000,0.589745,0.076026,0.402514,0.544830,0.080684,0.366274,0.599843,0.081288,0.346604
0.520000,0.589757,0.076067,0.402523,0.544847,0.080711,0.366289,0.599859,0.081306,0.346625
0.530000,0.589779,0.076054,0.402565,0.544849,0.080732,0.366327,0.599873,0.081331,0.346661
0.540000,0.589776,0.076077,0.402591,0.544858,0.080713,0.366364,0.599872,0.081382,0.346708
0.550000,0.589763,0.076094,0.402628,0.544862,0.080755,0.366398,0.599864,0.081415,0.346741
0.560000,0.589787,0.076094,0.402653,0.544864,0.080751,0.366426,0.599886,0.081402,0.346784
0.570000,0.589785,0.076095,0.402683,0.544883,0.080762,0.366468,0.599886,0.081426,0.346811
0.580000,0.589798,0.076098,0.402714,0.544884,0.080772,0.366503,0.599899,0.081408,0.346835
0.590000,0.589795,0.076084,0.402738,0.544900,0.080777,0.366524,0.599907,0.081395,0.346868
0.600000,0.589812,0.076057,0.402761,0.544917,0.080752,0.366573,0.599905,0.081364,0.346894
0.610000,0.589807,0.076028,0.402794,0.544900,0.080736,0.366594,0.599914,0.081347,0.346927
0.620000,0.589792,0.076040,0.402838,0.544884,0.080706,0.366618,0.599905,0.081260,0.346976
0.630000,0.589768,0.076001,0.402861,0.544856,0.080660,0.366648,0.599903,0.081219,0.346998
0.640000,0.589745,0.076002,0.402918,0.544837,0.080610,0.366679,0.599874,0.081162,0.347021
0.650000,0.589735,0.075972,0.402936,0.544848,0.080545,0.366709,0.599843,0.081094,0.347049
0.660000,0.589741,0.075923,0.402958,0.544794,0.080480,0.366729,0.599839,0.081030,0.347077
0.670000,0.589754,0.075860,0.402954,0.544792,0.080424,0.366757,0.599836,0.081000,0.347098
0.680000,0.589730,0.075869,0.403016,0.544816,0.080377,0.366780,0.599836,0.080907,0.347110
0.690000,0.589735,0.075855,0.403027,0.544817,0.080325,0.366806,0.599827,0.080866,0.347136
0.700000,0.589728,0.075821,0.403046,0.544805,0.080282,0.366827,0.599822,0.080827,0.347170
0.710000,0.589724,0.075794,0.403072,0.544800,0.080230,0.366841,0.599818,0.080786,0.347193
0.720000,0.589717,0.075795,0.403088,0.544793,0.080185,0.366864,0.599812,0.080749,0.347204
0.730000,0.589710,0.075765,0.403099,0.544782,0.080153,0.366878,0.599804,0.080728,0.347223
0.740000,0.589708,0.075742,0.403102,0.544790,0.080124,0.366887,0.599801,0.080698,0.347228
0.750000,0.589707,0.075759,0.403105,0.544800,0.080121,0.366893,0.599801,0.080681,0.347220
0.760000,0.589713,0.075770,0.403094,0.544797,0.080119,0.366868,0.599811,0.080684,0.347211
0.770000,0.589724,0.075792,0.403082,0.544805,0.080156,0.366840,0.599821,0.080687,0.347193
0.780000,0.589733,0.075796,0.403057,0.544818,0.080185,0.366816,0.599831,0.080703,0.347171
0.790000,0.589731,0.075828,0.403036,0.544825,0.080210,0.366781,0.599839,0.080735,0.347131
0.800000,0.589734,0.075871,0.403015,0.544827,0.080252,0.366758,0.599843,0.080773,0.347121
0.810000,0.589735,0.075922,0.402994,0.544833,0.080297,0.366735,0.599849,0.080818,0.347091
0.820000,0.589737,0.075953,0.402958,0.544832,0.080346,0.366714,0.599850,0.080888,0.347058
0.830000,0.589762,0.075975,0.402899,0.544815,0.080434,0.366671,0.599848,0.080952,0.347036
0.840000,0.589758,0.076034,0.402866,0.544838,0.080532,0.366651,0.599851,0.081021,0.347003
0.850000,0.589754,0.076081,0.402841,0.544833,0.080618,0.366627,0.599864,0.081111,0.346961
0.860000,0.589746,0.076125,0.402795,0.544812,0.080681,0.366578,0.599850,0.081168,0.346920
0.870000,0.589732,0.076172,0.402750,0.544800,0.080759,0.366543,0.599822,0.081294,0.346867
0.880000,0.589699,0.076248,0.402718,0.544779,0.080862,0.366506,0.599796,0.081384,0.346820
0.890000,0.589678,0.076312,0.402673,0.544763,0.080927,0.366477,0.599772,0.081476,0.346765
0.900000,0.589650,0.076399,0.402620,0.544722,0.081011,0.366441,0.599736,0.081550,0.346722
0.910000,0.589627,0.076475,0.402580,0.544696,0.081100,0.366404,0.599710,0.081658,0.346666
0.920000,0.589588,0.076549,0.402535,0.544669,0.081169,0.366379,0.599672,0.081744,0.346612
0.930000,0.589568,0.076607,0.402492,0.544638,0.081235,0.366338,0.599640,0.081820,0.346564
0.940000,0.589544,0.076683,0.402448,0.544611,0.081295,0.366304,0.599618,0.081875,0.346512
0.950000,0.589541,0.076730,0.402401,0.544594,0.081375,0.366273,0.599607,0.081947,0.346451
0.960000,0.589539,0.076778,0.402350,0.544577,0.081422,0.366231,0.599586,0.082002,0.346391
0.970000,0.589536,0.076847,0.402295,0.544568,0.081492,0.366188,0.599575,0.082050,0.346335
0.980000,0.589530,0.076915,0.402246,0.544563,0.081565,0.366139,0.599570,0.082096,0.346275
0.990000,0.589503,0.076985,0.402167,0.544533,0.081614,0.366086,0.599546,0.082143,0.346224
1.000000,0.589466,0.077046,0.402108,0.544518,0.081660,0.366032,0.599523,0.082195,0.346163
1.010000,0.589455,0.077104,0.402061,0.544493,0.081710,0.365977,0.599504,0.082240,0.346113
1.020000,0.589451,0.077156,0.402033,0.544479,0.081749,0.365938,0.599498,0.082287,0.346082
1.030000,0.589444,0.077208,0.402006,0.544483,0.081798,0.365915,0.599510,0.082300,0.346011
1.040000,0.589454,0.077261,0.401987,0.544482,0.081838,0.365888,0.599483,0.082376,0.346032
1.050000,0.589453,0.077321,0.401971,0.544484,0.081887,0.365880,0.599515,0.082382,0.345981
1.060000,0.589455,0.077373,0.401960,0.544490,0.081941,0.365875,0.599521,0.082482,0.345978
1.070000,0.589462,0.077419,0.401961,0.544492,0.081997,0.365876,0.599531,0.082519,0.345971
1.080000,0.589464,0.077471,0.401978,0.544498,0.082051,0.365890,0.599529,0.082580,0.345993
1.090000,0.589466,0.077506,0.402003,0.544497,0.082077,0.365917,0.599510,0.082655,0.346057
1.100000,0.589467,0.077529,0.402031,0.544490,0.082110,0.365964,0.599500,0.082722,0.346083
1.110000,0.589454,0.077561,0.402073,0.544477,0.082141,0.365999,0.599495,0.082727,0.346131
1.120000,0.589445,0.077570,0.402094,0.544471,0.082156,0.366028,0.599490,0.082761,0.346155
1.130000,0.589441,0.077572,0.402132,0.544461,0.082177,0.366062,0.599487,0.082763,0.346200
1.140000,0.589428,0.077564,0.402180,0.544453,0.082175,0.366096,0.599481,0.082784,0.346239
1.150000,0.589426,0.077541,0.402220,0.544448,0.082183,0.366120,0.599477,0.082752,0.346269
1.160000,0.589394,0.077522,0.402244,0.544429,0.082180,0.366164,0.599452,0.082705,0.346317
1.170000,0.589380,0.077500,0.402278,0.544409,0.082173,0.366179,0.599445,0.082667,0.346337
1.180000,0.589354,0.077465,0.402304,0.544388,0.082138,0.366205,0.599422,0.082644,0.346369
1.190000,0.589322,0.077440,0.402322,0.544361,0.082105,0.366223,0.599398,0.082612,0.346386
1.200000,0.589292,0.077414,0.402329,0.544321,0.082092,0.366241,0.599373,0.082571,0.346388
1.210000,0.589267,0.077388,0.402334,0.544301,0.082049,0.366236,0.599352,0.082527,0.346388
1.220000,0.589263,0.077337,0.402345,0.544284,0.082007,0.366250,0.599320,0.082496,0.346392
1.230000,0.589215,0.077308,0.402326,0.544247,0.081980,0.366250,0.599302,0.082429,0.346391
1.240000,0.589199,0.077251,0.402342,0.544216,0.081925,0.366251,0.599279,0.082391,0.346390
1.250000,0.589167,0.077189,0.402323,0.544185,0.081851,0.366266,0.599245,0.082342,0.346398
1.260000,0.589151,0.077126,0.402348,0.544161,0.081801,0.366274,0.599197,0.082277,0.346386
1.270000,0.589125,0.077082,0.402343,0.544128,0.081730,0.366273,0.599166,0.082197,0.346381
1.280000,0.589105,0.077019,0.402348,0.544098,0.081679,0.366275,0.599147,0.082126,0.346377
1.290000,0.589086,0.076967,0.402349,0.544062,0.081565,0.366269,0.599116,0.082064,0.346376
1.300000,0.589086,0.076895,0.402354,0.544047,0.081496,0.366268,0.599102,0.081986,0.346363
1.310000,0.589052,0.076849,0.402347,0.544049,0.081496,0.366277,0.599091,0.081913,0.346365
1.320000,0.589037,0.076784,0.402354,0.544034,0.081386,0.366251,0.599085,0.081855,0.346364
1.330000,0.589028,0.076745,0.402347,0.544023,0.081336,0.366265,0.599077,0.081796,0.346364
1.340000,0.589022,0.076692,0.402344,0.544020,0.081293,0.366251,0.599067,0.081741,0.346361
1.350000,0.589031,0.076630,0.402352,0.544017,0.081227,0.366244,0.599058,0.081656,0.346344
1.360000,0.589034,0.076600,0.402347,0.544025,0.081190,0.366247,0.599062,0.081610,0.346340
1.370000,0.589048,0.076556,0.402345,0.544035,0.081146,0.366245,0.599069,0.081560,0.346339
1.380000,0.589055,0.076532,0.402335,0.544045,0.081132,0.366235,0.599076,0.081526,0.346331
1.390000,0.589066,0.076501,0.402339,0.544059,0.081105,0.366236,0.599092,0.081499,0.346324
1.400000,0.589076,0.076492,0.402332,0.544069,0.081082,0.366228,0.599101,0.081474,0.346322
1.410000,0.589087,0.076470,0.402335,0.544083,0.081055,0.366229,0.599112,0.081446,0.346322
1.420000,0.589096,0.076450,0.402335,0.544098,0.081039,0.366235,0.599128,0.081434,0.346332
1.430000,0.589109,0.076418,0.402358,0.544116,0.081012,0.366251,0.599148,0.081413,0.346351
1.440000,0.589135,0.076403,0.402373,0.544141,0.080987,0.366270,0.599167,0.081376,0.346375
1.450000,0.589142,0.076354,0.402412,0.544170,0.080963,0.366291,0.599196,0.081344,0.346426
1.460000,0.589170,0.076312,0.402447,0.544194,0.080925,0.366320,0.599230,0.081288,0.346468
1.470000,0.589196,0.076236,0.402489,0.544222,0.080894,0.366362,0.599258,0.081267,0.346517
1.480000,0.589213,0.076176,0.402535,0.544262,0.080833,0.366393,0.599285,0.081225,0.346584
1.490000,0.589235,0.076104,0.402591,0.544291,0.080793,0.366435,0.599320,0.081192,0.346649
1.500000,0.589250,0.076039,0.402644,0.544326,0.080737,0.366477,0.599350,0.081120,0.346704
1.510000,0.589286,0.075941,0.402691,0.544350,0.080681,0.366516,0.599385,0.081092,0.346773
1.520000,0.589321,0.075864,0.402742,0.544394,0.080611,0.366566,0.599424,0.080997,0.346841
1.530000,0.589341,0.075802,0.402797,0.544440,0.080554,0.366600,0.599471,0.080937,0.346902
1.540000,0.589371,0.075717,0.402846,0.544479,0.080513,0.366628,0.599547,0.080890,0.346962
1.550000,0.589372,0.075678,0.402911,0.544517,0.080452,0.366653,0.599583,0.080823,0.347004
1.560000,0.589388,0.075622,0.402931,0.544539,0.080401,0.366668,0.599612,0.080769,0.347046
1.570000,0.589417,0.075596,0.402972,0.544571,0.080366,0.366679,0.599642,0.080725,0.347070
1.580000,0.589438,0.075551,0.402995,0.544595,0.080324,0.366685,0.599677,0.080679,0.347102
1.590000,0.589465,0.075522,0.403008,0.544627,0.080300,0.366701,0.599709,0.080636,0.347111
1.600000,0.589487,0.075495,0.403028,0.544649,0.080268,0.366715,0.599733,0.080599,0.347155
1.610000,0.589510,0.075498,0.403053,0.544675,0.080269,0.366739,0.599752,0.080587,0.347179
1.620000,0.589523,0.075489,0.403087,0.544706,0.080216,0.366768,0.599767,0.080578,0.347207
1.630000,0.589532,0.075499,0.403107,0.544687,0.080229,0.366788,0.599766,0.080572,0.347235
1.640000,0.589540,0.075503,0.403143,0.544715,0.080192,0.366832,0.599769,0.080593,0.347271
1.650000,0.589553,0.075493,0.403183,0.544715,0.080177,0.366882,0.599780,0.080570,0.347309
1.660000,0.589561,0.075488,0.403227,0.544743,0.080130,0.366957,0.599776,0.080571,0.347360
1.670000,0.589578,0.075474,0.403272,0.544734,0.080107,0.367002,0.599778,0.080576,0.347409
1.680000,0.589568,0.075465,0.403326,0.544739,0.080097,0.367047,0.599789,0.080570,0.347444
1.690000,0.589568,0.075454,0.403361,0.544745,0.080092,0.367081,0.599796,0.080538,0.347489
1.700000,0.589581,0.075443,0.403391,0.544740,0.080071,0.367109,0.599796,0.080535,0.347518
1.710000,0.589578,0.075413,0.403410,0.544744,0.080064,0.367124,0.599784,0.080516,0.347552
1.720000,0.589565,0.075415,0.403448,0.544754,0.080037,0.367143,0.599802,0.080496,0.347562
1.730000,0.589569,0.075389,0.403463,0.544755,0.080014,0.367158,0.599791,0.080483,0.347600
1.740000,0.589559,0.075365,0.403483,0.544755,0.080001,0.367168,0.599795,0.080454,0.347618
1.750000,0.589561,0.075330,0.403496,0.544751,0.079987,0.367192,0.599789,0.080431,0.347630
1.760000,0.589541,0.075309,0.403520,0.544746,0.079957,0.367194,0.599783,0.080407,0.347650
1.770000,0.589530,0.075253,0.403535,0.544735,0.079925,0.367191,0.599774,0.080353,0.347653
1.780000,0.589525,0.075244,0.403512,0.544733,0.079902,0.367190,0.599764,0.080323,0.347650
1.790000,0.589518,0.075183,0.403529,0.544727,0.079884,0.367192,0.599766,0.080288,0.347653
1.800000,0.589509,0.075162,0.403530,0.544719,0.079858,0.367189,0.599758,0.080272,0.347655
1.810000,0.589505,0.075141,0.403525,0.544707,0.079834,0.367187,0.599751,0.080237,0.347649
1.820000,0.589485,0.075119,0.403522,0.544696,0.079810,0.367188,0.599737,0.080202,0.347646
1.830000,0.589458,0.075094,0.403531,0.544675,0.079786,0.367184,0.599717,0.080191,0.347641
1.840000,0.589430,0.075086,0.403533,0.544649,0.079753,0.367191,0.599686,0.080157,0.347643
1.850000,0.589403,0.075047,0.403538,0.544614,0.079722,0.367191,0.599657,0.080129,0.347641
1.860000,0.589370,0.075042,0.403541,0.544577,0.079690,0.367188,0.599626,0.080104,0.347636
1.870000,0.589354,0.075030,0.403530,0.544548,0.079684,0.367206,0.599600,0.080099,0.347628
1.880000,0.589321,0.075012,0.403530,0.544526,0.079647,0.367180,0.599571,0.080071,0.347617
1.890000,0.589305,0.075011,0.403515,0.544509,0.079655,0.367179,0.599549,0.080063,0.347594
1.900000,0.589306,0.075005,0.403493,0.544472,0.079665,0.367159,0.599507,0.080034,0.347557
1.910000,0.589276,0.075014,0.403481,0.544452,0.079662,0.367144,0.599493,0.080041,0.347540
1.920000,0.589264,0.075015,0.403456,0.544436,0.079656,0.367117,0.599478,0.080029,0.347518
1.930000,0.589254,0.075016,0.403425,0.544419,0.079658,0.367098,0.599460,0.080018,0.347482
1.940000,0.589231,0.075061,0.403384,0.544407,0.079657,0.367069,0.599440,0.080032,0.347453
1.950000,0.589231,0.075038,0.403363,0.544395,0.079680,0.367042,0.599428,0.080035,0.347421
1.960000,0.589206,0.075094,0.403320,0.544377,0.079691,0.366996,0.599413,0.080050,0.347381
1.970000,0.589199,0.075102,0.403282,0.544367,0.079712,0.366954,0.599405,0.080070,0.347349
1.980000,0.589196,0.075124,0.403253,0.544365,0.079727,0.366932,0.599395,0.080099,0.347316
1.990000,0.589191,0.075147,0.403218,0.544359,0.079757,0.366903,0.599393,0.080128,0.347289
2.000000,0.589182,0.075173,0.403186,0.544347,0.079780,0.366880,0.599377,0.080159,0.347263
2.010000,0.589192,0.075184,0.403158,0.544350,0.079814,0.366862,0.599379,0.080198,0.347219
2.020000,0.589188,0.075216,0.403137,0.544345,0.079849,0.366850,0.599375,0.080228,0.347200
2.030000,0.589183,0.075255,0.403128,0.544340,0.079869,0.366834,0.599363,0.080270,0.347182
2.040000,0.589184,0.075279,0.403103,0.544330,0.079920,0.366819,0.599352,0.080336,0.347179
2.050000,0.589183,0.075324,0.403090,0.544334,0.079985,0.366802,0.599358,0.080375,0.347164
2.060000,0.589182,0.075353,0.403081,0.544327,0.080019,0.366800,0.599360,0.080455,0.347149
2.070000,0.589193,0.075387,0.403064,0.544340,0.080058,0.366794,0.599379,0.080505,0.347133
2.080000,0.589206,0.075427,0.403063,0.544336,0.080100,0.366798,0.599388,0.080554,0.347131
2.090000,0.589221,0.075466,0.403059,0.544353,0.080161,0.366796,0.599392,0.080602,0.347131
2.100000,0.589231,0.075515,0.403046,0.544363,0.080204,0.366789,0.599408,0.080648,0.347121
2.110000,0.589233,0.075560,0.403039,0.544367,0.080239,0.366777,0.599420,0.080705,0.347106
2.120000,0.589246,0.075603,0.403013,0.544379,0.080291,0.366757,0.599420,0.080756,0.347092
2.130000,0.589256,0.075664,0.402993,0.544389,0.080329,0.366738,0.599433,0.080813,0.347065
2.140000,0.589267,0.075708,0.402984,0.544399,0.080387,0.366718,0.599441,0.080871,0.347061
2.150000,0.589287,0.075766,0.402973,0.544415,0.080414,0.366708,0.599458,0.080915,0.347046
2.160000,0.589299,0.075824,0.402977,0.544430,0.080473,0.366703,0.599505,0.080976,0.347061
2.170000,0.589317,0.075880,0.402981,0.544452,0.080505,0.366706,0.599527,0.081024,0.347071
2.180000,0.589326,0.075933,0.402987,0.544464,0.080536,0.366715,0.599532,0.081075,0.347085
2.190000,0.589343,0.075978,0.403004,0.544480,0.080584,0.366728,0.599551,0.081129,0.347097
2.200000,0.589364,0.076033,0.403022,0.544492,0.080640,0.366755,0.599558,0.081184,0.347121
2.210000,0.589386,0.076065,0.403046,0.544506,0.080685,0.366788,0.599576,0.081237,0.347154
2.220000,0.589405,0.076124,0.403081,0.544507,0.080727,0.366829,0.599578,0.081289,0.347196
2.230000,0.589412,0.076178,0.403125,0.544526,0.080778,0.366873,0.599595,0.081344,0.347234
2.240000,0.589433,0.076247,0.403163,0.544550,0.080851,0.366927,0.599608,0.081421,0.347279
2.250000,0.589461,0.076306,0.403191,0.544568,0.080887,0.366973,0.599619,0.081479,0.347323
2.260000,0.589474,0.076411,0.403251,0.544583,0.080946,0.367018,0.599637,0.081542,0.347364
2.270000,0.589503,0.076477,0.403285,0.544607,0.081021,0.367076,0.599657,0.081618,0.347404
2.280000,0.589535,0.076565,0.403328,0.544628,0.081074,0.367113,0.599672,0.081677,0.347447
2.290000,0.589563,0.076698,0.403389,0.544655,0.081119,0.367158,0.599703,0.081777,0.347466
2.300000,0.589602,0.076835,0.403431,0.544681,0.081196,0.367190,0.599731,0.081850,0.347485
2.310000,0.589638,0.076946,0.403461,0.544711,0.081257,0.367221,0.599761,0.081913,0.347507
2.320000,0.589703,0.077070,0.403475,0.544765,0.081313,0.367245,0.599784,0.082057,0.347506
2.330000,0.589752,0.077212,0.403489,0.544811,0.081392,0.367270,0.599824,0.082118,0.347509
2.340000,0.589811,0.077344,0.403488,0.544865,0.081451,0.367278,0.599863,0.082226,0.347512
2.350000,0.589888,0.077497,0.403511,0.544908,0.081518,0.367293,0.599900,0.082329,0.347497
2.360000,0.589929,0.077646,0.403496,0.544970,0.081548,0.367305,0.599919,0.082421,0.347487
2.370000,0.589990,0.077825,0.403506,0.545011,0.081608,0.367315,0.599951,0.082498,0.347477
2.380000,0.590042,0.077947,0.403507,0.545043,0.081645,0.367328,0.599968,0.082572,0.347463
2.390000,0.590097,0.078076,0.403505,0.545069,0.081671,0.367339,0.599993,0.082646,0.347441
2.400000,0.590148,0.078198,0.403499,0.545102,0.081721,0.367351,0.600028,0.082763,0.347430
2.410000,0.590197,0.078309,0.403490,0.545118,0.081730,0.367365,0.600035,0.082830,0.347404
2.420000,0.590244,0.078449,0.403483,0.545133,0.081766,0.367387,0.600036,0.082893,0.347389
2.430000,0.590288,0.078621,0.403498,0.545144,0.081782,0.367408,0.600036,0.082951,0.347369
2.440000,0.590339,0.078740,0.403492,0.545159,0.081805,0.367431,0.600030,0.083011,0.347357
2.450000,0.590388,0.078888,0.403473,0.545169,0.081835,0.367447,0.600033,0.083070,0.347316
2.460000,0.590433,0.079033,0.403446,0.545177,0.081868,0.367459,0.600030,0.083107,0.347287
2.470000,0.590485,0.079211,0.403430,0.545180,0.081878,0.367470,0.600010,0.083192,0.347247
2.480000,0.590544,0.079408,0.403390,0.545186,0.081908,0.367472,0.599997,0.083260,0.347197
2.490000,0.590602,0.079582,0.403340,0.545187,0.081934,0.367474,0.599981,0.083316,0.347134
2.500000,0.590665,0.079796,0.403262,0.545197,0.081976,0.367465,0.599971,0.083382,0.347055
2.510000,0.590727,0.080017,0.403177,0.545209,0.082006,0.367427,0.599957,0.083454,0.346965
2.520000,0.590797,0.080243,0.403092,0.545222,0.082043,0.367398,0.599953,0.083560,0.346876
2.530000,0.590846,0.080511,0.403033,0.545235,0.082110,0.367376,0.599933,0.083656,0.346772
2.540000,0.590909,0.080759,0.402938,0.545235,0.082162,0.367343,0.599906,0.083748,0.346672
2.550000,0.590965,0.081030,0.402864,0.545232,0.082199,0.367291,0.599884,0.083839,0.346568
2.560000,0.591007,0.081365,0.402758,0.545243,0.082262,0.367258,0.599848,0.083968,0.346447
2.570000,0.591066,0.081659,0.402665,0.545240,0.082322,0.367223,0.599851,0.084079,0.346299
2.580000,0.591131,0.081980,0.402538,0.545251,0.082387,0.367193,0.599827,0.084212,0.346148
2.590000,0.591239,0.082277,0.402416,0.545297,0.082489,0.367146,0.599804,0.084337,0.345987
2.600000,0.591324,0.082617,0.402308,0.545278,0.082600,0.367101,0.599785,0.084510,0.345817
2.610000,0.591406,0.082963,0.402173,0.545306,0.082694,0.367059,0.599756,0.084658,0.345657
2.620000,0.591506,0.083321,0.401990,0.545317,0.082756,0.367001,0.599723,0.084798,0.345458
2.630000,0.591580,0.083668,0.401838,0.545322,0.082828,0.366975,0.599691,0.084921,0.345272
2.640000,0.591649,0.084019,0.401669,0.545317,0.082914,0.366929,0.599634,0.085032,0.345104
2.650000,0.591726,0.084368,0.401521,0.545296,0.082964,0.366895,0.599558,0.085116,0.344936
2.660000,0.591763,0.084746,0.401350,0.545249,0.082985,0.366851,0.599447,0.085220,0.344748
2.670000,0.591816,0.085131,0.401224,0.545203,0.083000,0.366814,0.599349,0.085286,0.344573
2.680000,0.591838,0.085437,0.401053,0.545135,0.082987,0.366774,0.599208,0.085327,0.344385
2.690000,0.591841,0.085751,0.400859,0.545045,0.082970,0.366737,0.599051,0.085368,0.344163
2.700000,0.591829,0.086084,0.400660,0.544952,0.082922,0.366696,0.598902,0.085372,0.343931
2.710000,0.591826,0.086413,0.400410,0.544862,0.082895,0.366648,0.598738,0.085360,0.343702
2.720000,0.591827,0.086700,0.400162,0.544759,0.082832,0.366597,0.598583,0.085329,0.343450
2.730000,0.591819,0.087009,0.399911,0.544657,0.082784,0.366544,0.598398,0.085283,0.343192
2.740000,0.591787,0.087361,0.399669,0.544522,0.082708,0.366483,0.598177,0.085265,0.342944
2.750000,0.591761,0.087660,0.399427,0.544385,0.082593,0.366403,0.597956,0.085220,0.342678
2.760000,0.591721,0.087965,0.399149,0.544233,0.082488,0.366344,0.597681,0.085158,0.342406
2.770000,0.591630,0.088272,0.398845,0.544061,0.082387,0.366282,0.597407,0.085100,0.342127
2.780000,0.591558,0.088615,0.398522,0.543891,0.082236,0.366215,0.597119,0.085083,0.341803
2.790000,0.591502,0.088959,0.398213,0.543673,0.082085,0.366130,0.596868,0.084949,0.341427
2.800000,0.591438,0.089290,0.397862,0.543500,0.081959,0.366069,0.596545,0.084876,0.341074
2.810000,0.591393,0.089633,0.397542,0.543305,0.081880,0.365991,0.596264,0.084809,0.340740
2.820000,0.591348,0.089976,0.397210,0.543136,0.081764,0.365900,0.595990,0.084734,0.340432
2.830000,0.591243,0.090289,0.396833,0.542982,0.081607,0.365818,0.595694,0.084662,0.340104
2.840000,0.591160,0.090589,0.396439,0.542826,0.081444,0.365745,0.595429,0.084495,0.339783
2.850000,0.591087,0.090923,0.396101,0.542633,0.081245,0.365649,0.595151,0.084337,0.339474
2.860000,0.591020,0.091213,0.395750,0.542455,0.081010,0.365584,0.594821,0.084100,0.339176
2.870000,0.590954,0.091449,0.395431,0.542284,0.080806,0.365520,0.594536,0.083911,0.338885
2.880000,0.590853,0.091688,0.395101,0.542115,0.080567,0.365446,0.594198,0.083644,0.338586
2.890000,0.590746,0.091868,0.394762,0.541938,0.080356,0.365377,0.593887,0.083459,0.338275
2.900000,0.590597,0.092086,0.394434,0.541759,0.080123,0.365308,0.593596,0.083207,0.338008
2.910000,0.590479,0.092275,0.394038,0.541573,0.079897,0.365245,0.593337,0.082956,0.337674
2.920000,0.590362,0.092448,0.393698,0.541392,0.079706,0.365171,0.593027,0.082757,0.337390
2.930000,0.590236,0.092738,0.393328,0.541197,0.079535,0.365096,0.592715,0.082567,0.337100
2.940000,0.590145,0.092950,0.392981,0.541015,0.079410,0.365015,0.592418,0.082447,0.336818
2.950000,0.590032,0.093200,0.392592,0.540825,0.079284,0.364938,0.592094,0.082335,0.336529
2.960000,0.589938,0.093544,0.392214,0.540632,0.079197,0.364874,0.591802,0.082240,0.336236
2.970000,0.589834,0.093863,0.391853,0.540452,0.079127,0.364813,0.591501,0.082183,0.335906
2.980000,0.589681,0.094219,0.391429,0.540286,0.079098,0.364731,0.591214,0.082135,0.335550
2.990000,0.589560,0.094731,0.390996,0.540121,0.079053,0.364644,0.590922,0.082082,0.335257
3.000000,0.589436,0.095134,0.390539,0.539962,0.079030,0.364545,0.590634,0.082076,0.334924
3.010000,0.589340,0.095546,0.390072,0.539816,0.079009,0.364438,0.590344,0.082071,0.334591
3.020000,0.589239,0.095995,0.389633,0.539674,0.078987,0.364344,0.590046,0.082034,0.334243
3.030000,0.589098,0.096496,0.389137,0.539520,0.078965,0.364254,0.589761,0.081996,0.333818
3.040000,0.588941,0.097044,0.388648,0.539367,0.078919,0.364146,0.589422,0.081972,0.333455
3.050000,0.588835,0.097464,0.388099,0.539213,0.078883,0.364041,0.589077,0.081969,0.333095
3.060000,0.588729,0.097944,0.387597,0.539051,0.078835,0.363934,0.588761,0.081886,0.332729
3.070000,0.588564,0.098365,0.387041,0.538887,0.078767,0.363838,0.588378,0.081863,0.332337
3.080000,0.588364,0.098941,0.386492,0.538668,0.078723,0.363761,0.587995,0.081819,0.331951
3.090000,0.588200,0.099366,0.385955,0.538488,0.078639,0.363685,0.587633,0.081682,0.331578
3.100000,0.588003,0.099792,0.385445,0.538282,0.078566,0.363626,0.587265,0.081541,0.331243
3.110000,0.587781,0.100199,0.384912,0.538088,0.078456,0.363589,0.586906,0.081393,0.330918
3.120000,0.587563,0.100600,0.384329,0.537898,0.078333,0.363552,0.586496,0.081237,0.330594
3.130000,0.587335,0.101067,0.383771,0.537712,0.078195,0.363528,0.586080,0.081096,0.330260
3.140000,0.587097,0.101440,0.383199,0.537529,0.078044,0.363498,0.585650,0.080899,0.329878
3.150000,0.586929,0.101746,0.382625,0.537329,0.077934,0.363488,0.585309,0.080616,0.329536
3.160000,0.586723,0.102041,0.382008,0.537148,0.077760,0.363454,0.584935,0.080309,0.329242
3.170000,0.586484,0.102499,0.381426,0.536943,0.077580,0.363443,0.584551,0.079989,0.328961
3.180000,0.586222,0.102777,0.380896,0.536741,0.077380,0.363451,0.584149,0.079725,0.328699
3.190000,0.585992,0.102994,0.380418,0.536534,0.077161,0.363495,0.583739,0.079323,0.328461
3.200000,0.585715,0.103238,0.379935,0.536308,0.077014,0.363563,0.583304,0.078975,0.328251
3.210000,0.585437,0.103367,0.379470,0.536099,0.076901,0.363667,0.582892,0.078624,0.328111
3.220000,0.585161,0.103499,0.379098,0.535998,0.076487,0.363926,0.582490,0.078249,0.327996
3.230000,0.584914,0.103689,0.378697,0.535801,0.076121,0.364089,0.582115,0.077790,0.327896
3.240000,0.584659,0.103698,0.378259,0.535636,0.075791,0.364233,0.581765,0.077298,0.327801
3.250000,0.584402,0.103773,0.377903,0.535471,0.075353,0.364408,0.581443,0.076811,0.327720
3.260000,0.584177,0.103750,0.377554,0.535298,0.074902,0.364587,0.581147,0.076330,0.327702
3.270000,0.583959,0.103723,0.377226,0.535152,0.074469,0.364761,0.580811,0.075950,0.327629
3.280000,0.583713,0.103700,0.376893,0.535013,0.074087,0.364952,0.580536,0.075491,0.327592
3.290000,0.583570,0.103407,0.376755,0.534860,0.073721,0.365125,0.580271,0.075012,0.327557
3.300000,0.583299,0.103350,0.376539,0.534753,0.073369,0.365308,0.580000,0.074559,0.327557
3.310000,0.583053,0.103373,0.376293,0.534664,0.073063,0.365502,0.579162,0.074807,0.327517
3.320000,0.582893,0.103288,0.376092,0.534616,0.072792,0.365675,0.578983,0.074395,0.327588
3.330000,0.582742,0.103203,0.375909,0.534627,0.072083,0.365987,0.579564,0.072828,0.327915
3.340000,0.582609,0.103114,0.375757,0.534562,0.071728,0.366167,0.579442,0.072445,0.327997
3.350000,0.582680,0.102783,0.375725,0.534537,0.071434,0.366321,0.579338,0.072073,0.328074
3.360000,0.582583,0.102716,0.375603,0.534490,0.071166,0.366439,0.578537,0.072804,0.327808
3.370000,0.582481,0.102680,0.375458,0.534509,0.070990,0.366593,0.579180,0.071466,0.328184
3.380000,0.582410,0.102637,0.375347,0.534554,0.070834,0.366732,0.578367,0.072161,0.327984
3.390000,0.582342,0.102617,0.375282,0.534582,0.070725,0.366886,0.578218,0.072042,0.328017
3.400000,0.582294,0.102608,0.375216,0.534627,0.070642,0.367026,0.578266,0.071689,0.328165
3.410000,0.582258,0.102610,0.375166,0.534676,0.070577,0.367182,0.578265,0.071459,0.328224
3.420000,0.582232,0.102630,0.375114,0.534771,0.070070,0.367529,0.577529,0.071955,0.328628
3.430000,0.582207,0.102661,0.375070,0.534809,0.069966,0.367678,0.577519,0.071799,0.328721
3.440000,0.582191,0.102669,0.375000,0.534854,0.069854,0.367795,0.577516,0.071681,0.328802
3.450000,0.582200,0.102636,0.374909,0.534900,0.069751,0.367897,0.577480,0.071526,0.328872
3.460000,0.582194,0.102634,0.374839,0.534932,0.069724,0.367982,0.577505,0.070961,0.328554
3.470000,0.582168,0.102664,0.374758,0.534965,0.069659,0.368049,0.576649,0.073089,0.329917
3.480000,0.582154,0.102689,0.374662,0.534997,0.069592,0.368130,0.576604,0.072971,0.329998
3.490000,0.582142,0.102728,0.374585,0.535028,0.069544,0.368203,0.576555,0.072924,0.330086
3.500000,0.582119,0.102762,0.374522,0.535032,0.069513,0.368279,0.579464,0.068005,0.329697
3.510000,0.582113,0.102752,0.374462,0.535043,0.069484,0.368357,0.579470,0.067896,0.329752
3.520000,0.582081,0.102770,0.374388,0.535067,0.069410,0.368424,0.579479,0.067787,0.329789
3.530000,0.582088,0.102774,0.374328,0.535083,0.069393,0.368477,0.579474,0.067637,0.329866
3.540000,0.582073,0.102794,0.374280,0.535095,0.069347,0.368516,0.579490,0.067539,0.329907
3.550000,0.582087,0.102782,0.374233,0.535108,0.069295,0.368566,0.579506,0.067443,0.329935
3.560000,0.582086,0.102769,0.374159,0.535150,0.069225,0.368575,0.579528,0.067354,0.329955
3.570000,0.582091,0.102749,0.374110,0.535160,0.069183,0.368592,0.579314,0.066552,0.329960
3.580000,0.582103,0.102714,0.374042,0.535218,0.069096,0.368590,0.579343,0.066421,0.329942
3.590000,0.582126,0.102675,0.373965,0.535254,0.069069,0.368568,0.579384,0.066319,0.329927
3.600000,0.582151,0.102616,0.373891,0.535294,0.069003,0.368518,0.579442,0.066216,0.329899
3.610000,0.582184,0.102565,0.373835,0.535337,0.068942,0.368475,0.579505,0.066132,0.329873
3.620000,0.582217,0.102485,0.373765,0.535360,0.068860,0.368407,0.579565,0.066008,0.329826
3.630000,0.582252,0.102416,0.373704,0.535385,0.068804,0.368354,0.579616,0.065959,0.329800
3.640000,0.582298,0.102354,0.373671,0.535426,0.068760,0.368302,0.579653,0.065887,0.329751
3.650000,0.582323,0.102309,0.373622,0.535439,0.068701,0.368243,0.579696,0.065876,0.329675
3.660000,0.582333,0.102256,0.373595,0.535446,0.068654,0.368186,0.579715,0.065840,0.329619
3.670000,0.582309,0.102175,0.373557,0.535433,0.068608,0.368112,0.579726,0.065777,0.329581
3.680000,0.582308,0.102110,0.373525,0.535418,0.068526,0.368064,0.579720,0.065719,0.329546
3.690000,0.582288,0.102045,0.373512,0.535402,0.068460,0.368024,0.579706,0.065636,0.329512
3.700000,0.582258,0.101937,0.373493,0.535364,0.068365,0.367986,0.579675,0.065567,0.329486
3.710000,0.582247,0.101828,0.373484,0.535326,0.068324,0.367960,0.579636,0.065420,0.329462
3.720000,0.582206,0.101701,0.373471,0.535285,0.068190,0.367921,0.579578,0.065243,0.329484
3.730000,0.582174,0.101556,0.373451,0.535231,0.068071,0.367896,0.579523,0.065085,0.329465
3.740000,0.582120,0.101419,0.373442,0.535149,0.067912,0.367882,0.579456,0.064934,0.329447
3.750000,0.582035,0.101262,0.373447,0.535080,0.067780,0.367887,0.579390,0.064792,0.329444
3.760000,0.581989,0.101108,0.373434,0.534998,0.067621,0.367915,0.579276,0.064619,0.329479
3.770000,0.581904,0.100990,0.373454,0.534935,0.067490,0.367942,0.579202,0.064420,0.329470
3.780000,0.581868,0.100847,0.373462,0.534854,0.067395,0.367961,0.579142,0.064285,0.329508
3.790000,0.581836,0.100697,0.373470,0.534834,0.067222,0.367999,0.579123,0.064102,0.329537
3.800000,0.581820,0.100544,0.373479,0.534813,0.067080,0.368011,0.579107,0.063916,0.329570
3.810000,0.581839,0.100339,0.373515,0.534790,0.066943,0.368017,0.579126,0.063786,0.329608
3.820000,0.581852,0.100221,0.373536,0.534792,0.066849,0.368038,0.579122,0.063611,0.329649
3.830000,0.581859,0.100106,0.373557,0.534793,0.066699,0.368063,0.579138,0.063478,0.329691
3.840000,0.581852,0.100010,0.373578,0.534797,0.066605,0.368089,0.579169,0.063351,0.329717
3.850000,0.581859,0.099896,0.373591,0.534779,0.066468,0.368115,0.579185,0.063243,0.329771
3.860000,0.581859,0.099837,0.373617,0.534782,0.066386,0.368123,0.579210,0.063163,0.329805
3.870000,0.581887,0.099732,0.373665,0.534775,0.066310,0.368137,0.579234,0.063079,0.329846
3.880000,0.581877,0.099679,0.373704,0.534788,0.066263,0.368163,0.579256,0.063048,0.329893
3.890000,0.581879,0.099640,0.373764,0.534785,0.066243,0.368218,0.579275,0.062974,0.329961
3.900000,0.581896,0.099619,0.373842,0.534786,0.066234,0.368270,0.579293,0.062964,0.330040
3.910000,0.581897,0.099623,0.373918,0.534787,0.066253,0.368334,0.579297,0.062966,0.330107
3.920000,0.581919,0.099632,0.374005,0.534792,0.066257,0.368413,0.579318,0.062996,0.330198
3.930000,0.581921,0.099655,0.374091,0.534802,0.066310,0.368486,0.579328,0.063025,0.330269
3.940000,0.581928,0.099680,0.374177,0.534811,0.066322,0.368562,0.579346,0.063079,0.330341
3.950000,0.581939,0.099718,0.374273,0.534817,0.066383,0.368630,0.579349,0.063127,0.330422
3.960000,0.581952,0.099838,0.374386,0.534844,0.066500,0.368720,0.579374,0.063253,0.330515
3.970000,0.581977,0.099897,0.374486,0.534871,0.066597,0.368807,0.579401,0.063360,0.330599
3.980000,0.582005,0.099981,0.374578,0.534910,0.066672,0.368885,0.579424,0.063473,0.330665
3.990000,0.582055,0.100087,0.374681,0.534985,0.066768,0.368972,0.579495,0.063597,0.330761
4.000000,0.582122,0.100178,0.374767,0.535052,0.066865,0.369043,0.579544,0.063753,0.330904
4.010000,0.582193,0.100271,0.374890,0.535112,0.066999,0.369096,0.579656,0.063928,0.330988
4.020000,0.582268,0.100364,0.374992,0.535201,0.067101,0.369144,0.579739,0.064003,0.331097
4.030000,0.582354,0.100427,0.375107,0.535259,0.067200,0.369199,0.579837,0.064124,0.331189
4.040000,0.582424,0.100517,0.375258,0.535338,0.067259,0.369247,0.579937,0.065349,0.328091
4.050000,0.582501,0.100623,0.375447,0.535399,0.067327,0.369283,0.580019,0.065494,0.328181
4.060000,0.582622,0.100593,0.375740,0.535460,0.067426,0.369369,0.577313,0.070544,0.331890
4.070000,0.582721,0.100681,0.375997,0.535540,0.067559,0.369450,0.577388,0.070695,0.332050
4.080000,0.582845,0.100672,0.376297,0.535608,0.067660,0.369537,0.577462,0.070839,0.332218
4.090000,0.582950,0.100675,0.376591,0.535675,0.067693,0.369646,0.580582,0.065041,0.331962
4.100000,0.583062,0.100682,0.376885,0.535732,0.067797,0.369738,0.580712,0.065182,0.332135
4.110000,0.583162,0.100657,0.377149,0.535772,0.067878,0.369793,0.580981,0.066436,0.329479
4.120000,0.583236,0.100636,0.377479,0.535822,0.067978,0.369852,0.581015,0.066636,0.329790
4.130000,0.583321,0.100563,0.377799,0.535849,0.068058,0.369906,0.578514,0.071060,0.333003
4.140000,0.583412,0.100481,0.378166,0.535891,0.068188,0.369974,0.578699,0.071150,0.333161
4.150000,0.583582,0.100364,0.378634,0.535940,0.068300,0.370067,0.578883,0.071258,0.333359
4.160000,0.583763,0.100185,0.379142,0.535999,0.068418,0.370158,0.581864,0.066602,0.333299
4.170000,0.583905,0.100040,0.379573,0.536081,0.068558,0.370243,0.582055,0.066718,0.333519
4.180000,0.584043,0.099879,0.379952,0.536138,0.068635,0.370281,0.582255,0.066777,0.333725
4.190000,0.584190,0.099684,0.380304,0.536182,0.068683,0.370280,0.582455,0.066851,0.333907
4.200000,0.584348,0.099468,0.380677,0.536212,0.068730,0.370253,0.582653,0.066841,0.334088
4.210000,0.584434,0.099268,0.381034,0.536184,0.069623,0.369881,0.582848,0.066852,0.334274
4.220000,0.584377,0.099271,0.381304,0.536191,0.069520,0.369926,0.583046,0.066886,0.334528
4.230000,0.584502,0.098964,0.381801,0.536220,0.069467,0.370046,0.583082,0.067310,0.334679
4.240000,0.584625,0.098692,0.382332,0.536257,0.069296,0.370163,0.583297,0.067429,0.335000
4.250000,0.584784,0.098430,0.382948,0.536305,0.069214,0.370334,0.583518,0.067551,0.335332
4.260000,0.584884,0.098395,0.383416,0.536356,0.069195,0.370512,0.583734,0.067607,0.335683
4.270000,0.585011,0.098167,0.384041,0.536439,0.069189,0.370697,0.583246,0.068974,0.335643
4.280000,0.585238,0.097728,0.384715,0.536539,0.069214,0.370866,0.584222,0.067548,0.336525
4.290000,0.585381,0.097359,0.385389,0.536660,0.069194,0.371088,0.584485,0.067684,0.336887
4.300000,0.585558,0.097142,0.386016,0.536771,0.069242,0.371261,0.584748,0.067828,0.337224
4.310000,0.585805,0.096782,0.386673,0.536893,0.069327,0.371386,0.585007,0.068031,0.337578
4.320000,0.585998,0.096581,0.387271,0.537029,0.069455,0.371464,0.585288,0.068182,0.337874
4.330000,0.586193,0.096443,0.387830,0.537193,0.069626,0.371538,0.585640,0.068352,0.338224
4.340000,0.586411,0.096301,0.388368,0.537398,0.069804,0.371595,0.585980,0.068666,0.338555
4.350000,0.586655,0.096097,0.388917,0.537606,0.070080,0.371667,0.586340,0.068909,0.338843
4.360000,0.586903,0.095943,0.389484,0.537800,0.070357,0.371732,0.586591,0.069830,0.338838
4.370000,0.587109,0.095878,0.390018,0.537984,0.070681,0.371780,0.586919,0.070122,0.339121
4.380000,0.587295,0.095760,0.390513,0.538138,0.070967,0.371823,0.587230,0.070499,0.339368
4.390000,0.587452,0.095627,0.390963,0.538295,0.071270,0.371803,0.587509,0.070878,0.339585
4.400000,0.587601,0.095503,0.391358,0.538439,0.071573,0.371741,0.587768,0.071223,0.339796
4.410000,0.587724,0.095332,0.391724,0.538559,0.071827,0.371638,0.588035,0.071545,0.339917
4.420000,0.587836,0.095276,0.392004,0.538591,0.072315,0.371381,0.588293,0.071921,0.340003
4.430000,0.587969,0.095122,0.392289,0.538682,0.072479,0.371248,0.588545,0.072276,0.340060
4.440000,0.588080,0.095064,0.392509,0.538779,0.072704,0.371094,0.588765,0.072636,0.340086
4.450000,0.588218,0.095011,0.392723,0.538880,0.072909,0.370942,0.589017,0.073008,0.340080
4.460000,0.588313,0.094964,0.392888,0.538984,0.073201,0.370791,0.589235,0.073447,0.340070
4.470000,0.588392,0.094929,0.393029,0.539092,0.073556,0.370605,0.589414,0.073911,0.340039
4.480000,0.588487,0.094919,0.393154,0.539155,0.073909,0.370419,0.589593,0.074379,0.339944
4.490000,0.588572,0.094920,0.393252,0.539251,0.074271,0.370222,0.589755,0.074798,0.339887
4.500000,0.588647,0.094931,0.393350,0.539353,0.074666,0.369967,0.589931,0.075247,0.339818
4.510000,0.588719,0.094993,0.393450,0.539451,0.075042,0.369735,0.590089,0.075638,0.339732
4.520000,0.588798,0.094988,0.393478,0.539542,0.075383,0.369476,0.590254,0.076051,0.339623
4.530000,0.588859,0.095011,0.393485,0.539624,0.075708,0.369188,0.590417,0.076479,0.339518
4.540000,0.588929,0.095074,0.393500,0.539692,0.076030,0.368921,0.590574,0.076914,0.339364
4.550000,0.588979,0.095129,0.393473,0.539783,0.076352,0.368606,0.590723,0.077350,0.339177
4.560000,0.589051,0.095192,0.393430,0.539871,0.076745,0.368309,0.590863,0.077805,0.339033
4.570000,0.589137,0.095311,0.393359,0.539993,0.077158,0.367999,0.591072,0.078243,0.338873
4.580000,0.589262,0.095366,0.393270,0.540152,0.077580,0.367721,0.591284,0.078718,0.338716
4.590000,0.589419,0.095488,0.393224,0.540322,0.077974,0.367452,0.591519,0.079208,0.338508
4.600000,0.589559,0.095604,0.393140,0.540463,0.078380,0.367186,0.591715,0.079650,0.338345
4.610000,0.589711,0.095749,0.393103,0.540603,0.078750,0.366930,0.591888,0.080083,0.338202
4.620000,0.589803,0.095869,0.393065,0.540742,0.079118,0.366682,0.592075,0.080560,0.338082
4.630000,0.589918,0.095949,0.393031,0.540843,0.079532,0.366439,0.592275,0.081085,0.337935
4.640000,0.589981,0.096064,0.393012,0.540951,0.079941,0.366188,0.592451,0.081596,0.337833
4.650000,0.590058,0.096154,0.392985,0.541058,0.080341,0.365943,0.592602,0.082028,0.337732
4.660000,0.590119,0.096228,0.392982,0.541167,0.080720,0.365704,0.592797,0.082381,0.337576
4.670000,0.590208,0.096275,0.392968,0.541280,0.081104,0.365492,0.592991,0.082814,0.337485
4.680000,0.590309,0.096316,0.392956,0.541427,0.081388,0.365245,0.593207,0.083193,0.337399
4.690000,0.590413,0.096319,0.392957,0.541545,0.081742,0.365030,0.593411,0.083639,0.337309
4.700000,0.590482,0.096343,0.393021,0.541671,0.082046,0.364806,0.593630,0.084057,0.337272
4.710000,0.590534,0.096311,0.393082,0.541773,0.082396,0.364614,0.593787,0.084402,0.337278
4.720000,0.590566,0.096255,0.393200,0.541858,0.082662,0.364483,0.593926,0.084708,0.337315
4.730000,0.590579,0.096194,0.393393,0.541911,0.082943,0.364407,0.594035,0.085075,0.337414
4.740000,0.590601,0.096077,0.393616,0.541953,0.083231,0.364375,0.594171,0.085428,0.337569
4.750000,0.590617,0.095937,0.393901,0.542038,0.083521,0.364384,0.594309,0.085821,0.337792
4.760000,0.590632,0.095748,0.394145,0.542126,0.083801,0.364380,0.594472,0.086119,0.337968
4.770000,0.590665,0.095561,0.394389,0.542235,0.084101,0.364378,0.594670,0.086381,0.338148
4.780000,0.590688,0.095337,0.394651,0.542377,0.084367,0.364363,0.594917,0.086637,0.338342
4.790000,0.590735,0.095084,0.394890,0.542512,0.084585,0.364336,0.595163,0.086790,0.338533
4.800000,0.590781,0.094798,0.395121,0.542642,0.084766,0.364298,0.595419,0.086989,0.338726
4.810000,0.590808,0.094405,0.395376,0.542745,0.084939,0.364267,0.595634,0.087068,0.338917
4.820000,0.590821,0.094077,0.395607,0.542841,0.085071,0.364250,0.595831,0.087129,0.339135
4.830000,0.590798,0.093681,0.395874,0.542913,0.085184,0.364259,0.595997,0.087170,0.339343
4.840000,0.590797,0.093284,0.396141,0.542975,0.085263,0.364277,0.596176,0.087129,0.339589
4.850000,0.590752,0.092905,0.396413,0.543031,0.085358,0.364322,0.596343,0.087161,0.339810
4.860000,0.590711,0.092540,0.396662,0.543074,0.085411,0.364349,0.596479,0.087186,0.340052
4.870000,0.590654,0.092146,0.396952,0.543115,0.085492,0.364406,0.596634,0.087254,0.340299
4.880000,0.590640,0.091747,0.397200,0.543143,0.085557,0.364446,0.596749,0.087296,0.340520
4.890000,0.590586,0.091353,0.397440,0.543172,0.085593,0.364483,0.596860,0.087329,0.340729
4.900000,0.590524,0.091012,0.397643,0.543210,0.085633,0.364504,0.596970,0.087369,0.340949
4.910000,0.590502,0.090642,0.397853,0.543258,0.085669,0.364523,0.597100,0.087407,0.341136
4.920000,0.590484,0.090319,0.398019,0.543346,0.085742,0.364542,0.597239,0.087430,0.341320
4.930000,0.590517,0.089935,0.398193,0.543436,0.085775,0.364562,0.597390,0.087464,0.341532
4.940000,0.590525,0.089549,0.398355,0.543549,0.085816,0.364580,0.597553,0.087449,0.341711
4.950000,0.590547,0.089126,0.398564,0.543647,0.085849,0.364610,0.597736,0.087372,0.341895
4.960000,0.590544,0.088658,0.398763,0.543738,0.085857,0.364639,0.597896,0.087284,0.342082
4.970000,0.590521,0.088232,0.398950,0.543807,0.085864,0.364675,0.598037,0.087222,0.342293
4.980000,0.590453,0.087844,0.399165,0.543867,0.085845,0.364729,0.598164,0.087163,0.342529
4.990000,0.590395,0.087392,0.399381,0.543909,0.085817,0.364779,0.598292,0.087090,0.342780
5.000000,0.590306,0.086979,0.399641,0.543969,0.085813,0.364879,0.598431,0.087066,0.343057
5.010000,0.590288,0.086558,0.399898,0.544048,0.085832,0.364967,0.598596,0.087030,0.343339
5.020000,0.590283,0.086096,0.400136,0.544164,0.085822,0.365038,0.598789,0.086968,0.343625
5.030000,0.590305,0.085672,0.400360,0.544297,0.085837,0.365104,0.599006,0.086974,0.343887
5.040000,0.590354,0.085218,0.400550,0.544487,0.085866,0.365157,0.599212,0.086967,0.344120
5.050000,0.590403,0.084828,0.400714,0.544692,0.085909,0.365202,0.599455,0.086892,0.344363
5.060000,0.590454,0.084431,0.400888,0.544888,0.085948,0.365224,0.599686,0.086845,0.344621
5.070000,0.590463,0.084061,0.401072,0.545062,0.086013,0.365269,0.599909,0.086817,0.344846
5.080000,0.590485,0.083679,0.401251,0.545217,0.086107,0.365322,0.600108,0.086827,0.345079
5.090000,0.590499,0.083351,0.401444,0.545348,0.086184,0.365365,0.600300,0.086885,0.345325
5.100000,0.590492,0.083102,0.401627,0.545485,0.086278,0.365406,0.600494,0.086957,0.345571
5.110000,0.590521,0.082841,0.401818,0.545620,0.086436,0.365482,0.600658,0.087138,0.345836
5.120000,0.590564,0.082677,0.401996,0.545809,0.086555,0.365504,0.600862,0.087318,0.346042
5.130000,0.590620,0.082547,0.402185,0.545971,0.086710,0.365543,0.601101,0.087513,0.346263
5.140000,0.590682,0.082421,0.402318,0.546141,0.086923,0.365577,0.601327,0.087711,0.346453
5.150000,0.590749,0.082307,0.402449,0.546321,0.087108,0.365607,0.601557,0.087923,0.346642
5.160000,0.590828,0.082185,0.402549,0.546501,0.087307,0.365631,0.601781,0.088140,0.346839
5.170000,0.590897,0.082049,0.402652,0.546677,0.087488,0.365655,0.601990,0.088328,0.347027
5.180000,0.590983,0.081919,0.402765,0.546878,0.087738,0.365701,0.602218,0.088589,0.347204
5.190000,0.591045,0.081816,0.402882,0.547107,0.087935,0.365745,0.602682,0.088526,0.347245
5.200000,0.591147,0.081650,0.403002,0.547281,0.088133,0.365789,0.602917,0.088670,0.347427
5.210000,0.591210,0.081564,0.403141,0.547494,0.088365,0.365869,0.603150,0.088825,0.347621
5.220000,0.591282,0.081441,0.403274,0.547703,0.088586,0.365918,0.603402,0.089005,0.347816
5.230000,0.591348,0.081358,0.403396,0.547895,0.088809,0.365999,0.603699,0.089144,0.348042
5.240000,0.591386,0.081292,0.403561,0.548073,0.089008,0.366068,0.603933,0.089300,0.348237
5.250000,0.591430,0.081211,0.403692,0.548225,0.089186,0.366148,0.604144,0.089473,0.348460
5.260000,0.591477,0.081122,0.403817,0.548386,0.089360,0.366218,0.604333,0.089616,0.348684
5.270000,0.591526,0.080978,0.403957,0.548522,0.089498,0.366292,0.604510,0.089733,0.348873
5.280000,0.591562,0.080917,0.404047,0.548676,0.089674,0.366369,0.604685,0.089856,0.349034
5.290000,0.591611,0.080830,0.404146,0.548788,0.089825,0.366432,0.604839,0.089978,0.349194
5.300000,0.591643,0.080763,0.404247,0.548914,0.089935,0.366477,0.604981,0.090123,0.349334
5.310000,0.591689,0.080722,0.404344,0.549014,0.090052,0.366517,0.605092,0.090274,0.349492
5.320000,0.591729,0.080674,0.404406,0.549099,0.090184,0.366573,0.605193,0.090352,0.349592
5.330000,0.591748,0.080618,0.404484,0.549168,0.090247,0.366598,0.605278,0.090422,0.349686
5.340000,0.591761,0.080562,0.404501,0.549216,0.090296,0.366619,0.605338,0.090465,0.349753
5.350000,0.591788,0.080525,0.404553,0.549266,0.090337,0.366630,0.605385,0.090503,0.349784
5.360000,0.591811,0.080498,0.404530,0.549307,0.090360,0.366619,0.605431,0.090531,0.349789
5.370000,0.591830,0.080502,0.404494,0.549341,0.090374,0.366576,0.605471,0.090558,0.349776
5.380000,0.591848,0.080513,0.404450,0.549373,0.090392,0.366535,0.605501,0.090553,0.349736
5.390000,0.591866,0.080487,0.404410,0.549391,0.090390,0.366491,0.605529,0.090542,0.349707
5.400000,0.591873,0.080466,0.404376,0.549388,0.090373,0.366464,0.605515,0.090520,0.349666
5.410000,0.591855,0.080451,0.404341,0.549378,0.090308,0.366428,0.605505,0.090488,0.349645
5.420000,0.591847,0.080354,0.404308,0.549349,0.090224,0.366417,0.605470,0.090436,0.349630
5.430000,0.591823,0.080296,0.404294,0.549327,0.090103,0.366389,0.605437,0.090356,0.349605
5.440000,0.591814,0.080234,0.404278,0.549284,0.090000,0.366394,0.605407,0.090268,0.349578
5.450000,0.591790,0.080156,0.404256,0.549247,0.089905,0.366400,0.605371,0.090152,0.349555
5.460000,0.591763,0.080059,0.404264,0.549213,0.089805,0.366394,0.605329,0.090064,0.349539
5.470000,0.591748,0.079972,0.404260,0.549174,0.089672,0.366418,0.605310,0.089904,0.349486
5.480000,0.591691,0.079890,0.404252,0.549122,0.089547,0.366421,0.605252,0.089780,0.349496
5.490000,0.591669,0.079785,0.404269,0.549081,0.089423,0.366453,0.605194,0.089639,0.349486
5.500000,0.591663,0.079676,0.404285,0.549029,0.089292,0.366468,0.605143,0.089500,0.349480
5.510000,0.591628,0.079574,0.404293,0.548974,0.089102,0.366469,0.605094,0.089350,0.349482
5.520000,0.591607,0.079424,0.404307,0.548940,0.088980,0.366477,0.605060,0.089133,0.349468
5.530000,0.591568,0.079274,0.404328,0.548894,0.088849,0.366489,0.605005,0.088992,0.349479
5.540000,0.591519,0.079096,0.404306,0.548859,0.088712,0.366497,0.604968,0.088829,0.349482
5.550000,0.591473,0.078992,0.404316,0.548814,0.088594,0.366509,0.604923,0.088715,0.349483
5.560000,0.591440,0.078858,0.404324,0.548770,0.088470,0.366513,0.604889,0.088569,0.349503
5.570000,0.591380,0.078771,0.404321,0.548737,0.088386,0.366516,0.604851,0.088443,0.349492
5.580000,0.591349,0.078674,0.404320,0.548699,0.088288,0.366502,0.604818,0.088360,0.349488
5.590000,0.591323,0.078598,0.404292,0.548663,0.088206,0.366483,0.604801,0.088257,0.349459
5.600000,0.591290,0.078544,0.404272,0.548648,0.088147,0.366452,0.604776,0.088171,0.349429
5.610000,0.591267,0.078496,0.404237,0.548627,0.088111,0.366419,0.604750,0.088118,0.349395
5.620000,0.591238,0.078475,0.404211,0.548608,0.088069,0.366387,0.604718,0.088073,0.349352
5.630000,0.591191,0.078452,0.404157,0.548569,0.088026,0.366361,0.604693,0.088016,0.349325
5.640000,0.591154,0.078456,0.404140,0.548527,0.087999,0.366342,0.604636,0.088017,0.349294
5.650000,0.591115,0.078433,0.404114,0.548483,0.087960,0.366326,0.604595,0.087991,0.349265
5.660000,0.591089,0.078450,0.404099,0.548443,0.087947,0.366303,0.604540,0.088005,0.349242
5.670000,0.591058,0.078464,0.404070,0.548416,0.087947,0.366289,0.604492,0.088001,0.349196
5.680000,0.591052,0.078467,0.404041,0.548379,0.087945,0.366275,0.604471,0.088023,0.349161
5.690000,0.591051,0.078496,0.404009,0.548351,0.087934,0.366248,0.604443,0.087998,0.349120
5.700000,0.591037,0.078522,0.403973,0.548344,0.087948,0.366209,0.604426,0.088010,0.349064
5.710000,0.591039,0.078556,0.403937,0.548327,0.087959,0.366185,0.604411,0.088003,0.349013
5.720000,0.591041,0.078561,0.403896,0.548307,0.087967,0.366158,0.604381,0.088047,0.348977
5.730000,0.591028,0.078573,0.403850,0.548283,0.087966,0.366123,0.604352,0.088044,0.348930
5.740000,0.591015,0.078597,0.403817,0.548263,0.087947,0.366086,0.604323,0.088043,0.348890
5.750000,0.591019,0.078563,0.403746,0.548234,0.087938,0.366048,0.604290,0.088044,0.348832
5.760000,0.590996,0.078558,0.403701,0.548211,0.087922,0.366011,0.604259,0.088029,0.348796
5.770000,0.590982,0.078579,0.403647,0.548189,0.087900,0.365968,0.604238,0.088004,0.348738
5.780000,0.590956,0.078522,0.403584,0.548168,0.087884,0.365929,0.604220,0.087976,0.348684
5.790000,0.590941,0.078499,0.403547,0.548138,0.087853,0.365881,0.604195,0.087939,0.348634
5.800000,0.590920,0.078478,0.403491,0.548111,0.087822,0.365836,0.604164,0.087912,0.348585
5.810000,0.590907,0.078459,0.403458,0.548078,0.087765,0.365785,0.604130,0.087882,0.348528
5.820000,0.590888,0.078447,0.403417,0.548047,0.087738,0.365737,0.604099,0.087833,0.348468
5.830000,0.590865,0.078431,0.403380,0.548027,0.087706,0.365701,0.604073,0.087808,0.348413
5.840000,0.590859,0.078405,0.403337,0.548004,0.087678,0.365664,0.604053,0.087775,0.348364
5.850000,0.590830,0.078390,0.403304,0.547974,0.087659,0.365625,0.604001,0.087758,0.348345
5.860000,0.590815,0.078351,0.403268,0.547958,0.087610,0.365592,0.603976,0.087716,0.348301
5.870000,0.590799,0.078305,0.403235,0.547926,0.087545,0.365562,0.603948,0.087671,0.348263
5.880000,0.590768,0.078279,0.403191,0.547888,0.087507,0.365528,0.603874,0.087556,0.348196
5.890000,0.590744,0.078251,0.403156,0.547870,0.087470,0.365499,0.603838,0.087509,0.348150
5.900000,0.590735,0.078213,0.403111,0.547849,0.087405,0.365461,0.603809,0.087446,0.348101
5.910000,0.590726,0.078171,0.403061,0.547802,0.087349,0.365428,0.603780,0.087386,0.348045
5.920000,0.590731,0.078108,0.402984,0.547778,0.087290,0.365392,0.603748,0.087329,0.347990
5.930000,0.590706,0.078088,0.402935,0.547745,0.087204,0.365317,0.603706,0.087288,0.347930
5.940000,0.590703,0.078067,0.402852,0.547709,0.087152,0.365284,0.603652,0.087237,0.347859
5.950000,0.590687,0.078069,0.402783,0.547673,0.087101,0.365240,0.603582,0.087222,0.347761
5.960000,0.590655,0.078086,0.402715,0.547621,0.087042,0.365188,0.603522,0.087163,0.347664
5.970000,0.590638,0.078092,0.402623,0.547556,0.087009,0.365144,0.603459,0.087113,0.347562
5.980000,0.590622,0.078103,0.402553,0.547511,0.086966,0.365097,0.603383,0.087084,0.347465
5.990000,0.590601,0.078131,0.402473,0.547435,0.086927,0.365052,0.603275,0.087049,0.347378
6.000000,0.590563,0.078182,0.402407,0.547353,0.086822,0.365000,0.603215,0.087008,0.347289
6.010000,0.590539,0.078176,0.402342,0.547266,0.086763,0.364963,0.603108,0.087002,0.347213
6.020000,0.590496,0.078210,0.402292,0.547182,0.086698,0.364942,0.602993,0.087009,0.347154
6.030000,0.590455,0.078212,0.402248,0.547113,0.086657,0.364922,0.602911,0.086988,0.347089
6.040000,0.590438,0.078243,0.402195,0.547018,0.086658,0.364921,0.602824,0.086968,0.347013
6.050000,0.590398,0.078280,0.402122,0.546955,0.086630,0.364900,0.602758,0.086952,0.346957
6.060000,0.590414,0.078300,0.402068,0.546917,0.086603,0.364874,0.602689,0.086911,0.346865
6.070000,0.590415,0.078326,0.402014,0.546873,0.086582,0.364839,0.602656,0.086907,0.346790
6.080000,0.590430,0.078356,0.401942,0.546843,0.086576,0.364815,0.602330,0.087197,0.346878
6.090000,0.590420,0.078363,0.401891,0.546818,0.086535,0.364766,0.602289,0.087182,0.346821
6.100000,0.590401,0.078379,0.401847,0.546776,0.086515,0.364731,0.602249,0.087153,0.346746
6.110000,0.590378,0.078365,0.401799,0.546739,0.086465,0.364682,0.602200,0.087121,0.346683
6.120000,0.590347,0.078371,0.401750,0.546699,0.086411,0.364633,0.602154,0.087072,0.346611
6.130000,0.590334,0.078363,0.401707,0.546670,0.086379,0.364607,0.602112,0.087034,0.346548
6.140000,0.590301,0.078368,0.401647,0.546650,0.086316,0.364549,0.602088,0.086994,0.346490
6.150000,0.590293,0.078354,0.401595,0.546651,0.086277,0.364483,0.602063,0.086954,0.346437
6.160000,0.590285,0.078316,0.401527,0.546633,0.086247,0.364441,0.602047,0.086950,0.346387
6.170000,0.590296,0.078323,0.401476,0.546619,0.086246,0.364408,0.602022,0.086932,0.346332
6.180000,0.590285,0.078334,0.401444,0.546607,0.086256,0.364376,0.602028,0.086892,0.346248
6.190000,0.590267,0.078359,0.401423,0.546590,0.086236,0.364363,0.602002,0.086885,0.346222
6.200000,0.590255,0.078347,0.401415,0.546569,0.086235,0.364353,0.601983,0.086893,0.346217
6.210000,0.590232,0.078332,0.401422,0.546546,0.086197,0.364370,0.601952,0.086901,0.346225
6.220000,0.590216,0.078310,0.401424,0.546504,0.086229,0.364404,0.601938,0.086887,0.346225
6.230000,0.590196,0.078320,0.401451,0.546492,0.086213,0.364431,0.601922,0.086901,0.346247
6.240000,0.590200,0.078274,0.401454,0.546480,0.086208,0.364446,0.601894,0.086919,0.346305
6.250000,0.590181,0.078287,0.401504,0.546482,0.086198,0.364466,0.601898,0.086918,0.346324
6.260000,0.590186,0.078231,0.401496,0.546485,0.086210,0.364495,0.601900,0.086918,0.346346
6.270000,0.590174,0.078248,0.401546,0.546492,0.086206,0.364507,0.601907,0.086904,0.346375
6.280000,0.590171,0.078208,0.401573,0.546491,0.086199,0.364537,0.601912,0.086893,0.346408
6.290000,0.590158,0.078186,0.401617,0.546488,0.086192,0.364564,0.601916,0.086879,0.346461
6.300000,0.590131,0.078147,0.401654,0.546491,0.086162,0.364585,0.601915,0.086816,0.346504
6.310000,0.590124,0.078112,0.401702,0.546486,0.086150,0.364609,0.601921,0.086765,0.346543
6.320000,0.590132,0.078050,0.401735,0.546491,0.086127,0.364634,0.601926,0.086741,0.346583
6.330000,0.590122,0.078057,0.401758,0.546483,0.086104,0.364660,0.601936,0.086700,0.346622
6.340000,0.590113,0.077982,0.401804,0.546501,0.086073,0.364667,0.601951,0.086677,0.346651
6.350000,0.590127,0.077994,0.401860,0.546495,0.086059,0.364711,0.601953,0.086643,0.346682
6.360000,0.590136,0.077937,0.401873,0.546512,0.086014,0.364741,0.601970,0.086609,0.346717
6.370000,0.590141,0.077954,0.401926,0.546512,0.085988,0.364771,0.601966,0.086584,0.346745
6.380000,0.590136,0.077945,0.401956,0.546516,0.085962,0.364803,0.601978,0.086560,0.346780
6.390000,0.590137,0.077949,0.401997,0.546508,0.085934,0.364830,0.601965,0.086543,0.346809
6.400000,0.590133,0.077934,0.402031,0.546508,0.085886,0.364868,0.601958,0.086525,0.346850
6.410000,0.590126,0.077937,0.402064,0.546489,0.085866,0.364910,0.601951,0.086517,0.346885
6.420000,0.590120,0.077945,0.402097,0.546482,0.085835,0.364948,0.601946,0.086469,0.346938
6.430000,0.590134,0.077943,0.402134,0.546492,0.085823,0.364986,0.601944,0.086447,0.346958
6.440000,0.590151,0.077938,0.402155,0.546496,0.085803,0.365011,0.601962,0.086436,0.346985
6.450000,0.590171,0.077958,0.402193,0.546518,0.085802,0.365028,0.601981,0.086418,0.346997
6.460000,0.590189,0.077944,0.402204,0.546530,0.085790,0.365052,0.601988,0.086400,0.347029
6.470000,0.590210,0.077949,0.402235,0.546549,0.085775,0.365078,0.602013,0.086378,0.347046
6.480000,0.590214,0.077947,0.402256,0.546561,0.085768,0.365104,0.602028,0.086373,0.347080
6.490000,0.590226,0.077947,0.402289,0.546590,0.085746,0.365127,0.602013,0.086360,0.347119
6.500000,0.590233,0.077957,0.402318,0.546569,0.085758,0.365152,0.602021,0.086374,0.347158
6.510000,0.590222,0.077979,0.402336,0.546607,0.085776,0.365184,0.602022,0.086369,0.347171
6.520000,0.590240,0.077954,0.402363,0.546598,0.085809,0.365223,0.602040,0.086385,0.347196
6.530000,0.590236,0.077964,0.402373,0.546621,0.085786,0.365207,0.602048,0.086377,0.347215
6.540000,0.590244,0.077967,0.402404,0.546621,0.085812,0.365243,0.602055,0.086376,0.347244
6.550000,0.590242,0.077952,0.402428,0.546625,0.085806,0.365264,0.602065,0.086375,0.347263
6.560000,0.590256,0.077931,0.402436,0.546638,0.085811,0.365291,0.602080,0.086384,0.347304
6.570000,0.590248,0.077951,0.402495,0.546647,0.085812,0.365313,0.602358,0.086058,0.347167
6.580000,0.590253,0.077965,0.402528,0.546651,0.085814,0.365336,0.602369,0.086079,0.347212
6.590000,0.590259,0.078003,0.402562,0.546669,0.085846,0.365383,0.602390,0.086125,0.347239
6.600000,0.590272,0.078032,0.402587,0.546686,0.085878,0.365407,0.602402,0.086162,0.347283
6.610000,0.590299,0.078059,0.402613,0.546710,0.085903,0.365431,0.602428,0.086213,0.347336
6.620000,0.590336,0.078097,0.402649,0.546750,0.085941,0.365465,0.602462,0.086279,0.347357
6.630000,0.590373,0.078127,0.402681,0.546781,0.085969,0.365486,0.602504,0.086310,0.347410
6.640000,0.590409,0.078180,0.402718,0.546831,0.085987,0.365517,0.602538,0.086341,0.347445
6.650000,0.590452,0.078211,0.402743,0.546877,0.086004,0.365546,0.602589,0.086419,0.347471
6.660000,0.590488,0.078262,0.402773,0.546923,0.086032,0.365564,0.602640,0.086447,0.347511
6.670000,0.590518,0.078290,0.402791,0.546964,0.086049,0.365567,0.602679,0.086471,0.347532
6.680000,0.590537,0.078329,0.402818,0.547000,0.086079,0.365579,0.602711,0.086505,0.347572
6.690000,0.590549,0.078395,0.402882,0.547045,0.086084,0.365599,0.602759,0.086501,0.347593
6.700000,0.590607,0.078443,0.402947,0.547083,0.086088,0.365622,0.602815,0.086502,0.347609
