gyrox1,gyroy1,gyroz1,accelx1,accely1,accelz1,Time
0.030534351145038167,1.3129770992366412,-0.7022900763358778,-0.4482421875,-0.01171875,-0.266357421875,0.0
-0.12213740458015267,1.2366412213740459,-0.732824427480916,-0.44580078125,-0.01513671875,-0.2607421875,0.0017
0.22900763358778625,1.3435114503816794,-0.7175572519083969,-0.448486328125,-0.015625,-0.271728515625,0.0034
0.32061068702290074,1.3282442748091603,-0.7022900763358778,-0.443603515625,-0.015869140625,-0.269775390625,0.0050999999999999995
0.24427480916030533,1.297709923664122,-0.7480916030534351,-0.4521484375,-0.017333984375,-0.273193359375,0.0068
0.10687022900763359,1.3435114503816794,-0.7786259541984732,-0.44775390625,-0.012939453125,-0.260986328125,0.008499999999999999
0.030534351145038167,1.3282442748091603,-0.7022900763358778,-0.447509765625,-0.017333984375,-0.263916015625,0.010199999999999999
0.0916030534351145,1.3435114503816794,-0.9312977099236641,-0.44189453125,-0.0146484375,-0.263671875,0.011899999999999999
0.22900763358778625,1.3893129770992367,-0.6717557251908397,-0.439208984375,-0.017822265625,-0.265380859375,0.0136
0.22900763358778625,1.5572519083969465,-0.6412213740458015,-0.4423828125,-0.015380859375,-0.271240234375,0.0153
0.3053435114503817,1.5877862595419847,-0.48854961832061067,-0.447021484375,-0.015380859375,-0.270751953125,0.016999999999999998
0.183206106870229,1.5877862595419847,-0.732824427480916,-0.443115234375,-0.015625,-0.273193359375,0.018699999999999998
0.030534351145038167,1.786259541984733,-0.5343511450381679,-0.447998046875,-0.012451171875,-0.26708984375,0.020399999999999998
0.2748091603053435,1.8931297709923665,-0.549618320610687,-0.446533203125,-0.015869140625,-0.2685546875,0.022099999999999998
0.22900763358778625,1.7557251908396947,-0.7175572519083969,-0.441162109375,-0.015380859375,-0.272216796875,0.023799999999999998
0.2595419847328244,1.6030534351145038,-0.732824427480916,-0.441650390625,-0.011474609375,-0.26953125,0.0255
-0.061068702290076333,1.8625954198473282,-0.6412213740458015,-0.444091796875,-0.0146484375,-0.270751953125,0.0272
0.07633587786259542,1.9694656488549618,-0.6870229007633588,-0.446533203125,-0.012939453125,-0.26806640625,0.0289
0.12213740458015267,1.9083969465648856,-0.6717557251908397,-0.447998046875,-0.01513671875,-0.267822265625,0.0306
0.2595419847328244,1.9541984732824427,-0.5648854961832062,-0.445556640625,-0.010986328125,-0.2763671875,0.032299999999999995
0.13740458015267176,2.122137404580153,-0.5648854961832062,-0.44189453125,-0.015869140625,-0.259521484375,0.033999999999999996
0.030534351145038167,2.0916030534351147,-0.6106870229007634,-0.44287109375,-0.017822265625,-0.270751953125,0.035699999999999996
-0.22900763358778625,2.122137404580153,-0.7022900763358778,-0.44580078125,-0.015625,-0.26611328125,0.037399999999999996
0.1984732824427481,2.015267175572519,-0.7938931297709924,-0.443359375,-0.01806640625,-0.263427734375,0.039099999999999996
0.13740458015267176,2.2442748091603053,-0.8244274809160306,-0.442138671875,-0.019775390625,-0.265380859375,0.040799999999999996
0.183206106870229,2.2290076335877864,-0.9923664122137404,-0.44580078125,-0.0146484375,-0.271728515625,0.042499999999999996
0.32061068702290074,2.0763358778625953,-0.9312977099236641,-0.445556640625,-0.018310546875,-0.265380859375,0.044199999999999996
0.183206106870229,2.213740458015267,-1.1450381679389312,-0.44189453125,-0.01025390625,-0.26513671875,0.045899999999999996
0.21374045801526717,2.1068702290076335,-1.1450381679389312,-0.44189453125,-0.0087890625,-0.267822265625,0.047599999999999996
0.32061068702290074,1.9083969465648856,-1.3893129770992367,-0.439453125,-0.01123046875,-0.27099609375,0.0493
0.3053435114503817,1.984732824427481,-1.282442748091603,-0.441162109375,-0.0126953125,-0.273681640625,0.051
0.5648854961832062,1.8778625954198473,-1.816793893129771,-0.439453125,-0.00830078125,-0.265625,0.0527
0.42748091603053434,1.7404580152671756,-1.6488549618320612,-0.43603515625,-0.008544921875,-0.27001953125,0.0544
0.3969465648854962,1.6946564885496183,-1.7251908396946565,-0.435791015625,-0.016845703125,-0.26708984375,0.0561
0.4122137404580153,1.7099236641221374,-1.7099236641221374,-0.43896484375,-0.012451171875,-0.26953125,0.0578
0.8091603053435115,1.8473282442748091,-2.2595419847328246,-0.440185546875,-0.01171875,-0.267578125,0.0595
0.7480916030534351,1.6641221374045803,-2.2595419847328246,-0.4423828125,-0.011962890625,-0.261962890625,0.0612
0.5190839694656488,1.4961832061068703,-2.2595419847328246,-0.442138671875,-0.009765625,-0.27392578125,0.0629
0.6870229007633588,1.5419847328244274,-2.4732824427480917,-0.445068359375,-0.016357421875,-0.271728515625,0.06459999999999999
1.0229007633587786,1.4809160305343512,-2.4885496183206106,-0.443115234375,-0.00927734375,-0.2744140625,0.0663
0.6717557251908397,1.8015267175572518,-2.381679389312977,-0.44482421875,-0.01025390625,-0.26953125,0.06799999999999999
0.7022900763358778,1.633587786259542,-2.4122137404580153,-0.447265625,-0.016845703125,-0.2666015625,0.0697
0.8091603053435115,1.4351145038167938,-2.4732824427480917,-0.441650390625,-0.01171875,-0.26220703125,0.07139999999999999
0.8549618320610687,1.5114503816793894,-2.6106870229007635,-0.442626953125,-0.01171875,-0.27294921875,0.0731
1.0381679389312977,1.5877862595419847,-2.5343511450381677,-0.44287109375,-0.0107421875,-0.273681640625,0.07479999999999999
0.9465648854961832,1.4961832061068703,-2.4885496183206106,-0.447265625,-0.01416015625,-0.27490234375,0.0765
0.9465648854961832,1.465648854961832,-2.3969465648854964,-0.44482421875,-0.014404296875,-0.277099609375,0.07819999999999999
0.9312977099236641,1.633587786259542,-2.3969465648854964,-0.44189453125,-0.011474609375,-0.26416015625,0.0799
1.083969465648855,1.816793893129771,-2.351145038167939,-0.443603515625,-0.014892578125,-0.266845703125,0.08159999999999999
1.1603053435114503,1.6030534351145038,-2.50381679389313,-0.443603515625,-0.0146484375,-0.271484375,0.0833
1.2366412213740459,1.816793893129771,-2.427480916030534,-0.444580078125,-0.01220703125,-0.264404296875,0.08499999999999999
1.083969465648855,1.7404580152671756,-2.4122137404580153,-0.441162109375,-0.013671875,-0.26220703125,0.0867
1.099236641221374,1.6946564885496183,-2.519083969465649,-0.440185546875,-0.01611328125,-0.26416015625,0.08839999999999999
1.0076335877862594,1.5572519083969465,-2.564885496183206,-0.436767578125,-0.0166015625,-0.2724609375,0.0901
1.3587786259541985,1.4961832061068703,-2.2442748091603053,-0.43798828125,-0.014892578125,-0.272216796875,0.09179999999999999
1.3893129770992367,1.5267175572519085,-2.2900763358778624,-0.434326171875,-0.011474609375,-0.26708984375,0.0935
1.3893129770992367,1.5419847328244274,-2.4732824427480917,-0.440185546875,-0.011962890625,-0.26416015625,0.09519999999999999
1.2671755725190839,1.450381679389313,-2.3053435114503817,-0.440185546875,-0.017333984375,-0.264892578125,0.0969
1.3893129770992367,1.4351145038167938,-2.0763358778625953,-0.443115234375,-0.01611328125,-0.2705078125,0.0986
1.297709923664122,1.3587786259541985,-2.213740458015267,-0.44189453125,-0.014404296875,-0.272705078125,0.1003
1.3587786259541985,1.2213740458015268,-2.16793893129771,-0.44140625,-0.010009765625,-0.269775390625,0.102
1.4045801526717556,1.2213740458015268,-2.2290076335877864,-0.44482421875,-0.009521484375,-0.27099609375,0.1037
1.5419847328244274,1.1145038167938932,-2.0610687022900764,-0.444580078125,-0.016357421875,-0.2626953125,0.1054
1.5419847328244274,1.2213740458015268,-2.030534351145038,-0.44287109375,-0.0146484375,-0.265625,0.1071
1.1908396946564885,1.297709923664122,-1.9083969465648856,-0.44384765625,-0.01513671875,-0.266845703125,0.1088
1.2671755725190839,1.2366412213740459,-1.9389312977099236,-0.441650390625,-0.01611328125,-0.271484375,0.11049999999999999
1.3740458015267176,1.2366412213740459,-1.8473282442748091,-0.443603515625,-0.012451171875,-0.2734375,0.1122
1.618320610687023,0.9770992366412213,-1.8015267175572518,-0.44482421875,-0.01806640625,-0.271728515625,0.11389999999999999
1.3740458015267176,1.1145038167938932,-1.6488549618320612,-0.4423828125,-0.01611328125,-0.27099609375,0.1156
1.6030534351145038,1.099236641221374,-1.6946564885496183,-0.447509765625,-0.0146484375,-0.271240234375,0.11729999999999999
1.6488549618320612,0.9770992366412213,-1.618320610687023,-0.44580078125,-0.014892578125,-0.2744140625,0.119
1.5725190839694656,1.0534351145038168,-1.7557251908396947,-0.440673828125,-0.011962890625,-0.265625,0.12069999999999999
1.5725190839694656,0.8854961832061069,-1.4351145038167938,-0.43994140625,-0.01806640625,-0.269775390625,0.1224
1.5114503816793894,0.7786259541984732,-1.6030534351145038,-0.446533203125,-0.01953125,-0.272216796875,0.12409999999999999
1.7557251908396947,1.0076335877862594,-1.6030534351145038,-0.4453125,-0.016357421875,-0.269775390625,0.1258
1.7251908396946565,1.1145038167938932,-1.3893129770992367,-0.4404296875,-0.01904296875,-0.26708984375,0.1275
1.6641221374045803,0.8396946564885496,-1.1755725190839694,-0.440673828125,-0.017333984375,-0.263671875,0.12919999999999998
1.618320610687023,0.916030534351145,-1.2213740458015268,-0.437255859375,-0.016357421875,-0.265869140625,0.1309
1.4961832061068703,0.8549618320610687,-1.282442748091603,-0.443359375,-0.01611328125,-0.26904296875,0.1326
1.5877862595419847,0.7938931297709924,-1.282442748091603,-0.4404296875,-0.016845703125,-0.267578125,0.1343
1.6030534351145038,0.7633587786259542,-1.1297709923664123,-0.441162109375,-0.01953125,-0.271240234375,0.13599999999999998
1.618320610687023,0.8091603053435115,-1.1450381679389312,-0.444580078125,-0.017822265625,-0.267578125,0.1377
1.7557251908396947,0.8396946564885496,-1.2671755725190839,-0.43798828125,-0.014892578125,-0.26123046875,0.1394
1.8015267175572518,0.9465648854961832,-1.282442748091603,-0.43994140625,-0.016357421875,-0.26904296875,0.1411
1.5725190839694656,0.7938931297709924,-1.1908396946564885,-0.44140625,-0.013671875,-0.272705078125,0.14279999999999998
1.6946564885496183,0.7022900763358778,-1.1908396946564885,-0.43994140625,-0.01806640625,-0.26318359375,0.1445
1.6946564885496183,0.9923664122137404,-1.0534351145038168,-0.442626953125,-0.016845703125,-0.27001953125,0.1462
1.4809160305343512,1.0534351145038168,-1.1755725190839694,-0.44091796875,-0.016357421875,-0.270751953125,0.1479
1.4045801526717556,0.9312977099236641,-1.099236641221374,-0.448486328125,-0.020263671875,-0.275390625,0.14959999999999998
1.7557251908396947,1.0076335877862594,-1.0076335877862594,-0.44384765625,-0.020751953125,-0.274658203125,0.1513
1.7099236641221374,0.9923664122137404,-1.083969465648855,-0.447021484375,-0.019287109375,-0.273681640625,0.153
1.4198473282442747,1.0534351145038168,-1.0381679389312977,-0.4443359375,-0.017333984375,-0.26953125,0.1547
1.5114503816793894,1.0229007633587786,-1.0534351145038168,-0.435791015625,-0.015380859375,-0.2705078125,0.15639999999999998
1.4351145038167938,1.0534351145038168,-1.1450381679389312,-0.440185546875,-0.01611328125,-0.267578125,0.1581
1.5267175572519085,1.099236641221374,-1.2061068702290076,-0.442138671875,-0.016845703125,-0.267822265625,0.1598
1.4809160305343512,1.0076335877862594,-1.0381679389312977,-0.4462890625,-0.019775390625,-0.27197265625,0.1615
1.465648854961832,1.099236641221374,-1.1908396946564885,-0.446044921875,-0.018798828125,-0.265380859375,0.16319999999999998
1.450381679389313,1.251908396946565,-0.9618320610687023,-0.443603515625,-0.019775390625,-0.270751953125,0.1649
1.297709923664122,1.2366412213740459,-1.1297709923664123,-0.445556640625,-0.020751953125,-0.270751953125,0.1666
1.3129770992366412,1.282442748091603,-1.2213740458015268,-0.4443359375,-0.01806640625,-0.26806640625,0.16829999999999998
1.251908396946565,1.3129770992366412,-1.1603053435114503,-0.443603515625,-0.011962890625,-0.266845703125,0.16999999999999998
1.465648854961832,1.4045801526717556,-0.9618320610687023,-0.4462890625,-0.014892578125,-0.262451171875,0.1717
1.1603053435114503,1.3435114503816794,-1.1908396946564885,-0.4423828125,-0.01171875,-0.273681640625,0.1734
1.1450381679389312,1.4809160305343512,-1.251908396946565,-0.439453125,-0.010986328125,-0.2705078125,0.17509999999999998
1.1755725190839694,1.4809160305343512,-1.099236641221374,-0.444091796875,-0.015869140625,-0.277587890625,0.17679999999999998
1.1603053435114503,1.5267175572519085,-1.1450381679389312,-0.44580078125,-0.016357421875,-0.268310546875,0.1785
1.1908396946564885,1.633587786259542,-1.099236641221374,-0.44287109375,-0.021240234375,-0.270263671875,0.1802
1.0687022900763359,1.6946564885496183,-1.2061068702290076,-0.4443359375,-0.018310546875,-0.26904296875,0.18189999999999998
0.8854961832061069,1.5572519083969465,-1.099236641221374,-0.44140625,-0.017578125,-0.27197265625,0.18359999999999999
0.9007633587786259,1.6030534351145038,-1.1755725190839694,-0.441162109375,-0.018798828125,-0.275390625,0.1853
0.9312977099236641,1.7404580152671756,-1.1603053435114503,-0.444091796875,-0.01318359375,-0.274169921875,0.187
1.0381679389312977,1.816793893129771,-1.0381679389312977,-0.444580078125,-0.017333984375,-0.275146484375,0.18869999999999998
0.8091603053435115,1.7404580152671756,-1.1908396946564885,-0.4443359375,-0.0166015625,-0.283935546875,0.19039999999999999
0.7938931297709924,1.83206106870229,-1.2061068702290076,-0.442138671875,-0.017333984375,-0.273681640625,0.1921
0.8549618320610687,1.9083969465648856,-1.3740458015267176,-0.44189453125,-0.021728515625,-0.27490234375,0.1938
0.6717557251908397,1.633587786259542,-1.2061068702290076,-0.43994140625,-0.01904296875,-0.2705078125,0.19549999999999998
0.7938931297709924,1.8778625954198473,-1.3129770992366412,-0.446044921875,-0.02001953125,-0.277099609375,0.1972
0.6412213740458015,1.83206106870229,-1.1908396946564885,-0.442138671875,-0.01708984375,-0.2724609375,0.1989
0.549618320610687,1.7251908396946565,-1.3435114503816794,-0.44482421875,-0.02099609375,-0.2734375,0.2006
0.7786259541984732,1.9541984732824427,-1.1603053435114503,-0.443603515625,-0.017822265625,-0.27001953125,0.20229999999999998
0.5954198473282443,2.0763358778625953,-1.297709923664122,-0.442626953125,-0.014404296875,-0.272705078125,0.204
0.5801526717557252,1.9694656488549618,-1.4351145038167938,-0.442138671875,-0.014892578125,-0.269775390625,0.2057
0.4580152671755725,2.1068702290076335,-1.5267175572519085,-0.443359375,-0.02001953125,-0.265380859375,0.2074
0.3511450381679389,2.0,-1.6488549618320612,-0.447265625,-0.01513671875,-0.270263671875,0.20909999999999998
0.4732824427480916,2.0763358778625953,-1.618320610687023,-0.442626953125,-0.015869140625,-0.269287109375,0.2108
0.5190839694656488,2.0,-1.618320610687023,-0.44580078125,-0.014892578125,-0.275390625,0.2125
0.42748091603053434,2.1374045801526718,-1.8015267175572518,-0.44189453125,-0.015380859375,-0.280029296875,0.2142
0.4580152671755725,2.183206106870229,-1.6641221374045803,-0.441162109375,-0.01806640625,-0.2734375,0.21589999999999998
0.4732824427480916,2.045801526717557,-1.8778625954198473,-0.4423828125,-0.01708984375,-0.270751953125,0.2176
0.4122137404580153,2.122137404580153,-1.786259541984733,-0.43896484375,-0.014404296875,-0.27001953125,0.2193
0.3969465648854962,2.198473282442748,-1.8625954198473282,-0.440673828125,-0.01611328125,-0.269775390625,0.22099999999999997
0.3816793893129771,2.198473282442748,-1.8778625954198473,-0.436767578125,-0.015869140625,-0.273193359375,0.22269999999999998
0.4580152671755725,2.122137404580153,-2.0763358778625953,-0.4365234375,-0.01416015625,-0.26806640625,0.2244
0.3816793893129771,2.0610687022900764,-2.0,-0.438232421875,-0.01904296875,-0.273193359375,0.2261
0.4580152671755725,2.0,-2.0,-0.445556640625,-0.015380859375,-0.265869140625,0.22779999999999997
0.24427480916030533,2.16793893129771,-1.9541984732824427,-0.446533203125,-0.011474609375,-0.270263671875,0.22949999999999998
0.6564885496183206,1.8931297709923665,-2.0,-0.4443359375,-0.0087890625,-0.265869140625,0.2312
0.4122137404580153,1.8625954198473282,-1.984732824427481,-0.44189453125,-0.012451171875,-0.276123046875,0.2329
0.48854961832061067,2.0,-1.984732824427481,-0.440673828125,-0.017333984375,-0.27587890625,0.23459999999999998
0.6564885496183206,2.0763358778625953,-1.984732824427481,-0.445556640625,-0.0205078125,-0.283203125,0.23629999999999998
0.22900763358778625,2.122137404580153,-1.9694656488549618,-0.44677734375,-0.01806640625,-0.27294921875,0.238
0.44274809160305345,2.0610687022900764,-1.9541984732824427,-0.44384765625,-0.01318359375,-0.26806640625,0.2397
0.4580152671755725,2.16793893129771,-1.8473282442748091,-0.444580078125,-0.0185546875,-0.2744140625,0.24139999999999998
0.366412213740458,2.2290076335877864,-1.7404580152671756,-0.444580078125,-0.015869140625,-0.266357421875,0.24309999999999998
0.22900763358778625,2.0916030534351147,-2.015267175572519,-0.439697265625,-0.01123046875,-0.27197265625,0.2448
0.44274809160305345,2.0916030534351147,-1.7099236641221374,-0.439453125,-0.015625,-0.27001953125,0.2465
0.3053435114503817,2.2900763358778624,-1.816793893129771,-0.4462890625,-0.01708984375,-0.27587890625,0.24819999999999998
0.6717557251908397,2.1374045801526718,-1.8473282442748091,-0.443359375,-0.011474609375,-0.268310546875,0.24989999999999998
0.6564885496183206,2.015267175572519,-1.9083969465648856,-0.43603515625,-0.017822265625,-0.267333984375,0.2516
0.8854961832061069,2.0763358778625953,-1.7404580152671756,-0.43896484375,-0.0166015625,-0.27099609375,0.25329999999999997
0.9007633587786259,1.984732824427481,-2.0610687022900764,-0.44287109375,-0.01708984375,-0.271484375,0.255
0.5801526717557252,2.030534351145038,-1.7709923664122138,-0.4443359375,-0.011474609375,-0.27734375,0.2567
0.6870229007633588,1.8473282442748091,-1.984732824427481,-0.441162109375,-0.012939453125,-0.2744140625,0.25839999999999996
0.7480916030534351,2.045801526717557,-1.984732824427481,-0.44091796875,-0.014404296875,-0.279296875,0.2601
0.9465648854961832,2.3053435114503817,-2.0610687022900764,-0.442138671875,-0.01123046875,-0.274169921875,0.2618
0.9618320610687023,2.0763358778625953,-2.0763358778625953,-0.43994140625,-0.007568359375,-0.276123046875,0.2635
1.0076335877862594,1.984732824427481,-2.0,-0.443603515625,-0.0068359375,-0.267333984375,0.2652
1.0229007633587786,1.9694656488549618,-2.015267175572519,-0.44091796875,-0.005615234375,-0.273681640625,0.26689999999999997
1.3282442748091603,2.0763358778625953,-2.198473282442748,-0.443603515625,-0.0146484375,-0.271728515625,0.2686
1.3282442748091603,2.183206106870229,-2.2595419847328246,-0.443359375,-0.013427734375,-0.272216796875,0.2703
1.5572519083969465,2.030534351145038,-2.2900763358778624,-0.443603515625,-0.01513671875,-0.272216796875,0.27199999999999996
1.5419847328244274,1.9541984732824427,-2.2748091603053435,-0.439453125,-0.011962890625,-0.27490234375,0.2737
1.6488549618320612,1.816793893129771,-2.366412213740458,-0.436767578125,-0.013671875,-0.271728515625,0.2754
1.83206106870229,1.83206106870229,-2.16793893129771,-0.438232421875,-0.014404296875,-0.262451171875,0.27709999999999996
1.786259541984733,1.786259541984733,-2.2900763358778624,-0.44287109375,-0.008544921875,-0.271240234375,0.2788
1.8473282442748091,1.8625954198473282,-2.3053435114503817,-0.437255859375,-0.010498046875,-0.274658203125,0.28049999999999997
1.8473282442748091,1.5572519083969465,-2.2595419847328246,-0.43701171875,-0.012451171875,-0.26806640625,0.2822
1.9083969465648856,1.5419847328244274,-2.2595419847328246,-0.439697265625,-0.013671875,-0.266845703125,0.2839
1.9694656488549618,1.633587786259542,-2.4580152671755724,-0.44189453125,-0.014404296875,-0.27001953125,0.28559999999999997
2.1374045801526718,1.633587786259542,-2.2900763358778624,-0.4404296875,-0.0126953125,-0.273193359375,0.2873
2.1068702290076335,1.5572519083969465,-2.33587786259542,-0.4443359375,-0.01416015625,-0.26220703125,0.289
2.2442748091603053,1.7251908396946565,-2.2595419847328246,-0.443115234375,-0.011962890625,-0.275390625,0.29069999999999996
2.5801526717557253,1.816793893129771,-2.3969465648854964,-0.4443359375,-0.0078125,-0.28369140625,0.2924
2.5343511450381677,2.015267175572519,-2.3969465648854964,-0.4443359375,-0.012939453125,-0.273681640625,0.2941
2.6106870229007635,1.7251908396946565,-2.366412213740458,-0.446044921875,-0.016845703125,-0.26611328125,0.2958
2.7480916030534353,1.4961832061068703,-2.1374045801526718,-0.441650390625,-0.0107421875,-0.2685546875,0.2975
2.8091603053435112,1.6793893129770991,-2.16793893129771,-0.444091796875,-0.013916015625,-0.26611328125,0.29919999999999997
2.5343511450381677,1.633587786259542,-2.2595419847328246,-0.44189453125,-0.007568359375,-0.27197265625,0.3009
2.9923664122137406,1.618320610687023,-2.3206106870229006,-0.435302734375,-0.012451171875,-0.27587890625,0.3026
2.9618320610687023,1.5572519083969465,-2.2290076335877864,-0.435302734375,-0.014892578125,-0.27294921875,0.30429999999999996
2.9923664122137406,1.3435114503816794,-2.366412213740458,-0.44189453125,-0.01416015625,-0.269775390625,0.306
3.0381679389312977,1.5267175572519085,-2.351145038167939,-0.435302734375,-0.009765625,-0.277587890625,0.3077
3.3435114503816794,1.3740458015267176,-2.3053435114503817,-0.435546875,-0.012451171875,-0.271484375,0.3094
3.2213740458015265,1.4961832061068703,-2.4885496183206106,-0.43798828125,-0.013671875,-0.267333984375,0.3111
3.2061068702290076,1.465648854961832,-2.16793893129771,-0.44287109375,-0.00927734375,-0.271728515625,0.31279999999999997
3.282442748091603,1.465648854961832,-2.0916030534351147,-0.44140625,-0.018798828125,-0.260986328125,0.3145
3.3435114503816794,1.5267175572519085,-2.183206106870229,-0.441162109375,-0.010986328125,-0.27001953125,0.3162
3.7251908396946565,1.5114503816793894,-2.0916030534351147,-0.442626953125,-0.012451171875,-0.2802734375,0.31789999999999996
3.5419847328244276,1.3435114503816794,-2.2595419847328246,-0.443359375,-0.02294921875,-0.269775390625,0.3196
3.4198473282442747,1.4198473282442747,-2.2442748091603053,-0.44287109375,-0.019775390625,-0.2705078125,0.3213
3.7099236641221376,1.4961832061068703,-2.1374045801526718,-0.440673828125,-0.01318359375,-0.265869140625,0.323
3.7404580152671754,1.3282442748091603,-2.2748091603053435,-0.43798828125,-0.014892578125,-0.262451171875,0.3247
3.5419847328244276,1.3893129770992367,-2.1374045801526718,-0.43896484375,-0.01513671875,-0.26513671875,0.32639999999999997
3.7099236641221376,1.3129770992366412,-1.9541984732824427,-0.43994140625,-0.0205078125,-0.26806640625,0.3281
3.7709923664122136,1.2213740458015268,-2.1068702290076335,-0.43896484375,-0.013427734375,-0.27197265625,0.3298
3.7557251908396947,1.297709923664122,-2.1374045801526718,-0.440673828125,-0.0166015625,-0.27392578125,0.33149999999999996
3.9083969465648853,1.0381679389312977,-2.16793893129771,-0.4443359375,-0.01611328125,-0.26806640625,0.3332
3.9236641221374047,1.2366412213740459,-2.1068702290076335,-0.440185546875,-0.015380859375,-0.287353515625,0.3349
3.9236641221374047,1.0381679389312977,-2.0,-0.446533203125,-0.016845703125,-0.269287109375,0.33659999999999995
3.877862595419847,1.0687022900763359,-2.2900763358778624,-0.440185546875,-0.009765625,-0.2724609375,0.3383
3.801526717557252,1.1297709923664123,-2.1068702290076335,-0.440185546875,-0.015380859375,-0.269287109375,0.33999999999999997
4.076335877862595,1.083969465648855,-1.9389312977099236,-0.43994140625,-0.0185546875,-0.265869140625,0.3417
3.816793893129771,1.0076335877862594,-2.0,-0.438720703125,-0.019775390625,-0.271728515625,0.3434
3.816793893129771,0.9007633587786259,-1.9389312977099236,-0.443359375,-0.015380859375,-0.271728515625,0.34509999999999996
3.786259541984733,1.0229007633587786,-1.9389312977099236,-0.44287109375,-0.02197265625,-0.26611328125,0.3468
4.030534351145038,0.9923664122137404,-2.0,-0.446044921875,-0.01953125,-0.272705078125,0.3485
3.816793893129771,0.8396946564885496,-2.030534351145038,-0.4423828125,-0.019287109375,-0.2724609375,0.35019999999999996
3.9236641221374047,1.1145038167938932,-1.9083969465648856,-0.440673828125,-0.01904296875,-0.27099609375,0.3519
3.984732824427481,0.9312977099236641,-2.0763358778625953,-0.444091796875,-0.021484375,-0.274169921875,0.35359999999999997
3.954198473282443,0.9312977099236641,-2.1068702290076335,-0.441650390625,-0.018310546875,-0.273681640625,0.3553
3.7251908396946565,0.8702290076335878,-1.9694656488549618,-0.44287109375,-0.0224609375,-0.272216796875,0.357
3.9083969465648853,0.8549618320610687,-2.198473282442748,-0.4384765625,-0.0166015625,-0.27880859375,0.35869999999999996
3.8625954198473282,0.7938931297709924,-2.045801526717557,-0.444580078125,-0.019287109375,-0.27197265625,0.3604
3.7099236641221376,0.9007633587786259,-2.183206106870229,-0.4375,-0.0234375,-0.273681640625,0.3621
3.6793893129770994,0.7786259541984732,-2.0610687022900764,-0.443359375,-0.019287109375,-0.27294921875,0.36379999999999996
3.8931297709923665,0.6870229007633588,-2.0610687022900764,-0.441162109375,-0.02099609375,-0.269775390625,0.3655
3.8625954198473282,0.8396946564885496,-2.2290076335877864,-0.44189453125,-0.0205078125,-0.27197265625,0.36719999999999997
3.5877862595419847,0.9312977099236641,-2.198473282442748,-0.436279296875,-0.02001953125,-0.27783203125,0.3689
3.618320610687023,0.5954198473282443,-2.0763358778625953,-0.44140625,-0.02197265625,-0.268310546875,0.3706
3.5419847328244276,0.7786259541984732,-2.122137404580153,-0.445556640625,-0.017578125,-0.2734375,0.37229999999999996
3.49618320610687,0.7938931297709924,-2.0916030534351147,-0.447265625,-0.01806640625,-0.267333984375,0.374
3.49618320610687,0.7480916030534351,-1.9389312977099236,-0.442626953125,-0.025634765625,-0.27197265625,0.3757
3.49618320610687,0.7633587786259542,-2.045801526717557,-0.4404296875,-0.019287109375,-0.273193359375,0.37739999999999996
3.2519083969465647,0.5648854961832062,-2.1068702290076335,-0.445556640625,-0.0205078125,-0.274169921875,0.3791
3.2213740458015265,0.6870229007633588,-1.9694656488549618,-0.4462890625,-0.0244140625,-0.275390625,0.38079999999999997
3.1603053435114505,0.8091603053435115,-2.0763358778625953,-0.4462890625,-0.01806640625,-0.270751953125,0.38249999999999995
3.236641221374046,0.8549618320610687,-2.0763358778625953,-0.443115234375,-0.0224609375,-0.27001953125,0.3842
3.0229007633587788,0.549618320610687,-2.198473282442748,-0.442138671875,-0.02197265625,-0.271484375,0.38589999999999997
3.0229007633587788,0.6564885496183206,-1.8625954198473282,-0.4443359375,-0.020751953125,-0.27001953125,0.3876
3.0076335877862594,0.7022900763358778,-2.183206106870229,-0.443359375,-0.017822265625,-0.265380859375,0.3893
2.931297709923664,0.5648854961832062,-2.1526717557251906,-0.442138671875,-0.024658203125,-0.2685546875,0.39099999999999996
2.900763358778626,0.7938931297709924,-2.1374045801526718,-0.439208984375,-0.021728515625,-0.265869140625,0.3927
2.7786259541984735,0.6717557251908397,-2.1068702290076335,-0.441650390625,-0.01953125,-0.26904296875,0.3944
2.885496183206107,0.6412213740458015,-2.183206106870229,-0.449462890625,-0.022705078125,-0.274658203125,0.39609999999999995
2.7022900763358777,0.6564885496183206,-2.0916030534351147,-0.4423828125,-0.021728515625,-0.2646484375,0.3978
2.595419847328244,0.7633587786259542,-2.183206106870229,-0.447265625,-0.02685546875,-0.271240234375,0.39949999999999997
2.50381679389313,0.9007633587786259,-2.2290076335877864,-0.439697265625,-0.02001953125,-0.26416015625,0.4012
2.4427480916030535,0.7175572519083969,-2.4580152671755724,-0.444091796875,-0.016357421875,-0.27587890625,0.4029
2.427480916030534,0.5801526717557252,-2.351145038167939,-0.440185546875,-0.0185546875,-0.26513671875,0.40459999999999996
2.2748091603053435,0.7938931297709924,-2.3969465648854964,-0.438720703125,-0.0234375,-0.26513671875,0.4063
2.381679389312977,0.8244274809160306,-2.198473282442748,-0.447998046875,-0.029541015625,-0.267578125,0.408
2.198473282442748,0.6106870229007634,-2.4580152671755724,-0.44189453125,-0.022705078125,-0.272705078125,0.40969999999999995
2.1068702290076335,0.7786259541984732,-2.2595419847328246,-0.44482421875,-0.025634765625,-0.271240234375,0.4114
2.1374045801526718,0.7175572519083969,-2.1374045801526718,-0.444580078125,-0.01806640625,-0.27001953125,0.41309999999999997
2.0,0.7786259541984732,-2.366412213740458,-0.44091796875,-0.021240234375,-0.270263671875,0.4148
1.9236641221374047,0.7480916030534351,-2.2900763358778624,-0.43994140625,-0.020263671875,-0.266357421875,0.4165
1.9694656488549618,0.6717557251908397,-2.213740458015267,-0.4404296875,-0.016357421875,-0.27294921875,0.41819999999999996
1.7709923664122138,0.7175572519083969,-2.5343511450381677,-0.44580078125,-0.026611328125,-0.274169921875,0.4199
1.7709923664122138,0.7938931297709924,-2.381679389312977,-0.44873046875,-0.02197265625,-0.265625,0.4216
1.8473282442748091,0.7480916030534351,-2.3206106870229006,-0.441650390625,-0.028076171875,-0.2646484375,0.42329999999999995
1.6946564885496183,0.5801526717557252,-2.4427480916030535,-0.4443359375,-0.01953125,-0.26904296875,0.425
1.83206106870229,0.5954198473282443,-2.50381679389313,-0.445068359375,-0.0224609375,-0.2763671875,0.42669999999999997
1.5725190839694656,0.6564885496183206,-2.045801526717557,-0.44580078125,-0.019775390625,-0.27490234375,0.4284
1.5725190839694656,0.6564885496183206,-2.4427480916030535,-0.44580078125,-0.020263671875,-0.27587890625,0.4301
1.5572519083969465,0.7022900763358778,-2.3969465648854964,-0.4443359375,-0.01904296875,-0.2705078125,0.43179999999999996
1.633587786259542,0.8549618320610687,-2.381679389312977,-0.439697265625,-0.019287109375,-0.268798828125,0.4335
1.3129770992366412,0.7022900763358778,-2.4122137404580153,-0.44580078125,-0.02294921875,-0.2734375,0.4352
1.5725190839694656,0.9312977099236641,-2.4732824427480917,-0.440185546875,-0.024169921875,-0.26904296875,0.43689999999999996
1.5572519083969465,0.9618320610687023,-2.2442748091603053,-0.44482421875,-0.023681640625,-0.270751953125,0.4386
1.282442748091603,0.9007633587786259,-2.366412213740458,-0.4453125,-0.01806640625,-0.266357421875,0.44029999999999997
1.3282442748091603,0.9312977099236641,-2.2595419847328246,-0.44287109375,-0.022216796875,-0.2734375,0.44199999999999995
1.3282442748091603,0.9923664122137404,-2.381679389312977,-0.444580078125,-0.01611328125,-0.266357421875,0.4437
1.4351145038167938,0.9312977099236641,-2.2290076335877864,-0.442626953125,-0.01953125,-0.2734375,0.44539999999999996
1.3282442748091603,1.083969465648855,-2.595419847328244,-0.446533203125,-0.014404296875,-0.2724609375,0.4471
1.5572519083969465,0.916030534351145,-2.366412213740458,-0.4453125,-0.02197265625,-0.275146484375,0.4488
1.3129770992366412,0.9312977099236641,-2.33587786259542,-0.445556640625,-0.017822265625,-0.26904296875,0.45049999999999996
1.4351145038167938,0.9312977099236641,-2.427480916030534,-0.446044921875,-0.023681640625,-0.269287109375,0.4522
1.3740458015267176,1.0076335877862594,-2.351145038167939,-0.44140625,-0.015625,-0.267822265625,0.45389999999999997
1.4045801526717556,1.0076335877862594,-2.4580152671755724,-0.4462890625,-0.020263671875,-0.27490234375,0.45559999999999995
1.4961832061068703,0.9465648854961832,-2.427480916030534,-0.44384765625,-0.02392578125,-0.27099609375,0.4573
1.4198473282442747,0.9618320610687023,-2.1526717557251906,-0.4482421875,-0.0234375,-0.273193359375,0.45899999999999996
1.3587786259541985,0.9007633587786259,-2.33587786259542,-0.442138671875,-0.02197265625,-0.27490234375,0.4607
1.3587786259541985,0.9312977099236641,-2.381679389312977,-0.4462890625,-0.02099609375,-0.2666015625,0.4624
1.633587786259542,0.9465648854961832,-2.1526717557251906,-0.44287109375,-0.018310546875,-0.265380859375,0.46409999999999996
1.3435114503816794,0.7786259541984732,-2.3206106870229006,-0.447998046875,-0.02197265625,-0.275390625,0.4658
1.297709923664122,0.8702290076335878,-2.351145038167939,-0.445556640625,-0.020751953125,-0.2646484375,0.46749999999999997
1.4351145038167938,1.1450381679389312,-2.0,-0.4404296875,-0.023193359375,-0.276611328125,0.46919999999999995
1.6793893129770991,0.9465648854961832,-2.213740458015267,-0.445068359375,-0.026611328125,-0.275390625,0.4709
1.5419847328244274,0.9312977099236641,-2.122137404580153,-0.441162109375,-0.023193359375,-0.275390625,0.47259999999999996
1.5114503816793894,0.9923664122137404,-2.1374045801526718,-0.442626953125,-0.02294921875,-0.267333984375,0.4743
1.618320610687023,0.9007633587786259,-2.1374045801526718,-0.439453125,-0.017822265625,-0.2646484375,0.476
1.5572519083969465,0.916030534351145,-2.0610687022900764,-0.440673828125,-0.021240234375,-0.26953125,0.47769999999999996
1.5267175572519085,0.8244274809160306,-1.8778625954198473,-0.44384765625,-0.017822265625,-0.265869140625,0.4794
1.6946564885496183,1.083969465648855,-1.9541984732824427,-0.445556640625,-0.02294921875,-0.2685546875,0.48109999999999997
1.8015267175572518,1.0229007633587786,-2.045801526717557,-0.444091796875,-0.019775390625,-0.269775390625,0.48279999999999995
1.6030534351145038,0.9770992366412213,-1.83206106870229,-0.4423828125,-0.017333984375,-0.273681640625,0.4845
1.4961832061068703,0.8702290076335878,-1.8778625954198473,-0.44091796875,-0.020751953125,-0.265869140625,0.48619999999999997
1.618320610687023,0.9007633587786259,-2.0610687022900764,-0.447265625,-0.0244140625,-0.265625,0.4879
1.8931297709923665,0.8854961832061069,-1.9694656488549618,-0.443603515625,-0.014892578125,-0.271728515625,0.4896
1.786259541984733,0.7786259541984732,-1.8931297709923665,-0.44384765625,-0.02099609375,-0.2744140625,0.49129999999999996
1.7251908396946565,0.9923664122137404,-1.6793893129770991,-0.44384765625,-0.018310546875,-0.271240234375,0.493
1.816793893129771,0.8549618320610687,-1.6793893129770991,-0.44091796875,-0.016357421875,-0.272216796875,0.4947
1.984732824427481,0.9465648854961832,-1.5572519083969465,-0.44482421875,-0.01953125,-0.27099609375,0.49639999999999995
1.8015267175572518,0.9007633587786259,-1.5572519083969465,-0.441162109375,-0.02001953125,-0.26806640625,0.4981
1.816793893129771,0.9770992366412213,-1.6030534351145038,-0.4423828125,-0.016845703125,-0.265869140625,0.49979999999999997
1.984732824427481,0.8549618320610687,-1.5267175572519085,-0.441650390625,-0.017333984375,-0.27197265625,0.5015
2.045801526717557,0.8854961832061069,-1.465648854961832,-0.447509765625,-0.01953125,-0.273193359375,0.5032
1.9389312977099236,0.9007633587786259,-1.5877862595419847,-0.44287109375,-0.0205078125,-0.2783203125,0.5049
2.0763358778625953,0.8396946564885496,-1.7251908396946565,-0.442138671875,-0.02294921875,-0.266357421875,0.5065999999999999
1.9694656488549618,0.7786259541984732,-1.6641221374045803,-0.44580078125,-0.0224609375,-0.271484375,0.5083
2.1068702290076335,1.0381679389312977,-1.5267175572519085,-0.44677734375,-0.017578125,-0.2646484375,0.51
2.045801526717557,1.0229007633587786,-1.4045801526717556,-0.4443359375,-0.0224609375,-0.2578125,0.5116999999999999
2.1374045801526718,0.732824427480916,-1.3587786259541985,-0.439697265625,-0.01611328125,-0.26708984375,0.5134
2.122137404580153,0.9465648854961832,-1.4351145038167938,-0.442138671875,-0.016357421875,-0.2666015625,0.5151
2.122137404580153,0.9312977099236641,-1.4198473282442747,-0.441162109375,-0.023193359375,-0.260009765625,0.5167999999999999
2.198473282442748,0.9618320610687023,-1.3893129770992367,-0.443359375,-0.0244140625,-0.280029296875,0.5185
2.16793893129771,1.083969465648855,-1.4351145038167938,-0.4375,-0.01904296875,-0.2744140625,0.5202
2.2442748091603053,1.099236641221374,-1.251908396946565,-0.441162109375,-0.021728515625,-0.2705078125,0.5218999999999999
2.213740458015267,1.2061068702290076,-1.4045801526717556,-0.43701171875,-0.018310546875,-0.273681640625,0.5236
2.381679389312977,0.9312977099236641,-1.465648854961832,-0.44775390625,-0.0234375,-0.275634765625,0.5253
2.2290076335877864,0.9770992366412213,-1.282442748091603,-0.44189453125,-0.015869140625,-0.27294921875,0.527
2.2748091603053435,0.9007633587786259,-1.282442748091603,-0.445556640625,-0.0185546875,-0.26416015625,0.5287
2.3053435114503817,1.1603053435114503,-1.3740458015267176,-0.445068359375,-0.018310546875,-0.265380859375,0.5304
2.2442748091603053,1.0381679389312977,-1.1755725190839694,-0.44677734375,-0.018798828125,-0.27294921875,0.5321
2.0610687022900764,1.0076335877862594,-1.5267175572519085,-0.443115234375,-0.013427734375,-0.273193359375,0.5337999999999999
2.0,1.0534351145038168,-1.2061068702290076,-0.4423828125,-0.017822265625,-0.275634765625,0.5355
2.16793893129771,1.099236641221374,-1.282442748091603,-0.440673828125,-0.01806640625,-0.267822265625,0.5372
2.2748091603053435,1.1450381679389312,-1.282442748091603,-0.444580078125,-0.019775390625,-0.266357421875,0.5388999999999999
2.2748091603053435,1.099236641221374,-1.083969465648855,-0.4384765625,-0.016357421875,-0.267333984375,0.5406
2.213740458015267,1.083969465648855,-1.1755725190839694,-0.44140625,-0.017578125,-0.274169921875,0.5423
2.1526717557251906,1.2366412213740459,-1.3740458015267176,-0.43994140625,-0.020751953125,-0.27001953125,0.5439999999999999
1.9694656488549618,1.0229007633587786,-1.297709923664122,-0.44482421875,-0.0224609375,-0.272216796875,0.5457
2.16793893129771,1.1145038167938932,-1.251908396946565,-0.446044921875,-0.022705078125,-0.267578125,0.5474
2.1526717557251906,1.3893129770992367,-1.3893129770992367,-0.443603515625,-0.018798828125,-0.269287109375,0.5490999999999999
2.0916030534351147,1.1908396946564885,-1.450381679389313,-0.441650390625,-0.018798828125,-0.269775390625,0.5508
2.213740458015267,1.3893129770992367,-1.297709923664122,-0.443603515625,-0.01953125,-0.27490234375,0.5525
2.1526717557251906,1.3282442748091603,-1.3893129770992367,-0.44873046875,-0.01904296875,-0.269775390625,0.5541999999999999
2.1068702290076335,1.3282442748091603,-1.465648854961832,-0.44775390625,-0.01806640625,-0.26416015625,0.5559
2.2290076335877864,1.3129770992366412,-1.3740458015267176,-0.4462890625,-0.020751953125,-0.2666015625,0.5576
1.9236641221374047,1.2366412213740459,-1.4045801526717556,-0.445556640625,-0.022216796875,-0.2666015625,0.5593
2.213740458015267,1.4198473282442747,-1.5725190839694656,-0.446044921875,-0.021728515625,-0.271484375,0.5609999999999999
2.0763358778625953,1.5877862595419847,-1.4198473282442747,-0.441162109375,-0.02197265625,-0.272705078125,0.5627
2.1374045801526718,1.3282442748091603,-1.465648854961832,-0.438232421875,-0.0234375,-0.272216796875,0.5644
2.1068702290076335,1.251908396946565,-1.3282442748091603,-0.443359375,-0.020263671875,-0.265380859375,0.5660999999999999
1.8473282442748091,1.4045801526717556,-1.450381679389313,-0.44580078125,-0.0263671875,-0.283447265625,0.5678
1.9694656488549618,1.465648854961832,-1.5572519083969465,-0.446533203125,-0.023193359375,-0.265380859375,0.5695
1.9236641221374047,1.5877862595419847,-1.5114503816793894,-0.44384765625,-0.02099609375,-0.273681640625,0.5711999999999999
2.015267175572519,1.5572519083969465,-1.3893129770992367,-0.440673828125,-0.022705078125,-0.265869140625,0.5729
2.0610687022900764,1.5267175572519085,-1.633587786259542,-0.4453125,-0.0185546875,-0.26708984375,0.5746
1.9236641221374047,1.633587786259542,-1.450381679389313,-0.447509765625,-0.022216796875,-0.2763671875,0.5762999999999999
2.015267175572519,1.7709923664122138,-1.5114503816793894,-0.443603515625,-0.01806640625,-0.279052734375,0.578
1.8473282442748091,1.6030534351145038,-1.7709923664122138,-0.443359375,-0.0234375,-0.27197265625,0.5797
1.8778625954198473,1.5267175572519085,-1.7557251908396947,-0.4462890625,-0.021240234375,-0.273193359375,0.5813999999999999
1.9083969465648856,1.786259541984733,-1.618320610687023,-0.445068359375,-0.02197265625,-0.270751953125,0.5831
1.7709923664122138,1.6641221374045803,-1.7404580152671756,-0.442138671875,-0.024658203125,-0.26123046875,0.5848
1.7099236641221374,1.6488549618320612,-1.6641221374045803,-0.444580078125,-0.02294921875,-0.27001953125,0.5865
1.816793893129771,1.6488549618320612,-1.7709923664122138,-0.44287109375,-0.022216796875,-0.2744140625,0.5882
1.984732824427481,1.5267175572519085,-1.6488549618320612,-0.4423828125,-0.018310546875,-0.272705078125,0.5899
1.8931297709923665,1.618320610687023,-1.7404580152671756,-0.44091796875,-0.022705078125,-0.2685546875,0.5916
1.8931297709923665,1.5114503816793894,-1.4961832061068703,-0.437744140625,-0.019287109375,-0.273193359375,0.5932999999999999
1.786259541984733,1.5877862595419847,-1.6946564885496183,-0.438720703125,-0.01953125,-0.2705078125,0.595
1.6946564885496183,1.6793893129770991,-1.816793893129771,-0.441162109375,-0.021240234375,-0.26953125,0.5967
1.633587786259542,1.5725190839694656,-1.633587786259542,-0.4453125,-0.02294921875,-0.265869140625,0.5983999999999999
1.9541984732824427,1.633587786259542,-1.5877862595419847,-0.448486328125,-0.018798828125,-0.268310546875,0.6001
1.7099236641221374,1.7251908396946565,-1.816793893129771,-0.441162109375,-0.020751953125,-0.27001953125,0.6018
1.6641221374045803,1.5725190839694656,-1.83206106870229,-0.44287109375,-0.024658203125,-0.271728515625,0.6034999999999999
1.618320610687023,1.6030534351145038,-1.816793893129771,-0.446533203125,-0.0283203125,-0.27490234375,0.6052
1.6946564885496183,1.5114503816793894,-1.7099236641221374,-0.4443359375,-0.026123046875,-0.27001953125,0.6069
1.6488549618320612,1.618320610687023,-1.6946564885496183,-0.444091796875,-0.022705078125,-0.2685546875,0.6085999999999999
1.633587786259542,1.5267175572519085,-1.5114503816793894,-0.43994140625,-0.02392578125,-0.271240234375,0.6103
1.4961832061068703,1.4198473282442747,-1.6488549618320612,-0.439697265625,-0.015869140625,-0.27783203125,0.612
1.5419847328244274,1.450381679389313,-1.5572519083969465,-0.444091796875,-0.018310546875,-0.27685546875,0.6136999999999999
1.450381679389313,1.465648854961832,-1.7709923664122138,-0.44677734375,-0.01806640625,-0.269287109375,0.6154
1.450381679389313,1.3893129770992367,-1.6793893129770991,-0.4423828125,-0.014404296875,-0.27294921875,0.6171
1.450381679389313,1.297709923664122,-1.6946564885496183,-0.445068359375,-0.023681640625,-0.276611328125,0.6188
1.7557251908396947,1.2061068702290076,-1.5725190839694656,-0.442138671875,-0.01708984375,-0.26318359375,0.6204999999999999
1.5267175572519085,1.2366412213740459,-1.5419847328244274,-0.446044921875,-0.020751953125,-0.274169921875,0.6222
1.3587786259541985,1.251908396946565,-1.450381679389313,-0.44384765625,-0.021728515625,-0.27001953125,0.6239
1.633587786259542,1.2671755725190839,-1.4809160305343512,-0.439453125,-0.02685546875,-0.275146484375,0.6255999999999999
1.4809160305343512,1.2061068702290076,-1.3282442748091603,-0.441162109375,-0.022216796875,-0.278076171875,0.6273
1.3282442748091603,1.2061068702290076,-1.5267175572519085,-0.440673828125,-0.02392578125,-0.27392578125,0.629
1.4045801526717556,1.2366412213740459,-1.5267175572519085,-0.442138671875,-0.0185546875,-0.2734375,0.6306999999999999
1.465648854961832,1.2671755725190839,-1.450381679389313,-0.444091796875,-0.016357421875,-0.2724609375,0.6324
1.3587786259541985,1.3282442748091603,-1.3435114503816794,-0.441650390625,-0.01611328125,-0.2646484375,0.6341
1.4198473282442747,1.2061068702290076,-1.4198473282442747,-0.44189453125,-0.029296875,-0.2626953125,0.6357999999999999
1.3282442748091603,1.1450381679389312,-1.1297709923664123,-0.44287109375,-0.01904296875,-0.27099609375,0.6375
1.3129770992366412,1.1908396946564885,-1.4351145038167938,-0.44091796875,-0.021484375,-0.2744140625,0.6392
1.5114503816793894,1.099236641221374,-1.3893129770992367,-0.43603515625,-0.020263671875,-0.268798828125,0.6408999999999999
1.3587786259541985,1.1297709923664123,-1.2671755725190839,-0.44140625,-0.017578125,-0.271728515625,0.6426
1.4198473282442747,1.1603053435114503,-1.1603053435114503,-0.4443359375,-0.024169921875,-0.2685546875,0.6443
1.3129770992366412,1.099236641221374,-1.2366412213740459,-0.4443359375,-0.025146484375,-0.269287109375,0.646
1.0381679389312977,1.1755725190839694,-1.1450381679389312,-0.44189453125,-0.022705078125,-0.27880859375,0.6476999999999999
1.3587786259541985,1.1297709923664123,-1.1450381679389312,-0.440185546875,-0.0283203125,-0.273681640625,0.6494
1.3435114503816794,1.1145038167938932,-1.1908396946564885,-0.443359375,-0.027099609375,-0.27001953125,0.6511
1.2671755725190839,0.8549618320610687,-1.1755725190839694,-0.4423828125,-0.01953125,-0.270751953125,0.6527999999999999
1.3587786259541985,0.9618320610687023,-1.1603053435114503,-0.439208984375,-0.02587890625,-0.275390625,0.6545
1.2671755725190839,0.9007633587786259,-0.8396946564885496,-0.4423828125,-0.022705078125,-0.2705078125,0.6562
1.297709923664122,0.916030534351145,-1.083969465648855,-0.44482421875,-0.017578125,-0.265380859375,0.6578999999999999
1.297709923664122,0.916030534351145,-0.9465648854961832,-0.43701171875,-0.022705078125,-0.275634765625,0.6596
1.2671755725190839,0.9007633587786259,-0.9312977099236641,-0.4384765625,-0.026123046875,-0.2763671875,0.6613
1.1908396946564885,0.8396946564885496,-0.9312977099236641,-0.44140625,-0.017578125,-0.265869140625,0.6629999999999999
1.2366412213740459,0.7022900763358778,-0.9312977099236641,-0.4375,-0.020751953125,-0.26953125,0.6647
1.2213740458015268,0.6717557251908397,-0.7938931297709924,-0.439453125,-0.022705078125,-0.27099609375,0.6664
1.1297709923664123,0.8091603053435115,-0.7938931297709924,-0.442138671875,-0.028076171875,-0.273193359375,0.6680999999999999
1.099236641221374,0.732824427480916,-0.9618320610687023,-0.43896484375,-0.02001953125,-0.272705078125,0.6698
1.0229007633587786,0.6106870229007634,-0.6717557251908397,-0.4423828125,-0.023193359375,-0.27001953125,0.6715
1.0076335877862594,0.5954198473282443,-0.7022900763358778,-0.43994140625,-0.023681640625,-0.2705078125,0.6731999999999999
1.099236641221374,0.6106870229007634,-0.9770992366412213,-0.442138671875,-0.023193359375,-0.27587890625,0.6748999999999999
1.1450381679389312,0.5801526717557252,-0.916030534351145,-0.442626953125,-0.024658203125,-0.2705078125,0.6766
0.916030534351145,0.5648854961832062,-1.0381679389312977,-0.441650390625,-0.024169921875,-0.275634765625,0.6783
1.0381679389312977,0.7175572519083969,-0.7786259541984732,-0.443359375,-0.018310546875,-0.27099609375,0.6799999999999999
1.297709923664122,0.7938931297709924,-0.8702290076335878,-0.449951171875,-0.017822265625,-0.271728515625,0.6817
1.0687022900763359,0.6870229007633588,-0.9923664122137404,-0.4462890625,-0.020263671875,-0.26806640625,0.6834
0.9618320610687023,0.7480916030534351,-1.1603053435114503,-0.445068359375,-0.016845703125,-0.267822265625,0.6850999999999999
1.1908396946564885,0.916030534351145,-1.0381679389312977,-0.445556640625,-0.017333984375,-0.276123046875,0.6868
0.9923664122137404,0.9618320610687023,-0.9465648854961832,-0.442626953125,-0.02001953125,-0.275634765625,0.6885
1.0076335877862594,0.8244274809160306,-0.9770992366412213,-0.439208984375,-0.023193359375,-0.26513671875,0.6901999999999999
0.8549618320610687,0.8091603053435115,-1.0381679389312977,-0.444580078125,-0.016845703125,-0.275390625,0.6919
0.9923664122137404,0.9923664122137404,-0.9923664122137404,-0.441162109375,-0.023681640625,-0.271484375,0.6936
1.0076335877862594,0.7480916030534351,-1.0534351145038168,-0.446533203125,-0.017333984375,-0.26513671875,0.6952999999999999
1.0534351145038168,0.6870229007633588,-0.9465648854961832,-0.44384765625,-0.020263671875,-0.263427734375,0.697
1.099236641221374,0.9618320610687023,-1.1297709923664123,-0.4365234375,-0.02099609375,-0.27197265625,0.6987
1.1297709923664123,1.0229007633587786,-1.0687022900763359,-0.43994140625,-0.019775390625,-0.271484375,0.7003999999999999
0.9312977099236641,0.7022900763358778,-1.251908396946565,-0.44384765625,-0.020751953125,-0.271240234375,0.7021
1.0381679389312977,0.8396946564885496,-1.099236641221374,-0.441162109375,-0.01904296875,-0.26513671875,0.7038
0.8702290076335878,0.8091603053435115,-1.0534351145038168,-0.447509765625,-0.01806640625,-0.272705078125,0.7055
0.9007633587786259,0.6106870229007634,-0.916030534351145,-0.44873046875,-0.021728515625,-0.271240234375,0.7071999999999999
0.7480916030534351,0.7786259541984732,-0.9312977099236641,-0.441162109375,-0.0185546875,-0.27783203125,0.7089
0.6259541984732825,0.8091603053435115,-0.8549618320610687,-0.440673828125,-0.017578125,-0.263427734375,0.7106
0.5801526717557252,0.7022900763358778,-0.916030534351145,-0.44140625,-0.017578125,-0.272216796875,0.7122999999999999
0.732824427480916,1.0534351145038168,-0.8396946564885496,-0.44482421875,-0.0234375,-0.269775390625,0.714
0.6412213740458015,0.8702290076335878,-0.7938931297709924,-0.445556640625,-0.02392578125,-0.27099609375,0.7157
0.5190839694656488,1.0381679389312977,-0.7786259541984732,-0.446044921875,-0.026611328125,-0.272705078125,0.7173999999999999
0.7175572519083969,1.297709923664122,-0.7633587786259542,-0.445556640625,-0.020263671875,-0.270263671875,0.7191
0.4732824427480916,1.1450381679389312,-0.7480916030534351,-0.44189453125,-0.02294921875,-0.27294921875,0.7208
0.3511450381679389,1.1755725190839694,-0.8244274809160306,-0.446044921875,-0.019775390625,-0.27978515625,0.7224999999999999
0.2595419847328244,1.2366412213740459,-0.6564885496183206,-0.442626953125,-0.01611328125,-0.26171875,0.7242
0.42748091603053434,1.099236641221374,-0.9312977099236641,-0.44140625,-0.024169921875,-0.27197265625,0.7259
0.4732824427480916,1.2213740458015268,-0.732824427480916,-0.4482421875,-0.022216796875,-0.271240234375,0.7275999999999999
0.24427480916030533,1.1908396946564885,-0.6106870229007634,-0.447021484375,-0.020751953125,-0.26904296875,0.7293
0.3511450381679389,1.2671755725190839,-0.6564885496183206,-0.447509765625,-0.0244140625,-0.261962890625,0.731
0.21374045801526717,1.1297709923664123,-0.9770992366412213,-0.44091796875,-0.025146484375,-0.2705078125,0.7326999999999999
0.3053435114503817,1.1450381679389312,-0.7938931297709924,-0.44189453125,-0.029296875,-0.270263671875,0.7343999999999999
0.07633587786259542,1.0534351145038168,-0.8396946564885496,-0.4453125,-0.0185546875,-0.265625,0.7361
0.24427480916030533,1.2671755725190839,-1.0381679389312977,-0.439697265625,-0.022705078125,-0.276123046875,0.7378
0.32061068702290074,1.2671755725190839,-1.1908396946564885,-0.441162109375,-0.019775390625,-0.273681640625,0.7394999999999999
0.21374045801526717,1.3893129770992367,-1.0381679389312977,-0.4375,-0.01904296875,-0.27099609375,0.7412
0.04580152671755725,1.1908396946564885,-1.1297709923664123,-0.437744140625,-0.021240234375,-0.271240234375,0.7429
0.10687022900763359,0.9923664122137404,-1.2671755725190839,-0.43701171875,-0.019287109375,-0.271240234375,0.7445999999999999
0.12213740458015267,0.9618320610687023,-1.5419847328244274,-0.43212890625,-0.02001953125,-0.272705078125,0.7463
0.2900763358778626,0.8244274809160306,-1.5419847328244274,-0.438232421875,-0.019287109375,-0.278076171875,0.748
0.0916030534351145,0.7786259541984732,-1.6793893129770991,-0.4384765625,-0.01513671875,-0.27734375,0.7496999999999999
0.4732824427480916,0.8549618320610687,-1.618320610687023,-0.44189453125,-0.014404296875,-0.277587890625,0.7514
0.44274809160305345,0.6564885496183206,-1.8931297709923665,-0.44091796875,-0.020751953125,-0.26953125,0.7531
0.2900763358778626,0.6870229007633588,-1.9389312977099236,-0.43994140625,-0.01513671875,-0.26611328125,0.7547999999999999
0.3511450381679389,0.6259541984732825,-2.2748091603053435,-0.439208984375,-0.0185546875,-0.2734375,0.7565
0.5801526717557252,0.5190839694656488,-2.030534351145038,-0.44091796875,-0.015625,-0.271484375,0.7582
0.6106870229007634,0.48854961832061067,-2.33587786259542,-0.44189453125,-0.01513671875,-0.27490234375,0.7598999999999999
0.7633587786259542,0.5038167938931297,-2.3969465648854964,-0.442138671875,-0.015380859375,-0.274658203125,0.7615999999999999
0.5343511450381679,0.4122137404580153,-2.4732824427480917,-0.44384765625,-0.016357421875,-0.255615234375,0.7633
0.5038167938931297,0.48854961832061067,-2.3206106870229006,-0.443603515625,-0.012939453125,-0.267333984375,0.7649999999999999
0.5954198473282443,0.3816793893129771,-2.4427480916030535,-0.444580078125,-0.017578125,-0.269775390625,0.7666999999999999
0.9465648854961832,0.2748091603053435,-2.33587786259542,-0.44384765625,-0.015380859375,-0.27197265625,0.7684
0.7175572519083969,0.4122137404580153,-2.427480916030534,-0.444580078125,-0.01953125,-0.27880859375,0.7701
0.7175572519083969,0.33587786259541985,-2.381679389312977,-0.443359375,-0.014404296875,-0.271484375,0.7717999999999999
0.9312977099236641,0.32061068702290074,-2.33587786259542,-0.448486328125,-0.01953125,-0.268798828125,0.7735
0.7938931297709924,0.10687022900763359,-2.2748091603053435,-0.44189453125,-0.020751953125,-0.266845703125,0.7752
0.6564885496183206,0.21374045801526717,-2.2442748091603053,-0.440673828125,-0.020751953125,-0.2724609375,0.7768999999999999
0.9312977099236641,0.4580152671755725,-2.0610687022900764,-0.446533203125,-0.020751953125,-0.26904296875,0.7786
0.9007633587786259,0.6259541984732825,-2.213740458015267,-0.447998046875,-0.017333984375,-0.264404296875,0.7803
0.8854961832061069,0.5801526717557252,-2.381679389312977,-0.43994140625,-0.01806640625,-0.273681640625,0.7819999999999999
0.8702290076335878,0.4732824427480916,-2.2748091603053435,-0.441650390625,-0.020263671875,-0.268798828125,0.7837
1.099236641221374,0.48854961832061067,-2.0916030534351147,-0.443603515625,-0.021240234375,-0.267333984375,0.7854
0.9618320610687023,0.42748091603053434,-2.030534351145038,-0.443115234375,-0.018310546875,-0.264404296875,0.7870999999999999
0.9770992366412213,0.366412213740458,-2.0610687022900764,-0.442626953125,-0.01611328125,-0.271484375,0.7888
0.9618320610687023,0.42748091603053434,-2.0916030534351147,-0.441650390625,-0.024169921875,-0.2744140625,0.7905
0.916030534351145,0.5038167938931297,-1.8931297709923665,-0.435302734375,-0.020263671875,-0.27001953125,0.7921999999999999
1.251908396946565,0.183206106870229,-2.0,-0.436279296875,-0.01611328125,-0.25732421875,0.7938999999999999
1.2213740458015268,0.183206106870229,-2.015267175572519,-0.4384765625,-0.019287109375,-0.26318359375,0.7956
1.0381679389312977,0.030534351145038167,-1.9083969465648856,-0.438720703125,-0.019775390625,-0.265625,0.7973
1.282442748091603,-0.061068702290076333,-1.6793893129770991,-0.438720703125,-0.0234375,-0.26953125,0.7989999999999999
1.3893129770992367,-0.13740458015267176,-1.7251908396946565,-0.44287109375,-0.019775390625,-0.266357421875,0.8007
1.3435114503816794,-0.12213740458015267,-1.7099236641221374,-0.437255859375,-0.023193359375,-0.262939453125,0.8024
1.2213740458015268,-0.061068702290076333,-1.465648854961832,-0.44580078125,-0.02197265625,-0.26953125,0.8040999999999999
1.0534351145038168,-0.12213740458015267,-1.7099236641221374,-0.442626953125,-0.01904296875,-0.273681640625,0.8058
1.1145038167938932,-0.16793893129770993,-1.4045801526717556,-0.441162109375,-0.01806640625,-0.277587890625,0.8075
1.2213740458015268,-0.3511450381679389,-1.1450381679389312,-0.44189453125,-0.019775390625,-0.26806640625,0.8091999999999999
1.4351145038167938,-0.2595419847328244,-1.3435114503816794,-0.440185546875,-0.016845703125,-0.262451171875,0.8109
1.2671755725190839,-0.0916030534351145,-1.3435114503816794,-0.443603515625,-0.021484375,-0.26806640625,0.8126
1.297709923664122,-0.16793893129770993,-1.1297709923664123,-0.441162109375,-0.01953125,-0.265625,0.8142999999999999
1.1908396946564885,-0.2595419847328244,-0.9007633587786259,-0.4384765625,-0.02001953125,-0.262939453125,0.816
1.3893129770992367,-0.3053435114503817,-0.7786259541984732,-0.444580078125,-0.023681640625,-0.267333984375,0.8177
1.4351145038167938,-0.32061068702290074,-0.7175572519083969,-0.447021484375,-0.02001953125,-0.275390625,0.8193999999999999
1.4351145038167938,-0.44274809160305345,-0.8244274809160306,-0.44091796875,-0.021240234375,-0.27001953125,0.8210999999999999
1.5114503816793894,-0.48854961832061067,-0.7633587786259542,-0.440185546875,-0.01953125,-0.2607421875,0.8228
1.5114503816793894,-0.42748091603053434,-0.7022900763358778,-0.443603515625,-0.02197265625,-0.27099609375,0.8244999999999999
1.5114503816793894,-0.366412213740458,-0.7022900763358778,-0.442138671875,-0.020751953125,-0.266357421875,0.8261999999999999
1.4198473282442747,-0.42748091603053434,-0.3816793893129771,-0.443359375,-0.0244140625,-0.272216796875,0.8279
1.5572519083969465,-0.4122137404580153,-0.5343511450381679,-0.44921875,-0.026611328125,-0.27099609375,0.8296
1.5419847328244274,-0.366412213740458,-0.3511450381679389,-0.443115234375,-0.01806640625,-0.269287109375,0.8312999999999999
1.5572519083969465,-0.3969465648854962,-0.3816793893129771,-0.447509765625,-0.020751953125,-0.27099609375,0.833
1.5725190839694656,-0.3816793893129771,-0.5801526717557252,-0.446044921875,-0.022216796875,-0.274169921875,0.8347
1.4198473282442747,-0.44274809160305345,-0.366412213740458,-0.444580078125,-0.025390625,-0.267822265625,0.8363999999999999
1.3587786259541985,-0.4122137404580153,-0.3511450381679389,-0.4384765625,-0.02294921875,-0.26513671875,0.8381
1.4351145038167938,-0.5801526717557252,-0.3969465648854962,-0.443115234375,-0.022216796875,-0.270263671875,0.8398
1.450381679389313,-0.6412213740458015,-0.33587786259541985,-0.445068359375,-0.021240234375,-0.262939453125,0.8414999999999999
1.3282442748091603,-0.48854961832061067,-0.13740458015267176,-0.441162109375,-0.025146484375,-0.268798828125,0.8432
1.1297709923664123,-0.3969465648854962,-0.1984732824427481,-0.443359375,-0.01513671875,-0.257568359375,0.8449
1.3435114503816794,-0.42748091603053434,-0.13740458015267176,-0.440673828125,-0.019775390625,-0.266845703125,0.8465999999999999
1.3435114503816794,-0.366412213740458,-0.3053435114503817,-0.440673828125,-0.02099609375,-0.26904296875,0.8482999999999999
1.3893129770992367,-0.33587786259541985,-0.2595419847328244,-0.439697265625,-0.022705078125,-0.26904296875,0.85
1.083969465648855,-0.0916030534351145,-0.1984732824427481,-0.445556640625,-0.022705078125,-0.2666015625,0.8516999999999999
1.0534351145038168,-0.21374045801526717,-0.3053435114503817,-0.441650390625,-0.021240234375,-0.275146484375,0.8533999999999999
1.1145038167938932,-0.33587786259541985,-0.4122137404580153,-0.44091796875,-0.021240234375,-0.263916015625,0.8551
1.1297709923664123,-0.2900763358778626,-0.3511450381679389,-0.44384765625,-0.020263671875,-0.26904296875,0.8568
0.9618320610687023,-0.015267175572519083,-0.24427480916030533,-0.44189453125,-0.02783203125,-0.269775390625,0.8584999999999999
0.9465648854961832,-0.13740458015267176,-0.21374045801526717,-0.447265625,-0.017822265625,-0.269775390625,0.8602
0.9923664122137404,-0.32061068702290074,-0.2748091603053435,-0.4453125,-0.0224609375,-0.27294921875,0.8619
0.9465648854961832,-0.13740458015267176,-0.1984732824427481,-0.443359375,-0.023681640625,-0.279052734375,0.8635999999999999
0.7175572519083969,-0.07633587786259542,-0.2900763358778626,-0.43994140625,-0.023193359375,-0.27001953125,0.8653
0.3816793893129771,-0.21374045801526717,-0.2900763358778626,-0.44287109375,-0.025634765625,-0.2744140625,0.867
0.44274809160305345,0.030534351145038167,-0.24427480916030533,-0.444091796875,-0.026123046875,-0.27001953125,0.8686999999999999
0.5648854961832062,-0.2595419847328244,-0.5954198473282443,-0.44384765625,-0.0234375,-0.277587890625,0.8704
0.3511450381679389,-0.13740458015267176,-0.3511450381679389,-0.440185546875,-0.0224609375,-0.27587890625,0.8721
0.3969465648854962,0.07633587786259542,-0.33587786259541985,-0.44091796875,-0.017822265625,-0.2744140625,0.8737999999999999
0.5343511450381679,0.13740458015267176,-0.366412213740458,-0.447265625,-0.0234375,-0.274658203125,0.8755
0.3816793893129771,0.183206106870229,-0.2900763358778626,-0.443603515625,-0.021484375,-0.274658203125,0.8772
0.07633587786259542,0.2595419847328244,-0.32061068702290074,-0.441650390625,-0.023681640625,-0.26806640625,0.8788999999999999
0.12213740458015267,0.061068702290076333,-0.4580152671755725,-0.44287109375,-0.0205078125,-0.27392578125,0.8805999999999999
0.030534351145038167,0.32061068702290074,-0.4580152671755725,-0.44677734375,-0.020751953125,-0.269287109375,0.8823
0.061068702290076333,0.42748091603053434,-0.12213740458015267,-0.441650390625,-0.027587890625,-0.265625,0.8839999999999999
-0.3053435114503817,0.32061068702290074,-0.3816793893129771,-0.4453125,-0.0224609375,-0.26611328125,0.8856999999999999
-0.4122137404580153,0.4732824427480916,-0.3969465648854962,-0.444580078125,-0.02490234375,-0.266357421875,0.8874
-0.42748091603053434,0.3511450381679389,-0.24427480916030533,-0.443359375,-0.01953125,-0.26708984375,0.8891
-0.44274809160305345,0.48854961832061067,-0.4122137404580153,-0.441162109375,-0.0224609375,-0.26904296875,0.8907999999999999
-0.7022900763358778,0.3053435114503817,-0.3511450381679389,-0.445068359375,-0.022216796875,-0.26611328125,0.8925
-0.7480916030534351,0.5038167938931297,-0.32061068702290074,-0.443603515625,-0.019287109375,-0.269287109375,0.8942
-0.7786259541984732,0.48854961832061067,-0.3053435114503817,-0.447021484375,-0.020751953125,-0.2685546875,0.8958999999999999
-0.9618320610687023,0.6870229007633588,-0.5801526717557252,-0.441650390625,-0.025634765625,-0.272216796875,0.8976
-0.9923664122137404,0.6106870229007634,-0.5038167938931297,-0.4453125,-0.023193359375,-0.27001953125,0.8993
-0.9923664122137404,0.5343511450381679,-0.42748091603053434,-0.442626953125,-0.026611328125,-0.267822265625,0.9009999999999999
-1.0229007633587786,0.5343511450381679,-0.7022900763358778,-0.441650390625,-0.025634765625,-0.271240234375,0.9027
-1.0687022900763359,0.5801526717557252,-0.5954198473282443,-0.442626953125,-0.02294921875,-0.2666015625,0.9044
-1.3893129770992367,0.6259541984732825,-0.6412213740458015,-0.44384765625,-0.0244140625,-0.26025390625,0.9060999999999999
-1.3435114503816794,0.6870229007633588,-0.7022900763358778,-0.443115234375,-0.0244140625,-0.27197265625,0.9077999999999999
-1.2061068702290076,0.7022900763358778,-0.6564885496183206,-0.441650390625,-0.024169921875,-0.267333984375,0.9095
-1.4961832061068703,0.6870229007633588,-0.916030534351145,-0.44091796875,-0.023681640625,-0.27490234375,0.9111999999999999
-1.4045801526717556,0.6412213740458015,-0.7480916030534351,-0.444091796875,-0.02294921875,-0.265380859375,0.9128999999999999
-1.450381679389313,0.6412213740458015,-0.9007633587786259,-0.441162109375,-0.023193359375,-0.267333984375,0.9146
-1.5572519083969465,0.7022900763358778,-0.8396946564885496,-0.44384765625,-0.01904296875,-0.264892578125,0.9163
-1.6030534351145038,0.6870229007633588,-0.9923664122137404,-0.440673828125,-0.016357421875,-0.2626953125,0.9179999999999999
-1.450381679389313,0.48854961832061067,-1.0381679389312977,-0.44775390625,-0.01611328125,-0.26953125,0.9197
-1.6488549618320612,0.549618320610687,-1.1450381679389312,-0.437744140625,-0.0185546875,-0.275634765625,0.9214
-1.8015267175572518,0.3969465648854962,-0.8854961832061069,-0.44580078125,-0.017333984375,-0.27001953125,0.9230999999999999
-1.7557251908396947,0.2900763358778626,-1.0687022900763359,-0.443359375,-0.016845703125,-0.27294921875,0.9248
-1.7557251908396947,0.3969465648854962,-0.9618320610687023,-0.43896484375,-0.019287109375,-0.2705078125,0.9265
-1.7709923664122138,0.22900763358778625,-1.0687022900763359,-0.4404296875,-0.020751953125,-0.27734375,0.9281999999999999
-1.786259541984733,0.22900763358778625,-0.9618320610687023,-0.439453125,-0.019775390625,-0.279541015625,0.9299
-1.8931297709923665,0.4732824427480916,-1.083969465648855,-0.44189453125,-0.015869140625,-0.2666015625,0.9316
-1.7557251908396947,0.42748091603053434,-1.083969465648855,-0.447998046875,-0.019775390625,-0.27197265625,0.9332999999999999
-1.7557251908396947,0.4580152671755725,-1.1145038167938932,-0.4443359375,-0.019775390625,-0.272216796875,0.9349999999999999
-1.8015267175572518,0.2900763358778626,-0.8244274809160306,-0.445556640625,-0.018310546875,-0.277587890625,0.9367
-1.8015267175572518,0.3816793893129771,-1.099236641221374,-0.444091796875,-0.017822265625,-0.2685546875,0.9383999999999999
-1.6030534351145038,0.6259541984732825,-0.9770992366412213,-0.447998046875,-0.020263671875,-0.260986328125,0.9400999999999999
-1.8473282442748091,0.3511450381679389,-1.0076335877862594,-0.443359375,-0.0185546875,-0.264892578125,0.9418
-1.8015267175572518,0.366412213740458,-0.8854961832061069,-0.448486328125,-0.017578125,-0.271240234375,0.9434999999999999
-1.5572519083969465,0.5038167938931297,-1.083969465648855,-0.440673828125,-0.016357421875,-0.273681640625,0.9451999999999999
-1.7557251908396947,0.366412213740458,-1.0381679389312977,-0.44091796875,-0.013427734375,-0.270263671875,0.9469
-1.8625954198473282,0.24427480916030533,-1.0687022900763359,-0.447265625,-0.019775390625,-0.27734375,0.9486
-1.6641221374045803,0.3511450381679389,-0.8549618320610687,-0.4462890625,-0.01904296875,-0.26318359375,0.9502999999999999
-1.5877862595419847,0.2748091603053435,-1.083969465648855,-0.44189453125,-0.01025390625,-0.270751953125,0.952
-1.618320610687023,0.3816793893129771,-0.9618320610687023,-0.4384765625,-0.017333984375,-0.27099609375,0.9537
-1.633587786259542,0.5801526717557252,-0.8091603053435115,-0.444091796875,-0.0224609375,-0.27294921875,0.9553999999999999
-1.4351145038167938,0.3816793893129771,-0.8396946564885496,-0.44384765625,-0.022216796875,-0.267822265625,0.9571
-1.4198473282442747,0.3053435114503817,-0.9618320610687023,-0.44189453125,-0.00732421875,-0.2705078125,0.9588
-1.3893129770992367,0.48854961832061067,-0.8091603053435115,-0.4453125,-0.01513671875,-0.27587890625,0.9604999999999999
-1.2366412213740459,0.5038167938931297,-1.083969465648855,-0.441162109375,-0.015380859375,-0.264892578125,0.9621999999999999
-1.251908396946565,0.5801526717557252,-1.099236641221374,-0.438720703125,-0.0185546875,-0.265625,0.9639
-1.1908396946564885,0.2748091603053435,-1.2366412213740459,-0.443115234375,-0.01708984375,-0.26220703125,0.9655999999999999
-1.1908396946564885,0.5038167938931297,-1.1145038167938932,-0.44287109375,-0.016845703125,-0.27001953125,0.9672999999999999
-1.0229007633587786,0.366412213740458,-1.0687022900763359,-0.440185546875,-0.009765625,-0.267822265625,0.969
-1.1450381679389312,0.4580152671755725,-0.9312977099236641,-0.44384765625,-0.0126953125,-0.265380859375,0.9706999999999999
-0.8549618320610687,0.366412213740458,-1.0381679389312977,-0.4443359375,-0.01220703125,-0.27099609375,0.9723999999999999
-0.7938931297709924,0.32061068702290074,-0.7633587786259542,-0.444091796875,-0.0107421875,-0.26611328125,0.9741
-0.8702290076335878,0.21374045801526717,-1.0229007633587786,-0.439453125,-0.0146484375,-0.262451171875,0.9758
-0.5190839694656488,0.24427480916030533,-1.0229007633587786,-0.444091796875,-0.0146484375,-0.2646484375,0.9774999999999999
-0.5648854961832062,0.2900763358778626,-0.916030534351145,-0.443359375,-0.010986328125,-0.265869140625,0.9792
-0.42748091603053434,0.3053435114503817,-0.9465648854961832,-0.440185546875,-0.016845703125,-0.26904296875,0.9809
-0.5038167938931297,0.32061068702290074,-0.916030534351145,-0.443115234375,-0.01806640625,-0.268798828125,0.9825999999999999
-0.24427480916030533,0.1984732824427481,-0.8396946564885496,-0.442626953125,-0.01220703125,-0.27197265625,0.9843
-0.061068702290076333,0.2900763358778626,-0.8549618320610687,-0.445068359375,-0.011962890625,-0.27392578125,0.986
-0.015267175572519083,0.4122137404580153,-0.8854961832061069,-0.4462890625,-0.017333984375,-0.266357421875,0.9876999999999999
-0.015267175572519083,0.5343511450381679,-0.7786259541984732,-0.44140625,-0.0146484375,-0.267822265625,0.9894
-0.04580152671755725,0.366412213740458,-0.8244274809160306,-0.443359375,-0.017333984375,-0.27490234375,0.9911
0.10687022900763359,0.44274809160305345,-0.8549618320610687,-0.443603515625,-0.009521484375,-0.279541015625,0.9927999999999999
0.015267175572519083,0.4732824427480916,-0.8244274809160306,-0.441650390625,-0.01025390625,-0.278564453125,0.9944999999999999
0.22900763358778625,0.2748091603053435,-0.8702290076335878,-0.4404296875,-0.01513671875,-0.277587890625,0.9962
0.5038167938931297,0.32061068702290074,-0.6870229007633588,-0.443359375,-0.016845703125,-0.2666015625,0.9978999999999999
0.5648854961832062,0.2595419847328244,-0.8396946564885496,-0.450927734375,-0.01416015625,-0.2666015625,0.9995999999999999
0.6106870229007634,0.21374045801526717,-0.6106870229007634,-0.4453125,-0.017578125,-0.268310546875,1.0012999999999999
0.6564885496183206,0.15267175572519084,-0.8854961832061069,-0.44287109375,-0.013916015625,-0.267822265625,1.003
0.549618320610687,0.07633587786259542,-0.8091603053435115,-0.445068359375,-0.010986328125,-0.2607421875,1.0047
0.8549618320610687,-0.015267175572519083,-0.8091603053435115,-0.441650390625,-0.017333984375,-0.265380859375,1.0064
0.9007633587786259,-0.015267175572519083,-0.732824427480916,-0.4443359375,-0.017333984375,-0.2626953125,1.0081
0.7786259541984732,0.015267175572519083,-0.7175572519083969,-0.43896484375,-0.0126953125,-0.267822265625,1.0098
1.0229007633587786,-0.04580152671755725,-0.732824427480916,-0.44140625,-0.016357421875,-0.275390625,1.0114999999999998
1.0534351145038168,0.0916030534351145,-0.7633587786259542,-0.44189453125,-0.01123046875,-0.266845703125,1.0131999999999999
0.8702290076335878,-0.15267175572519084,-0.7633587786259542,-0.43896484375,-0.013671875,-0.269287109375,1.0149
1.1450381679389312,0.030534351145038167,-0.7175572519083969,-0.446044921875,-0.016357421875,-0.26904296875,1.0166
1.0687022900763359,-0.16793893129770993,-0.5801526717557252,-0.443603515625,-0.018310546875,-0.27490234375,1.0183
1.1603053435114503,-0.10687022900763359,-0.42748091603053434,-0.442138671875,-0.016845703125,-0.269287109375,1.02
1.1450381679389312,-0.015267175572519083,-0.5801526717557252,-0.445068359375,-0.016845703125,-0.2646484375,1.0217
1.3129770992366412,-0.15267175572519084,-0.5190839694656488,-0.443603515625,-0.019287109375,-0.267822265625,1.0233999999999999
1.3282442748091603,-0.22900763358778625,-0.5801526717557252,-0.440185546875,-0.0146484375,-0.260498046875,1.0251
1.3740458015267176,-0.22900763358778625,-0.6564885496183206,-0.43994140625,-0.014404296875,-0.27001953125,1.0268
1.3435114503816794,-0.24427480916030533,-0.5038167938931297,-0.443359375,-0.01611328125,-0.260009765625,1.0285
1.3587786259541985,-0.4122137404580153,-0.6564885496183206,-0.441650390625,-0.014404296875,-0.26708984375,1.0302
1.3129770992366412,-0.4580152671755725,-0.6564885496183206,-0.439208984375,-0.01953125,-0.27099609375,1.0319
1.4351145038167938,-0.5038167938931297,-0.6564885496183206,-0.441650390625,-0.01806640625,-0.27001953125,1.0335999999999999
1.465648854961832,-0.5038167938931297,-0.6412213740458015,-0.44384765625,-0.017333984375,-0.267578125,1.0352999999999999
1.4198473282442747,-0.5190839694656488,-0.732824427480916,-0.443359375,-0.015625,-0.2705078125,1.037
1.4961832061068703,-0.32061068702290074,-0.8854961832061069,-0.441650390625,-0.0146484375,-0.269775390625,1.0387
1.465648854961832,-0.5190839694656488,-0.6412213740458015,-0.44287109375,-0.01318359375,-0.27001953125,1.0404
1.7251908396946565,-0.6564885496183206,-0.7786259541984732,-0.44189453125,-0.01171875,-0.26953125,1.0421
1.5877862595419847,-0.7480916030534351,-0.8549618320610687,-0.445556640625,-0.0205078125,-0.263427734375,1.0437999999999998
1.5114503816793894,-0.4732824427480916,-0.8549618320610687,-0.4453125,-0.01220703125,-0.2587890625,1.0454999999999999
1.5725190839694656,-0.5648854961832062,-0.5801526717557252,-0.442626953125,-0.017333984375,-0.26611328125,1.0472
1.5572519083969465,-0.6870229007633588,-0.7175572519083969,-0.44287109375,-0.02197265625,-0.272216796875,1.0489
1.6030534351145038,-0.6717557251908397,-0.9465648854961832,-0.43798828125,-0.011962890625,-0.261962890625,1.0506
1.6793893129770991,-0.732824427480916,-0.916030534351145,-0.441162109375,-0.01513671875,-0.270751953125,1.0523
1.6488549618320612,-0.6564885496183206,-0.9007633587786259,-0.4453125,-0.0234375,-0.271484375,1.054
1.5419847328244274,-0.7786259541984732,-0.8549618320610687,-0.442138671875,-0.0166015625,-0.270263671875,1.0556999999999999
1.3893129770992367,-0.8702290076335878,-0.8396946564885496,-0.442138671875,-0.020263671875,-0.27783203125,1.0574
1.6488549618320612,-0.732824427480916,-0.9923664122137404,-0.43994140625,-0.02099609375,-0.27099609375,1.0591
1.4961832061068703,-0.5648854961832062,-1.099236641221374,-0.447021484375,-0.015380859375,-0.270751953125,1.0608
1.3435114503816794,-0.732824427480916,-1.0534351145038168,-0.448486328125,-0.0166015625,-0.2587890625,1.0625
1.2671755725190839,-0.732824427480916,-1.0687022900763359,-0.44189453125,-0.017333984375,-0.26220703125,1.0642
1.4961832061068703,-0.7022900763358778,-1.1908396946564885,-0.44091796875,-0.022705078125,-0.260986328125,1.0658999999999998
1.3435114503816794,-0.5801526717557252,-1.1908396946564885,-0.44580078125,-0.018798828125,-0.2763671875,1.0675999999999999
1.2671755725190839,-0.7633587786259542,-1.083969465648855,-0.4443359375,-0.017578125,-0.267578125,1.0693
1.282442748091603,-0.6717557251908397,-0.9465648854961832,-0.4443359375,-0.01025390625,-0.263916015625,1.071
1.2671755725190839,-0.7175572519083969,-1.1145038167938932,-0.44384765625,-0.018798828125,-0.275146484375,1.0727
1.099236641221374,-0.44274809160305345,-1.2061068702290076,-0.44189453125,-0.01953125,-0.273193359375,1.0744
1.297709923664122,-0.549618320610687,-1.1450381679389312,-0.443115234375,-0.017333984375,-0.266845703125,1.0760999999999998
1.1297709923664123,-0.5954198473282443,-1.083969465648855,-0.4443359375,-0.018798828125,-0.27001953125,1.0777999999999999
1.0076335877862594,-0.5648854961832062,-1.1755725190839694,-0.447265625,-0.015869140625,-0.265869140625,1.0795
1.1450381679389312,-0.4732824427480916,-1.3587786259541985,-0.445556640625,-0.01220703125,-0.263671875,1.0812
0.9923664122137404,-0.5343511450381679,-1.2671755725190839,-0.448486328125,-0.017822265625,-0.276123046875,1.0829
0.916030534351145,-0.5801526717557252,-1.3435114503816794,-0.44384765625,-0.01416015625,-0.267822265625,1.0846
0.9770992366412213,-0.5038167938931297,-1.3893129770992367,-0.4462890625,-0.015869140625,-0.26806640625,1.0863
0.6106870229007634,-0.3816793893129771,-1.251908396946565,-0.443359375,-0.01708984375,-0.267333984375,1.0879999999999999
0.7175572519083969,-0.5190839694656488,-1.3587786259541985,-0.44482421875,-0.017822265625,-0.266357421875,1.0897
0.6870229007633588,-0.549618320610687,-1.2366412213740459,-0.444580078125,-0.021728515625,-0.2626953125,1.0914
0.916030534351145,-0.4580152671755725,-1.4961832061068703,-0.44580078125,-0.015625,-0.26220703125,1.0931
0.7022900763358778,-0.366412213740458,-1.450381679389313,-0.445068359375,-0.021240234375,-0.2646484375,1.0948
0.5343511450381679,-0.4580152671755725,-1.5419847328244274,-0.447998046875,-0.020263671875,-0.268798828125,1.0965
0.6259541984732825,-0.33587786259541985,-1.251908396946565,-0.44921875,-0.021240234375,-0.26513671875,1.0981999999999998
0.3969465648854962,-0.3053435114503817,-1.4809160305343512,-0.446044921875,-0.01708984375,-0.258544921875,1.0998999999999999
0.5343511450381679,-0.42748091603053434,-1.5725190839694656,-0.4423828125,-0.018310546875,-0.259521484375,1.1016
0.2595419847328244,-0.2900763358778626,-1.5419847328244274,-0.441650390625,-0.023193359375,-0.263671875,1.1033
0.4122137404580153,-0.2595419847328244,-1.4198473282442747,-0.4462890625,-0.019775390625,-0.269775390625,1.105
0.42748091603053434,-0.22900763358778625,-1.633587786259542,-0.4453125,-0.021728515625,-0.2626953125,1.1067
0.2595419847328244,-0.2748091603053435,-1.6793893129770991,-0.44580078125,-0.01904296875,-0.26318359375,1.1083999999999998
0.32061068702290074,-0.2900763358778626,-1.5572519083969465,-0.447265625,-0.017333984375,-0.2685546875,1.1100999999999999
0.24427480916030533,-0.1984732824427481,-1.4198473282442747,-0.439697265625,-0.01611328125,-0.261962890625,1.1118
0.13740458015267176,-0.16793893129770993,-1.633587786259542,-0.442626953125,-0.01708984375,-0.25634765625,1.1135
0.3053435114503817,-0.15267175572519084,-1.6793893129770991,-0.446044921875,-0.018798828125,-0.267333984375,1.1152
0.22900763358778625,0.04580152671755725,-1.7557251908396947,-0.4453125,-0.020751953125,-0.26953125,1.1169
0.22900763358778625,-0.04580152671755725,-1.7404580152671756,-0.4453125,-0.02099609375,-0.258544921875,1.1186
0.04580152671755725,0.015267175572519083,-1.8473282442748091,-0.4453125,-0.018310546875,-0.26416015625,1.1202999999999999
0.07633587786259542,-0.0916030534351145,-1.5877862595419847,-0.453125,-0.018798828125,-0.26611328125,1.1219999999999999
0.0916030534351145,-0.15267175572519084,-1.8625954198473282,-0.439453125,-0.0185546875,-0.265380859375,1.1237
0.015267175572519083,-0.12213740458015267,-1.633587786259542,-0.4443359375,-0.016357421875,-0.261474609375,1.1254
0.030534351145038167,0.030534351145038167,-1.7404580152671756,-0.44384765625,-0.016845703125,-0.264404296875,1.1271
0.04580152671755725,-0.0916030534351145,-1.6641221374045803,-0.44287109375,-0.02490234375,-0.2666015625,1.1288
0.0916030534351145,-0.10687022900763359,-1.5572519083969465,-0.443359375,-0.019775390625,-0.267333984375,1.1304999999999998
0.10687022900763359,-0.0916030534351145,-1.5419847328244274,-0.44384765625,-0.015380859375,-0.27197265625,1.1321999999999999
0.24427480916030533,-0.061068702290076333,-1.8015267175572518,-0.44580078125,-0.012451171875,-0.2685546875,1.1339
0.183206106870229,-0.04580152671755725,-1.6793893129770991,-0.441650390625,-0.020263671875,-0.2646484375,1.1356
-0.0916030534351145,-0.030534351145038167,-1.618320610687023,-0.443115234375,-0.017333984375,-0.264404296875,1.1373
-0.030534351145038167,-0.061068702290076333,-1.5267175572519085,-0.447265625,-0.017333984375,-0.262939453125,1.139
-0.04580152671755725,0.030534351145038167,-1.5572519083969465,-0.44287109375,-0.0166015625,-0.26611328125,1.1407
0.0,0.183206106870229,-1.5877862595419847,-0.4443359375,-0.018798828125,-0.26513671875,1.1423999999999999
-0.1984732824427481,-0.0916030534351145,-1.618320610687023,-0.44091796875,-0.017578125,-0.265869140625,1.1441
-0.10687022900763359,-0.12213740458015267,-1.6030534351145038,-0.44384765625,-0.018310546875,-0.265380859375,1.1458
-0.015267175572519083,0.1984732824427481,-1.618320610687023,-0.444091796875,-0.009521484375,-0.2607421875,1.1475
-0.04580152671755725,0.061068702290076333,-1.5725190839694656,-0.4423828125,-0.017578125,-0.271728515625,1.1492
-0.07633587786259542,0.12213740458015267,-1.4809160305343512,-0.44677734375,-0.01611328125,-0.265380859375,1.1509
-0.04580152671755725,0.21374045801526717,-1.3282442748091603,-0.447509765625,-0.010009765625,-0.267822265625,1.1525999999999998
0.21374045801526717,0.10687022900763359,-1.3587786259541985,-0.447021484375,-0.008056640625,-0.266357421875,1.1542999999999999
0.030534351145038167,-0.015267175572519083,-1.4961832061068703,-0.44677734375,-0.0146484375,-0.269287109375,1.156
-0.21374045801526717,0.015267175572519083,-1.5114503816793894,-0.446044921875,-0.01708984375,-0.26904296875,1.1577
0.015267175572519083,0.061068702290076333,-1.4351145038167938,-0.4453125,-0.01806640625,-0.26806640625,1.1594
0.183206106870229,0.0916030534351145,-1.5725190839694656,-0.447021484375,-0.018310546875,-0.260498046875,1.1611
-0.07633587786259542,0.3053435114503817,-1.3893129770992367,-0.444091796875,-0.011474609375,-0.272705078125,1.1627999999999998
0.0,0.07633587786259542,-1.4809160305343512,-0.44091796875,-0.014404296875,-0.2685546875,1.1644999999999999
0.33587786259541985,0.015267175572519083,-1.4809160305343512,-0.443115234375,-0.0185546875,-0.26318359375,1.1662
0.3053435114503817,0.0916030534351145,-1.4961832061068703,-0.440185546875,-0.018310546875,-0.2646484375,1.1679
0.0916030534351145,0.13740458015267176,-1.2366412213740459,-0.445068359375,-0.017822265625,-0.266845703125,1.1696
0.33587786259541985,0.030534351145038167,-1.4198473282442747,-0.4453125,-0.01416015625,-0.267333984375,1.1713
0.33587786259541985,-0.015267175572519083,-1.2061068702290076,-0.442626953125,-0.02001953125,-0.267822265625,1.173
0.22900763358778625,0.04580152671755725,-1.3282442748091603,-0.4453125,-0.01953125,-0.250732421875,1.1746999999999999
0.4732824427480916,0.030534351145038167,-1.282442748091603,-0.4443359375,-0.0146484375,-0.259765625,1.1764
0.24427480916030533,-0.22900763358778625,-1.297709923664122,-0.446044921875,-0.0146484375,-0.26416015625,1.1781
0.3053435114503817,0.061068702290076333,-1.297709923664122,-0.448486328125,-0.020263671875,-0.266845703125,1.1798
0.4122137404580153,0.10687022900763359,-1.3129770992366412,-0.447265625,-0.01953125,-0.2626953125,1.1815
0.2595419847328244,0.10687022900763359,-1.1603053435114503,-0.447998046875,-0.022705078125,-0.2685546875,1.1832
0.3511450381679389,0.12213740458015267,-1.2671755725190839,-0.443603515625,-0.019287109375,-0.263427734375,1.1848999999999998
0.3969465648854962,0.12213740458015267,-1.1908396946564885,-0.445068359375,-0.013916015625,-0.271484375,1.1865999999999999
0.5343511450381679,0.0,-1.1908396946564885,-0.444091796875,-0.02001953125,-0.272705078125,1.1883
0.6412213740458015,-0.015267175572519083,-1.3893129770992367,-0.445068359375,-0.013671875,-0.268310546875,1.19
0.5343511450381679,-0.0916030534351145,-1.3587786259541985,-0.443603515625,-0.016357421875,-0.264404296875,1.1917
0.366412213740458,-0.13740458015267176,-1.2366412213740459,-0.443603515625,-0.012451171875,-0.2666015625,1.1934
0.366412213740458,-0.07633587786259542,-1.3282442748091603,-0.446044921875,-0.01220703125,-0.267822265625,1.1950999999999998
0.5801526717557252,0.015267175572519083,-1.2061068702290076,-0.447265625,-0.01611328125,-0.265869140625,1.1967999999999999
0.6106870229007634,0.015267175572519083,-1.1908396946564885,-0.444091796875,-0.013671875,-0.268310546875,1.1985
0.549618320610687,-0.030534351145038167,-1.297709923664122,-0.444091796875,-0.017822265625,-0.263427734375,1.2002
0.5190839694656488,0.32061068702290074,-1.2061068702290076,-0.448486328125,-0.011474609375,-0.260009765625,1.2019
0.8702290076335878,0.030534351145038167,-1.2366412213740459,-0.442626953125,-0.019287109375,-0.260986328125,1.2036
0.8244274809160306,0.15267175572519084,-1.3893129770992367,-0.44873046875,-0.012939453125,-0.268310546875,1.2053
0.6717557251908397,0.2595419847328244,-1.297709923664122,-0.4482421875,-0.018310546875,-0.26171875,1.2069999999999999
0.7022900763358778,0.21374045801526717,-1.282442748091603,-0.44287109375,-0.014404296875,-0.271484375,1.2086999999999999
0.8702290076335878,0.15267175572519084,-1.297709923664122,-0.439697265625,-0.018798828125,-0.260009765625,1.2104
0.7480916030534351,0.2900763358778626,-1.282442748091603,-0.443115234375,-0.019287109375,-0.268798828125,1.2121
0.9618320610687023,0.3511450381679389,-1.2061068702290076,-0.446044921875,-0.023193359375,-0.263916015625,1.2138
0.8549618320610687,0.15267175572519084,-1.2366412213740459,-0.445068359375,-0.01953125,-0.26416015625,1.2155
0.6870229007633588,0.21374045801526717,-1.099236641221374,-0.445068359375,-0.013427734375,-0.262451171875,1.2171999999999998
0.8091603053435115,0.24427480916030533,-1.3893129770992367,-0.4501953125,-0.01513671875,-0.26904296875,1.2188999999999999
0.5801526717557252,0.22900763358778625,-1.2366412213740459,-0.44482421875,-0.0185546875,-0.273193359375,1.2206
0.732824427480916,0.33587786259541985,-1.1603053435114503,-0.4453125,-0.02001953125,-0.26123046875,1.2223
0.9618320610687023,0.183206106870229,-1.2671755725190839,-0.44677734375,-0.015625,-0.263671875,1.224
0.8549618320610687,0.24427480916030533,-1.4809160305343512,-0.447265625,-0.01708984375,-0.26708984375,1.2257
0.8091603053435115,0.22900763358778625,-1.1145038167938932,-0.44775390625,-0.015869140625,-0.267578125,1.2273999999999998
0.8396946564885496,0.21374045801526717,-1.2213740458015268,-0.445068359375,-0.012451171875,-0.25830078125,1.2290999999999999
0.8854961832061069,0.32061068702290074,-1.251908396946565,-0.445068359375,-0.01220703125,-0.258544921875,1.2308
0.8854961832061069,0.2595419847328244,-1.2213740458015268,-0.4453125,-0.02099609375,-0.269287109375,1.2325
0.8854961832061069,0.22900763358778625,-1.083969465648855,-0.449462890625,-0.0205078125,-0.260009765625,1.2342
0.8702290076335878,0.1984732824427481,-1.2061068702290076,-0.44677734375,-0.019287109375,-0.264892578125,1.2359
0.916030534351145,0.32061068702290074,-1.2213740458015268,-0.449951171875,-0.0185546875,-0.272705078125,1.2376
0.9007633587786259,0.4122137404580153,-1.282442748091603,-0.44775390625,-0.01953125,-0.268310546875,1.2392999999999998
0.6717557251908397,0.5954198473282443,-1.1603053435114503,-0.442138671875,-0.021728515625,-0.2587890625,1.2409999999999999
0.7480916030534351,0.366412213740458,-1.1450381679389312,-0.4423828125,-0.01904296875,-0.260986328125,1.2427
0.7938931297709924,0.3969465648854962,-1.099236641221374,-0.442626953125,-0.017333984375,-0.265625,1.2444
0.8854961832061069,0.5038167938931297,-1.282442748091603,-0.4501953125,-0.01953125,-0.2646484375,1.2461
0.7633587786259542,0.5190839694656488,-1.2061068702290076,-0.44677734375,-0.0166015625,-0.261474609375,1.2478
0.5954198473282443,0.4580152671755725,-1.0076335877862594,-0.44580078125,-0.01904296875,-0.262451171875,1.2494999999999998
0.7786259541984732,0.44274809160305345,-1.2671755725190839,-0.444091796875,-0.0185546875,-0.27197265625,1.2511999999999999
0.7786259541984732,0.5343511450381679,-1.0687022900763359,-0.444580078125,-0.021240234375,-0.272216796875,1.2529
0.6412213740458015,0.549618320610687,-1.2366412213740459,-0.44384765625,-0.016845703125,-0.274658203125,1.2546
0.7022900763358778,0.48854961832061067,-1.1297709923664123,-0.44287109375,-0.017578125,-0.26123046875,1.2563
0.5190839694656488,0.366412213740458,-1.1603053435114503,-0.44677734375,-0.015869140625,-0.265625,1.258
0.5343511450381679,0.5801526717557252,-1.2213740458015268,-0.443115234375,-0.016357421875,-0.26220703125,1.2596999999999998
0.5954198473282443,0.5038167938931297,-1.282442748091603,-0.44384765625,-0.01806640625,-0.261962890625,1.2613999999999999
0.549618320610687,0.4732824427480916,-1.0381679389312977,-0.44287109375,-0.02001953125,-0.261474609375,1.2631
0.6412213740458015,0.3969465648854962,-1.1603053435114503,-0.447509765625,-0.018798828125,-0.25927734375,1.2648
0.4122137404580153,0.48854961832061067,-1.0381679389312977,-0.447509765625,-0.017333984375,-0.265869140625,1.2665
0.3969465648854962,0.4580152671755725,-1.2061068702290076,-0.444580078125,-0.015625,-0.269287109375,1.2682
0.4732824427480916,0.5343511450381679,-1.1603053435114503,-0.4453125,-0.0146484375,-0.2666015625,1.2699
0.4122137404580153,0.5954198473282443,-1.251908396946565,-0.450439453125,-0.016357421875,-0.263427734375,1.2715999999999998
0.2595419847328244,0.6564885496183206,-1.1755725190839694,-0.446044921875,-0.020263671875,-0.256103515625,1.2732999999999999
0.32061068702290074,0.6870229007633588,-1.1755725190839694,-0.44091796875,-0.02001953125,-0.272216796875,1.275
0.15267175572519084,0.5038167938931297,-1.1603053435114503,-0.445556640625,-0.023193359375,-0.261962890625,1.2767
0.2748091603053435,0.7175572519083969,-1.2061068702290076,-0.444580078125,-0.017333984375,-0.26611328125,1.2784
0.32061068702290074,0.6564885496183206,-1.1297709923664123,-0.443359375,-0.01513671875,-0.263671875,1.2801
0.04580152671755725,0.6564885496183206,-1.3587786259541985,-0.44287109375,-0.015625,-0.26513671875,1.2817999999999998
0.0,0.7938931297709924,-1.2671755725190839,-0.447265625,-0.0185546875,-0.268798828125,1.2834999999999999
0.183206106870229,0.7786259541984732,-1.3740458015267176,-0.44482421875,-0.01708984375,-0.264404296875,1.2852
0.07633587786259542,0.549618320610687,-1.099236641221374,-0.447265625,-0.015380859375,-0.265869140625,1.2869
-0.15267175572519084,0.7786259541984732,-1.0381679389312977,-0.447265625,-0.01953125,-0.265625,1.2886
0.030534351145038167,0.732824427480916,-1.1297709923664123,-0.441162109375,-0.016845703125,-0.266845703125,1.2903
0.0,0.7175572519083969,-1.4351145038167938,-0.449462890625,-0.016357421875,-0.268798828125,1.292
-0.21374045801526717,0.9465648854961832,-1.3282442748091603,-0.44775390625,-0.01708984375,-0.26953125,1.2936999999999999
-0.10687022900763359,0.7786259541984732,-1.4045801526717556,-0.443359375,-0.017822265625,-0.2705078125,1.2953999999999999
-0.015267175572519083,0.6412213740458015,-1.4198473282442747,-0.44580078125,-0.01416015625,-0.272705078125,1.2971
-0.2900763358778626,0.8244274809160306,-1.3282442748091603,-0.449462890625,-0.015869140625,-0.268310546875,1.2988
-0.366412213740458,0.7175572519083969,-1.251908396946565,-0.4482421875,-0.01904296875,-0.263671875,1.3005
-0.4580152671755725,0.8091603053435115,-1.3740458015267176,-0.442626953125,-0.01806640625,-0.26904296875,1.3022
-0.4122137404580153,0.7786259541984732,-1.5877862595419847,-0.439453125,-0.021728515625,-0.263916015625,1.3038999999999998
-0.3053435114503817,0.7175572519083969,-1.4809160305343512,-0.4462890625,-0.0185546875,-0.271728515625,1.3055999999999999
-0.33587786259541985,0.8549618320610687,-1.3129770992366412,-0.4443359375,-0.022705078125,-0.267578125,1.3073
-0.4580152671755725,0.7938931297709924,-1.5877862595419847,-0.44482421875,-0.020751953125,-0.263916015625,1.309
-0.33587786259541985,0.7175572519083969,-1.5419847328244274,-0.444091796875,-0.019775390625,-0.260986328125,1.3107
-0.5954198473282443,0.8549618320610687,-1.5725190839694656,-0.439697265625,-0.0205078125,-0.265380859375,1.3124
-0.48854961832061067,1.099236641221374,-1.450381679389313,-0.445068359375,-0.016357421875,-0.267578125,1.3140999999999998
-0.6106870229007634,0.9465648854961832,-1.7251908396946565,-0.44677734375,-0.01611328125,-0.272216796875,1.3157999999999999
-0.5190839694656488,0.8854961832061069,-1.618320610687023,-0.442138671875,-0.021240234375,-0.26220703125,1.3175
-0.5343511450381679,0.9007633587786259,-1.7709923664122138,-0.44482421875,-0.01416015625,-0.25927734375,1.3192
-0.6259541984732825,0.9465648854961832,-1.5725190839694656,-0.4443359375,-0.016357421875,-0.254638671875,1.3209
-0.7633587786259542,1.0687022900763359,-1.6793893129770991,-0.444580078125,-0.019775390625,-0.26806640625,1.3226
-0.6870229007633588,0.9618320610687023,-1.6488549618320612,-0.443359375,-0.01904296875,-0.260498046875,1.3243
-0.8549618320610687,0.732824427480916,-1.7557251908396947,-0.44580078125,-0.017333984375,-0.26513671875,1.3259999999999998
-0.6412213740458015,0.9007633587786259,-1.7404580152671756,-0.4462890625,-0.0146484375,-0.263671875,1.3276999999999999
-0.5038167938931297,0.916030534351145,-1.8473282442748091,-0.447509765625,-0.0244140625,-0.266357421875,1.3294
-0.6564885496183206,0.8854961832061069,-1.6641221374045803,-0.444091796875,-0.016357421875,-0.26318359375,1.3311
-0.8244274809160306,0.9923664122137404,-1.816793893129771,-0.442138671875,-0.02001953125,-0.270263671875,1.3328
-0.7633587786259542,0.8091603053435115,-1.6641221374045803,-0.445556640625,-0.018310546875,-0.2685546875,1.3345
-0.6259541984732825,0.8854961832061069,-1.7557251908396947,-0.44189453125,-0.02587890625,-0.257568359375,1.3361999999999998
-0.8396946564885496,0.8854961832061069,-1.8778625954198473,-0.440185546875,-0.02099609375,-0.260498046875,1.3378999999999999
-0.6259541984732825,0.916030534351145,-2.015267175572519,-0.44189453125,-0.01708984375,-0.267578125,1.3396
-0.9465648854961832,0.9465648854961832,-2.16793893129771,-0.441650390625,-0.022705078125,-0.269287109375,1.3413
-0.6564885496183206,0.8396946564885496,-2.1374045801526718,-0.441162109375,-0.0244140625,-0.26123046875,1.343
-0.732824427480916,0.7175572519083969,-2.0763358778625953,-0.44921875,-0.0126953125,-0.269287109375,1.3447
-1.0381679389312977,0.7938931297709924,-2.33587786259542,-0.44287109375,-0.01806640625,-0.25732421875,1.3463999999999998
-0.9770992366412213,0.8244274809160306,-2.16793893129771,-0.442626953125,-0.016845703125,-0.26416015625,1.3480999999999999
-0.9465648854961832,0.8091603053435115,-2.4427480916030535,-0.4423828125,-0.011962890625,-0.2685546875,1.3497999999999999
-0.9465648854961832,0.6412213740458015,-2.4580152671755724,-0.4423828125,-0.0224609375,-0.26953125,1.3515
-0.8396946564885496,0.5648854961832062,-2.4732824427480917,-0.448486328125,-0.01953125,-0.270263671875,1.3532
-0.916030534351145,0.6106870229007634,-2.50381679389313,-0.44287109375,-0.020263671875,-0.26806640625,1.3549
-1.0381679389312977,0.5190839694656488,-2.4427480916030535,-0.443603515625,-0.0205078125,-0.271240234375,1.3566
-0.916030534351145,0.5038167938931297,-2.4122137404580153,-0.4462890625,-0.0185546875,-0.256591796875,1.3582999999999998
-1.2671755725190839,0.4580152671755725,-2.4885496183206106,-0.445068359375,-0.015380859375,-0.257568359375,1.3599999999999999
-1.4198473282442747,0.3511450381679389,-2.50381679389313,-0.439208984375,-0.0234375,-0.26318359375,1.3617
-1.3740458015267176,0.5343511450381679,-2.6412213740458017,-0.447021484375,-0.023193359375,-0.2666015625,1.3634
-1.3129770992366412,0.3816793893129771,-2.33587786259542,-0.44482421875,-0.022216796875,-0.273193359375,1.3651
-1.2213740458015268,0.5038167938931297,-2.4122137404580153,-0.449462890625,-0.023193359375,-0.273193359375,1.3668
-1.465648854961832,0.6564885496183206,-2.595419847328244,-0.437744140625,-0.021240234375,-0.264892578125,1.3684999999999998
-1.5267175572519085,0.549618320610687,-2.8244274809160306,-0.44580078125,-0.0126953125,-0.2646484375,1.3701999999999999
-1.3893129770992367,0.2748091603053435,-2.4885496183206106,-0.44775390625,-0.0166015625,-0.2626953125,1.3719
-1.5267175572519085,0.6106870229007634,-2.732824427480916,-0.44140625,-0.019287109375,-0.2646484375,1.3736
-1.5572519083969465,0.5038167938931297,-2.763358778625954,-0.4453125,-0.021728515625,-0.263671875,1.3753
-1.3740458015267176,0.5648854961832062,-2.8702290076335877,-0.447021484375,-0.018310546875,-0.269287109375,1.377
-1.7557251908396947,0.5038167938931297,-3.053435114503817,-0.4443359375,-0.016357421875,-0.259765625,1.3786999999999998
-1.4198473282442747,0.2900763358778626,-2.9770992366412212,-0.43994140625,-0.023193359375,-0.26318359375,1.3803999999999998
-1.450381679389313,0.21374045801526717,-3.0076335877862594,-0.43994140625,-0.0234375,-0.26318359375,1.3820999999999999
-1.7404580152671756,0.10687022900763359,-2.9923664122137406,-0.4453125,-0.02294921875,-0.26171875,1.3838
-1.7251908396946565,0.2595419847328244,-3.145038167938931,-0.44384765625,-0.02294921875,-0.263916015625,1.3855
-1.8625954198473282,0.0,-3.145038167938931,-0.443359375,-0.020263671875,-0.27197265625,1.3872
-1.9694656488549618,0.13740458015267176,-3.053435114503817,-0.444091796875,-0.02099609375,-0.25732421875,1.3889
-2.0,0.0916030534351145,-3.1908396946564888,-0.44140625,-0.0146484375,-0.267822265625,1.3905999999999998
-2.045801526717557,0.22900763358778625,-3.312977099236641,-0.43994140625,-0.0146484375,-0.26513671875,1.3922999999999999
-2.0763358778625953,0.0916030534351145,-3.5114503816793894,-0.439697265625,-0.017333984375,-0.260498046875,1.394
-2.0763358778625953,0.12213740458015267,-3.5419847328244276,-0.438720703125,-0.015625,-0.26806640625,1.3957
-2.16793893129771,0.015267175572519083,-3.618320610687023,-0.43994140625,-0.021240234375,-0.25830078125,1.3974
-2.4885496183206106,-0.24427480916030533,-3.7251908396946565,-0.43603515625,-0.022216796875,-0.2587890625,1.3991
-2.50381679389313,-0.13740458015267176,-3.83206106870229,-0.440673828125,-0.016357421875,-0.265869140625,1.4007999999999998
-2.549618320610687,-0.13740458015267176,-4.0458015267175576,-0.439453125,-0.024169921875,-0.272705078125,1.4024999999999999
-2.6259541984732824,-0.16793893129770993,-4.0,-0.444091796875,-0.02490234375,-0.267333984375,1.4042
-2.732824427480916,-0.2748091603053435,-4.33587786259542,-0.437744140625,-0.021484375,-0.25830078125,1.4059
-2.732824427480916,-0.21374045801526717,-4.3816793893129775,-0.4443359375,-0.02099609375,-0.26513671875,1.4076
-2.885496183206107,-0.366412213740458,-4.488549618320611,-0.444580078125,-0.01953125,-0.268798828125,1.4093
-2.9618320610687023,-0.32061068702290074,-4.412213740458015,-0.44482421875,-0.013671875,-0.26904296875,1.411
-3.114503816793893,-0.33587786259541985,-4.534351145038168,-0.44482421875,-0.02001953125,-0.26611328125,1.4126999999999998
-3.236641221374046,-0.21374045801526717,-4.702290076335878,-0.446044921875,-0.024658203125,-0.270263671875,1.4143999999999999
-3.1755725190839694,-0.22900763358778625,-4.687022900763359,-0.447998046875,-0.0205078125,-0.267578125,1.4161
-3.312977099236641,-0.183206106870229,-4.854961832061068,-0.44775390625,-0.0234375,-0.268798828125,1.4178
-3.282442748091603,-0.10687022900763359,-4.778625954198473,-0.443603515625,-0.017578125,-0.27001953125,1.4195
-3.099236641221374,0.0,-4.824427480916031,-0.443115234375,-0.016845703125,-0.269287109375,1.4212
-3.282442748091603,0.07633587786259542,-4.931297709923665,-0.446044921875,-0.0224609375,-0.262939453125,1.4228999999999998
-3.3282442748091605,0.061068702290076333,-5.068702290076335,-0.447509765625,-0.02099609375,-0.259521484375,1.4245999999999999
-3.49618320610687,-0.07633587786259542,-5.190839694656488,-0.447265625,-0.02392578125,-0.263916015625,1.4263
-3.5419847328244276,-0.13740458015267176,-5.068702290076335,-0.44287109375,-0.017822265625,-0.266357421875,1.428
-3.49618320610687,0.061068702290076333,-5.114503816793893,-0.447509765625,-0.023681640625,-0.267822265625,1.4297
-3.5267175572519083,-0.0916030534351145,-5.419847328244275,-0.448486328125,-0.018310546875,-0.267333984375,1.4314
-3.7709923664122136,-0.13740458015267176,-5.374045801526718,-0.44384765625,-0.019287109375,-0.269775390625,1.4330999999999998
-3.7404580152671754,-0.061068702290076333,-5.251908396946565,-0.44873046875,-0.017822265625,-0.262939453125,1.4347999999999999
-3.816793893129771,-0.015267175572519083,-5.343511450381679,-0.443359375,-0.01953125,-0.2578125,1.4364999999999999
-3.9083969465648853,0.0,-5.145038167938932,-0.446533203125,-0.016357421875,-0.25439453125,1.4382
-3.969465648854962,0.0916030534351145,-5.358778625954199,-0.44921875,-0.018310546875,-0.267822265625,1.4399
-4.030534351145038,0.2595419847328244,-5.206106870229007,-0.44287109375,-0.014892578125,-0.26708984375,1.4416
-4.213740458015267,0.366412213740458,-5.267175572519084,-0.449462890625,-0.01904296875,-0.26416015625,1.4433
-4.290076335877862,0.3816793893129771,-5.236641221374046,-0.448486328125,-0.019287109375,-0.259033203125,1.4449999999999998
-4.1679389312977095,0.5648854961832062,-5.083969465648855,-0.4501953125,-0.0166015625,-0.26611328125,1.4466999999999999
-4.3816793893129775,0.5648854961832062,-5.114503816793893,-0.444580078125,-0.023681640625,-0.2724609375,1.4484
-4.244274809160306,0.549618320610687,-5.083969465648855,-0.4482421875,-0.020263671875,-0.266845703125,1.4501
-4.198473282442748,0.48854961832061067,-5.00763358778626,-0.44921875,-0.02001953125,-0.256103515625,1.4518
-4.351145038167939,0.7022900763358778,-5.099236641221374,-0.450927734375,-0.01953125,-0.267333984375,1.4535
-4.427480916030534,0.8091603053435115,-5.022900763358779,-0.448974609375,-0.018798828125,-0.265380859375,1.4551999999999998
-4.534351145038168,0.8396946564885496,-5.022900763358779,-0.442138671875,-0.01806640625,-0.26806640625,1.4568999999999999
-4.595419847328245,0.9312977099236641,-4.99236641221374,-0.448974609375,-0.019775390625,-0.2763671875,1.4586
-4.427480916030534,0.916030534351145,-5.00763358778626,-0.447998046875,-0.024169921875,-0.26708984375,1.4603
-4.549618320610687,0.9465648854961832,-4.687022900763359,-0.44873046875,-0.015380859375,-0.263671875,1.462
-4.473282442748092,1.1908396946564885,-4.824427480916031,-0.443603515625,-0.01953125,-0.265869140625,1.4637
-4.33587786259542,1.1603053435114503,-4.6106870229007635,-0.450927734375,-0.015380859375,-0.260009765625,1.4653999999999998
-4.519083969465649,1.1145038167938932,-4.900763358778626,-0.447021484375,-0.0185546875,-0.2646484375,1.4670999999999998
-4.732824427480916,1.1603053435114503,-4.564885496183206,-0.44580078125,-0.013427734375,-0.2724609375,1.4687999999999999
-4.580152671755725,1.099236641221374,-4.534351145038168,-0.451171875,-0.0146484375,-0.27197265625,1.4705
-4.549618320610687,1.2213740458015268,-4.580152671755725,-0.445068359375,-0.018310546875,-0.26904296875,1.4722
-4.5038167938931295,1.2366412213740459,-4.748091603053435,-0.441162109375,-0.01416015625,-0.259765625,1.4739
-4.351145038167939,1.2061068702290076,-4.580152671755725,-0.44384765625,-0.015380859375,-0.256103515625,1.4756
-4.473282442748092,1.0534351145038168,-4.778625954198473,-0.4462890625,-0.015869140625,-0.259765625,1.4772999999999998
-4.290076335877862,1.0687022900763359,-4.732824427480916,-0.44775390625,-0.010498046875,-0.26904296875,1.4789999999999999
-4.183206106870229,1.0534351145038168,-4.778625954198473,-0.440185546875,-0.01611328125,-0.262451171875,1.4807
-4.2748091603053435,0.916030534351145,-4.625954198473282,-0.444580078125,-0.015380859375,-0.266357421875,1.4824
-4.152671755725191,0.8549618320610687,-4.763358778625954,-0.444580078125,-0.01171875,-0.26318359375,1.4841
-4.122137404580153,0.8702290076335878,-4.793893129770993,-0.446044921875,-0.0146484375,-0.26025390625,1.4858
-3.8473282442748094,0.8549618320610687,-4.809160305343512,-0.447265625,-0.015625,-0.265625,1.4874999999999998
-3.816793893129771,0.6870229007633588,-4.732824427480916,-0.450439453125,-0.01806640625,-0.267822265625,1.4891999999999999
-3.7099236641221376,0.7938931297709924,-4.931297709923665,-0.4462890625,-0.015380859375,-0.263671875,1.4909
-3.633587786259542,0.6717557251908397,-4.793893129770993,-0.441162109375,-0.017578125,-0.26123046875,1.4926
-3.5267175572519083,0.6259541984732825,-5.099236641221374,-0.4423828125,-0.013671875,-0.25634765625,1.4943
-3.6030534351145036,0.7633587786259542,-4.99236641221374,-0.446533203125,-0.019287109375,-0.260498046875,1.496
-3.4656488549618323,0.5954198473282443,-4.977099236641221,-0.444091796875,-0.017333984375,-0.274169921875,1.4976999999999998
-3.4198473282442747,0.5190839694656488,-4.748091603053435,-0.45166015625,-0.015380859375,-0.26806640625,1.4993999999999998
-3.267175572519084,0.6106870229007634,-5.00763358778626,-0.443115234375,-0.01806640625,-0.255126953125,1.5010999999999999
-3.2977099236641223,0.5190839694656488,-4.732824427480916,-0.441650390625,-0.01025390625,-0.259765625,1.5028
-3.2213740458015265,0.4732824427480916,-4.595419847328245,-0.4453125,-0.011962890625,-0.271728515625,1.5045
-2.8396946564885495,0.5648854961832062,-4.290076335877862,-0.44970703125,-0.018310546875,-0.2734375,1.5062
-2.931297709923664,0.549618320610687,-4.534351145038168,-0.446044921875,-0.0224609375,-0.2626953125,1.5079
-2.9923664122137406,0.6412213740458015,-4.473282442748092,-0.449462890625,-0.01220703125,-0.259033203125,1.5095999999999998
-2.6717557251908395,0.7480916030534351,-4.656488549618321,-0.447998046875,-0.015380859375,-0.2626953125,1.5112999999999999
-2.885496183206107,0.5648854961832062,-4.427480916030534,-0.44091796875,-0.016357421875,-0.265380859375,1.513
-2.687022900763359,0.44274809160305345,-4.473282442748092,-0.443603515625,-0.017333984375,-0.272216796875,1.5147
-2.717557251908397,0.6870229007633588,-4.442748091603053,-0.444091796875,-0.017578125,-0.27099609375,1.5164
-2.7786259541984735,0.6564885496183206,-4.305343511450381,-0.442138671875,-0.0146484375,-0.256103515625,1.5181
-2.5343511450381677,0.44274809160305345,-4.0,-0.440673828125,-0.01513671875,-0.26416015625,1.5197999999999998
-2.3969465648854964,0.4580152671755725,-3.954198473282443,-0.44580078125,-0.015869140625,-0.26416015625,1.5214999999999999
-2.381679389312977,0.5343511450381679,-3.6946564885496183,-0.44775390625,-0.0166015625,-0.26806640625,1.5231999999999999
-2.2748091603053435,0.4122137404580153,-3.816793893129771,-0.44091796875,-0.02294921875,-0.2587890625,1.5249
-2.213740458015267,0.33587786259541985,-3.6030534351145036,-0.444091796875,-0.02392578125,-0.261474609375,1.5266
-2.351145038167939,0.44274809160305345,-3.572519083969466,-0.447265625,-0.017822265625,-0.2666015625,1.5283
-2.0,0.6412213740458015,-3.3893129770992365,-0.4453125,-0.014892578125,-0.27587890625,1.5299999999999998
-2.0,0.44274809160305345,-3.404580152671756,-0.44384765625,-0.0166015625,-0.27392578125,1.5316999999999998
-2.0,0.5190839694656488,-3.2519083969465647,-0.443359375,-0.0146484375,-0.271728515625,1.5333999999999999
-1.9236641221374047,0.2900763358778626,-3.267175572519084,-0.44140625,-0.00927734375,-0.26416015625,1.5351
-1.8931297709923665,0.3053435114503817,-3.0076335877862594,-0.44287109375,-0.017578125,-0.266357421875,1.5368
-1.786259541984733,0.5190839694656488,-2.763358778625954,-0.44482421875,-0.01708984375,-0.25537109375,1.5385
-1.7251908396946565,0.549618320610687,-2.5343511450381677,-0.447509765625,-0.01708984375,-0.26318359375,1.5402
-1.618320610687023,0.4580152671755725,-2.5801526717557253,-0.449462890625,-0.02001953125,-0.2685546875,1.5418999999999998
-1.6641221374045803,0.42748091603053434,-2.3206106870229006,-0.4521484375,-0.017333984375,-0.2607421875,1.5435999999999999
-1.4809160305343512,0.5038167938931297,-2.198473282442748,-0.44482421875,-0.013916015625,-0.26904296875,1.5453
-1.3587786259541985,0.6259541984732825,-1.9389312977099236,-0.4501953125,-0.015380859375,-0.2685546875,1.547
-1.1297709923664123,0.7480916030534351,-1.8625954198473282,-0.4462890625,-0.01904296875,-0.265380859375,1.5487
-0.8702290076335878,0.6870229007633588,-1.8015267175572518,-0.44873046875,-0.01708984375,-0.267822265625,1.5504
-1.2213740458015268,0.6564885496183206,-1.7251908396946565,-0.44384765625,-0.0185546875,-0.268798828125,1.5520999999999998
-1.099236641221374,0.6259541984732825,-1.4198473282442747,-0.447998046875,-0.02099609375,-0.2666015625,1.5537999999999998
-0.8854961832061069,0.5801526717557252,-1.2671755725190839,-0.446533203125,-0.0185546875,-0.2607421875,1.5554999999999999
-0.7022900763358778,0.5190839694656488,-1.1145038167938932,-0.447998046875,-0.01416015625,-0.269775390625,1.5572
-0.9618320610687023,0.5648854961832062,-1.099236641221374,-0.449462890625,-0.02099609375,-0.25927734375,1.5589
-0.5801526717557252,0.7022900763358778,-1.0076335877862594,-0.44970703125,-0.0234375,-0.260986328125,1.5606
-0.48854961832061067,0.7786259541984732,-0.916030534351145,-0.445068359375,-0.01806640625,-0.260986328125,1.5623
-0.42748091603053434,0.5801526717557252,-0.8244274809160306,-0.448974609375,-0.024658203125,-0.25244140625,1.5639999999999998
-0.5038167938931297,0.6870229007633588,-0.6564885496183206,-0.445556640625,-0.015869140625,-0.262451171875,1.5656999999999999
-0.2748091603053435,0.5954198473282443,-0.5190839694656488,-0.443603515625,-0.02197265625,-0.256103515625,1.5674
-0.2900763358778626,0.5801526717557252,-0.6259541984732825,-0.441162109375,-0.01513671875,-0.267822265625,1.5691
-0.32061068702290074,0.6870229007633588,-0.3816793893129771,-0.44482421875,-0.016357421875,-0.263916015625,1.5708
-0.32061068702290074,0.6870229007633588,-0.4122137404580153,-0.44091796875,-0.017333984375,-0.26904296875,1.5725
-0.1984732824427481,0.8702290076335878,-0.5038167938931297,-0.44873046875,-0.01416015625,-0.2705078125,1.5741999999999998
-0.04580152671755725,0.6259541984732825,-0.4122137404580153,-0.446044921875,-0.01416015625,-0.258544921875,1.5758999999999999
-0.07633587786259542,0.8244274809160306,-0.1984732824427481,-0.4462890625,-0.01513671875,-0.26416015625,1.5776
0.183206106870229,0.7786259541984732,-0.22900763358778625,-0.44873046875,-0.02294921875,-0.2646484375,1.5793
0.3511450381679389,0.7480916030534351,-0.15267175572519084,-0.44580078125,-0.01708984375,-0.263427734375,1.581
0.2900763358778626,0.7480916030534351,-0.15267175572519084,-0.4443359375,-0.017578125,-0.26318359375,1.5827
0.4580152671755725,0.7938931297709924,-0.183206106870229,-0.447021484375,-0.01953125,-0.25927734375,1.5843999999999998
0.2900763358778626,0.6870229007633588,-0.061068702290076333,-0.44580078125,-0.0166015625,-0.2578125,1.5860999999999998
0.3511450381679389,0.9007633587786259,0.04580152671755725,-0.43994140625,-0.017578125,-0.26171875,1.5877999999999999
0.3816793893129771,0.7480916030534351,-0.0916030534351145,-0.43994140625,-0.0166015625,-0.260986328125,1.5895
0.5038167938931297,0.8396946564885496,-0.015267175572519083,-0.43798828125,-0.021728515625,-0.262451171875,1.5912
0.4580152671755725,0.7480916030534351,-0.10687022900763359,-0.4443359375,-0.01806640625,-0.258544921875,1.5929
0.8244274809160306,0.8854961832061069,-0.030534351145038167,-0.44189453125,-0.017578125,-0.260498046875,1.5946
0.6412213740458015,0.7480916030534351,0.0,-0.44482421875,-0.016357421875,-0.259521484375,1.5962999999999998
0.6564885496183206,0.7786259541984732,-0.061068702290076333,-0.4462890625,-0.011962890625,-0.25830078125,1.5979999999999999
0.7175572519083969,0.7633587786259542,0.10687022900763359,-0.45068359375,-0.0126953125,-0.261962890625,1.5997
0.916030534351145,0.8396946564885496,0.0,-0.4453125,-0.0205078125,-0.261962890625,1.6014
0.8702290076335878,0.7938931297709924,-0.04580152671755725,-0.443603515625,-0.017578125,-0.266845703125,1.6031
0.6259541984732825,0.8091603053435115,-0.16793893129770993,-0.447021484375,-0.02490234375,-0.267333984375,1.6048
0.8091603053435115,0.8549618320610687,-0.183206106870229,-0.441650390625,-0.023193359375,-0.26953125,1.6064999999999998
0.7786259541984732,0.7786259541984732,0.015267175572519083,-0.445068359375,-0.015625,-0.266357421875,1.6081999999999999
0.8091603053435115,0.7786259541984732,-0.015267175572519083,-0.443359375,-0.0185546875,-0.2548828125,1.6098999999999999
0.6870229007633588,1.0534351145038168,-0.07633587786259542,-0.44580078125,-0.017578125,-0.255615234375,1.6116
0.6412213740458015,1.0229007633587786,-0.13740458015267176,-0.447021484375,-0.02001953125,-0.2587890625,1.6133
0.8854961832061069,1.083969465648855,-0.24427480916030533,-0.446533203125,-0.016845703125,-0.26513671875,1.615
0.549618320610687,1.0229007633587786,-0.07633587786259542,-0.44775390625,-0.015625,-0.26904296875,1.6166999999999998
0.5648854961832062,0.916030534351145,-0.061068702290076333,-0.446044921875,-0.019287109375,-0.256591796875,1.6183999999999998
0.7022900763358778,0.9312977099236641,0.030534351145038167,-0.447998046875,-0.023681640625,-0.267822265625,1.6200999999999999
0.48854961832061067,0.9770992366412213,-0.24427480916030533,-0.44287109375,-0.020263671875,-0.262939453125,1.6218
0.6870229007633588,0.9465648854961832,-0.24427480916030533,-0.447021484375,-0.015380859375,-0.25146484375,1.6235
0.5343511450381679,1.1145038167938932,-0.183206106870229,-0.449462890625,-0.018310546875,-0.259033203125,1.6252
0.42748091603053434,1.1908396946564885,-0.13740458015267176,-0.446044921875,-0.01953125,-0.26611328125,1.6269
0.44274809160305345,1.2213740458015268,-0.4580152671755725,-0.441650390625,-0.01416015625,-0.260498046875,1.6285999999999998
0.3511450381679389,1.282442748091603,-0.42748091603053434,-0.441162109375,-0.018310546875,-0.269287109375,1.6302999999999999
0.42748091603053434,1.0687022900763359,-0.5038167938931297,-0.445556640625,-0.0224609375,-0.2666015625,1.632
0.32061068702290074,1.1755725190839694,-0.5648854961832062,-0.44384765625,-0.0166015625,-0.2568359375,1.6337
0.2595419847328244,1.099236641221374,-0.5648854961832062,-0.447021484375,-0.02392578125,-0.26708984375,1.6354
0.4122137404580153,1.2366412213740459,-0.6412213740458015,-0.44091796875,-0.017333984375,-0.26416015625,1.6371
0.1984732824427481,1.099236641221374,-0.8396946564885496,-0.4443359375,-0.021484375,-0.264892578125,1.6387999999999998
0.12213740458015267,1.0687022900763359,-0.7022900763358778,-0.444580078125,-0.02197265625,-0.263671875,1.6404999999999998
0.061068702290076333,1.1297709923664123,-0.8244274809160306,-0.4423828125,-0.02197265625,-0.2626953125,1.6421999999999999
0.22900763358778625,1.282442748091603,-0.9312977099236641,-0.44677734375,-0.01953125,-0.266357421875,1.6439
0.10687022900763359,1.0687022900763359,-0.9770992366412213,-0.449951171875,-0.019775390625,-0.2568359375,1.6456
0.12213740458015267,1.1603053435114503,-1.0076335877862594,-0.44287109375,-0.021484375,-0.2724609375,1.6473
0.0,1.2061068702290076,-1.2671755725190839,-0.443603515625,-0.0205078125,-0.26416015625,1.6489999999999998
0.0,1.1755725190839694,-0.9465648854961832,-0.445556640625,-0.0185546875,-0.266845703125,1.6506999999999998
0.0,1.1450381679389312,-1.2366412213740459,-0.440185546875,-0.02099609375,-0.26123046875,1.6523999999999999
-0.21374045801526717,1.1450381679389312,-1.1297709923664123,-0.445068359375,-0.016357421875,-0.27490234375,1.6541
-0.183206106870229,1.0534351145038168,-1.3435114503816794,-0.44921875,-0.0146484375,-0.26904296875,1.6558
-0.24427480916030533,0.9770992366412213,-1.099236641221374,-0.447509765625,-0.017822265625,-0.26220703125,1.6575
-0.22900763358778625,1.083969465648855,-1.3282442748091603,-0.446533203125,-0.02099609375,-0.2666015625,1.6592
-0.16793893129770993,1.2061068702290076,-1.3435114503816794,-0.446533203125,-0.021240234375,-0.2646484375,1.6608999999999998
-0.3816793893129771,1.0687022900763359,-1.5114503816793894,-0.44140625,-0.01708984375,-0.260498046875,1.6625999999999999
-0.366412213740458,1.1755725190839694,-1.3740458015267176,-0.44873046875,-0.021728515625,-0.2568359375,1.6643
-0.4732824427480916,1.099236641221374,-1.3435114503816794,-0.445556640625,-0.020263671875,-0.271728515625,1.666
-0.3816793893129771,1.1755725190839694,-1.4198473282442747,-0.448974609375,-0.02197265625,-0.265380859375,1.6677
-0.4122137404580153,1.1755725190839694,-1.465648854961832,-0.444580078125,-0.01513671875,-0.269775390625,1.6694
-0.5648854961832062,1.282442748091603,-1.4045801526717556,-0.447998046875,-0.01220703125,-0.271728515625,1.6710999999999998
-0.4732824427480916,1.3740458015267176,-1.786259541984733,-0.4462890625,-0.018310546875,-0.2666015625,1.6727999999999998
-0.5190839694656488,1.282442748091603,-1.5572519083969465,-0.446044921875,-0.015380859375,-0.26416015625,1.6744999999999999
-0.44274809160305345,1.3893129770992367,-1.3893129770992367,-0.44921875,-0.016357421875,-0.26318359375,1.6762
-0.4732824427480916,1.2213740458015268,-1.4045801526717556,-0.44921875,-0.0146484375,-0.2626953125,1.6779
-0.6564885496183206,1.251908396946565,-1.5725190839694656,-0.448486328125,-0.015380859375,-0.26025390625,1.6796
-0.5038167938931297,1.251908396946565,-1.5725190839694656,-0.44287109375,-0.016845703125,-0.267578125,1.6813
-0.5343511450381679,1.3893129770992367,-1.7709923664122138,-0.44970703125,-0.017822265625,-0.2626953125,1.6829999999999998
-0.5343511450381679,1.3435114503816794,-1.6946564885496183,-0.44921875,-0.01806640625,-0.252197265625,1.6846999999999999
-0.549618320610687,1.2671755725190839,-1.8015267175572518,-0.44970703125,-0.015625,-0.2685546875,1.6864
-0.44274809160305345,1.5267175572519085,-1.816793893129771,-0.447509765625,-0.015869140625,-0.260498046875,1.6881
-0.4122137404580153,1.4961832061068703,-2.0610687022900764,-0.447509765625,-0.013916015625,-0.26318359375,1.6898
-0.21374045801526717,1.618320610687023,-1.9083969465648856,-0.442626953125,-0.016357421875,-0.2626953125,1.6915
-0.2900763358778626,1.6488549618320612,-2.213740458015267,-0.446044921875,-0.01513671875,-0.2685546875,1.6931999999999998
-0.33587786259541985,1.5877862595419847,-2.030534351145038,-0.447265625,-0.017333984375,-0.2607421875,1.6948999999999999
-0.061068702290076333,1.6488549618320612,-2.2290076335877864,-0.448974609375,-0.014404296875,-0.269287109375,1.6965999999999999
-0.13740458015267176,1.6946564885496183,-2.1068702290076335,-0.447998046875,-0.013916015625,-0.2587890625,1.6983
0.07633587786259542,1.7099236641221374,-2.2290076335877864,-0.44091796875,-0.01708984375,-0.26171875,1.7
0.10687022900763359,1.4809160305343512,-2.4427480916030535,-0.4462890625,-0.015625,-0.25830078125,1.7017
0.015267175572519083,1.6030534351145038,-2.2900763358778624,-0.443603515625,-0.015380859375,-0.261962890625,1.7033999999999998
0.2748091603053435,1.4961832061068703,-2.16793893129771,-0.445068359375,-0.015380859375,-0.2626953125,1.7050999999999998
0.3053435114503817,1.4961832061068703,-2.2290076335877864,-0.444091796875,-0.016357421875,-0.259765625,1.7067999999999999
0.15267175572519084,1.4809160305343512,-2.16793893129771,-0.44677734375,-0.015625,-0.266845703125,1.7085
0.3053435114503817,1.450381679389313,-2.381679389312977,-0.44873046875,-0.017822265625,-0.249755859375,1.7102
0.44274809160305345,1.6488549618320612,-2.366412213740458,-0.44775390625,-0.016357421875,-0.254638671875,1.7119
0.33587786259541985,1.6641221374045803,-2.3053435114503817,-0.444091796875,-0.01953125,-0.260498046875,1.7136
0.3053435114503817,1.618320610687023,-2.183206106870229,-0.442626953125,-0.017822265625,-0.26904296875,1.7152999999999998
0.5801526717557252,1.8015267175572518,-2.381679389312977,-0.444091796875,-0.0146484375,-0.261474609375,1.7169999999999999
0.5190839694656488,1.6641221374045803,-2.2290076335877864,-0.4443359375,-0.01904296875,-0.261474609375,1.7187
0.6717557251908397,1.633587786259542,-2.183206106870229,-0.44873046875,-0.018798828125,-0.257080078125,1.7204
0.8702290076335878,1.984732824427481,-2.1374045801526718,-0.4501953125,-0.016357421875,-0.27099609375,1.7221
0.6564885496183206,1.8473282442748091,-2.3053435114503817,-0.445556640625,-0.011474609375,-0.267578125,1.7238
0.732824427480916,1.786259541984733,-2.0610687022900764,-0.447265625,-0.014404296875,-0.272705078125,1.7254999999999998
1.0076335877862594,1.83206106870229,-2.198473282442748,-0.447509765625,-0.01025390625,-0.2646484375,1.7271999999999998
0.8244274809160306,1.8015267175572518,-2.2290076335877864,-0.44384765625,-0.016357421875,-0.263427734375,1.7288999999999999
0.8854961832061069,1.83206106870229,-2.122137404580153,-0.447021484375,-0.01806640625,-0.270751953125,1.7306
0.916030534351145,1.7404580152671756,-2.183206106870229,-0.444580078125,-0.01708984375,-0.26220703125,1.7323
0.9465648854961832,1.9541984732824427,-2.198473282442748,-0.44140625,-0.018798828125,-0.25927734375,1.734
0.9312977099236641,1.786259541984733,-1.984732824427481,-0.44921875,-0.013916015625,-0.262451171875,1.7356999999999998
1.083969465648855,1.816793893129771,-2.0610687022900764,-0.446044921875,-0.014404296875,-0.267578125,1.7373999999999998
1.1297709923664123,1.7404580152671756,-2.0916030534351147,-0.443359375,-0.015380859375,-0.255615234375,1.7390999999999999
1.0229007633587786,1.7099236641221374,-2.16793893129771,-0.446533203125,-0.015869140625,-0.255615234375,1.7408
1.099236641221374,1.633587786259542,-2.1374045801526718,-0.442138671875,-0.018310546875,-0.26416015625,1.7425
1.251908396946565,1.618320610687023,-2.045801526717557,-0.44384765625,-0.01513671875,-0.268310546875,1.7442
1.2061068702290076,1.5725190839694656,-1.8931297709923665,-0.4453125,-0.0166015625,-0.267822265625,1.7459
1.1603053435114503,1.633587786259542,-2.1374045801526718,-0.44775390625,-0.015869140625,-0.267822265625,1.7475999999999998
1.3435114503816794,1.633587786259542,-2.015267175572519,-0.439208984375,-0.021484375,-0.2705078125,1.7492999999999999
1.3282442748091603,1.6793893129770991,-1.6641221374045803,-0.4443359375,-0.017578125,-0.26904296875,1.751
1.3129770992366412,1.4198473282442747,-1.786259541984733,-0.44091796875,-0.01806640625,-0.261474609375,1.7527
1.465648854961832,1.4961832061068703,-1.83206106870229,-0.440185546875,-0.016357421875,-0.26708984375,1.7544
1.3893129770992367,1.5267175572519085,-1.7251908396946565,-0.447265625,-0.013916015625,-0.26025390625,1.7561
1.3893129770992367,1.4351145038167938,-1.7709923664122138,-0.442138671875,-0.01904296875,-0.261962890625,1.7577999999999998
1.3435114503816794,1.5114503816793894,-1.633587786259542,-0.44140625,-0.012451171875,-0.265869140625,1.7594999999999998
1.3587786259541985,1.465648854961832,-1.633587786259542,-0.44580078125,-0.019775390625,-0.265380859375,1.7611999999999999
1.297709923664122,1.450381679389313,-1.786259541984733,-0.44384765625,-0.0263671875,-0.262939453125,1.7629
1.3129770992366412,1.3587786259541985,-1.6030534351145038,-0.4453125,-0.0205078125,-0.2587890625,1.7646
1.3129770992366412,1.2671755725190839,-1.5267175572519085,-0.443603515625,-0.021728515625,-0.26025390625,1.7663
1.3435114503816794,1.3435114503816794,-1.618320610687023,-0.44140625,-0.0166015625,-0.261474609375,1.7679999999999998
1.3587786259541985,1.3893129770992367,-1.5725190839694656,-0.44140625,-0.0224609375,-0.26416015625,1.7696999999999998
1.465648854961832,1.3435114503816794,-1.4961832061068703,-0.44384765625,-0.024169921875,-0.26416015625,1.7713999999999999
1.3893129770992367,1.1908396946564885,-1.4351145038167938,-0.447021484375,-0.0244140625,-0.26611328125,1.7731
1.251908396946565,1.2213740458015268,-1.2671755725190839,-0.44140625,-0.017822265625,-0.265869140625,1.7748
1.297709923664122,1.3740458015267176,-1.7251908396946565,-0.44873046875,-0.01953125,-0.2705078125,1.7765
1.3740458015267176,1.1145038167938932,-1.4045801526717556,-0.44482421875,-0.020751953125,-0.267578125,1.7782
1.282442748091603,1.1450381679389312,-1.1297709923664123,-0.443603515625,-0.02197265625,-0.26611328125,1.7798999999999998
1.3740458015267176,1.0229007633587786,-1.2366412213740459,-0.43994140625,-0.023193359375,-0.267822265625,1.7815999999999999
1.1755725190839694,1.1603053435114503,-1.1908396946564885,-0.447509765625,-0.01708984375,-0.26806640625,1.7832999999999999
1.0381679389312977,0.9923664122137404,-1.2061068702290076,-0.44482421875,-0.015625,-0.2578125,1.785
1.282442748091603,1.083969465648855,-1.0381679389312977,-0.446533203125,-0.019775390625,-0.267333984375,1.7867
1.3282442748091603,1.1145038167938932,-1.0229007633587786,-0.43896484375,-0.021484375,-0.268798828125,1.7884
1.2061068702290076,1.0534351145038168,-1.1603053435114503,-0.437255859375,-0.024658203125,-0.271728515625,1.7900999999999998
1.3893129770992367,1.0381679389312977,-0.9618320610687023,-0.446044921875,-0.01806640625,-0.2705078125,1.7917999999999998
1.083969465648855,1.0076335877862594,-1.1450381679389312,-0.44287109375,-0.01513671875,-0.256591796875,1.7934999999999999
1.2366412213740459,1.083969465648855,-1.0381679389312977,-0.4404296875,-0.01904296875,-0.26318359375,1.7952
1.3282442748091603,0.9923664122137404,-0.9923664122137404,-0.44970703125,-0.01708984375,-0.25927734375,1.7969
0.9770992366412213,1.1603053435114503,-1.0076335877862594,-0.44189453125,-0.01953125,-0.26904296875,1.7986
1.0076335877862594,0.916030534351145,-1.1297709923664123,-0.444091796875,-0.01806640625,-0.2685546875,1.8002999999999998
1.083969465648855,1.0381679389312977,-0.9312977099236641,-0.44482421875,-0.01904296875,-0.265869140625,1.8019999999999998
0.916030534351145,1.1450381679389312,-0.9618320610687023,-0.447265625,-0.023193359375,-0.2578125,1.8036999999999999
0.8702290076335878,1.2213740458015268,-0.9770992366412213,-0.4443359375,-0.0224609375,-0.260498046875,1.8054
0.8702290076335878,1.1450381679389312,-1.099236641221374,-0.449951171875,-0.018798828125,-0.265380859375,1.8071
0.9007633587786259,0.916030534351145,-1.0534351145038168,-0.443359375,-0.015869140625,-0.265869140625,1.8088
1.0076335877862594,0.9770992366412213,-1.0076335877862594,-0.447998046875,-0.017578125,-0.265380859375,1.8105
0.9465648854961832,1.0534351145038168,-1.0381679389312977,-0.447509765625,-0.020751953125,-0.25927734375,1.8121999999999998
0.7480916030534351,1.251908396946565,-0.9618320610687023,-0.44384765625,-0.020751953125,-0.26708984375,1.8138999999999998
0.8091603053435115,1.0687022900763359,-1.0381679389312977,-0.446044921875,-0.02099609375,-0.261962890625,1.8155999999999999
0.6259541984732825,1.0229007633587786,-1.0534351145038168,-0.44921875,-0.025146484375,-0.2646484375,1.8173
0.7938931297709924,1.297709923664122,-1.0229007633587786,-0.452392578125,-0.022705078125,-0.265625,1.819
0.549618320610687,1.2061068702290076,-1.0687022900763359,-0.44287109375,-0.022705078125,-0.26171875,1.8207
0.6412213740458015,1.251908396946565,-1.0229007633587786,-0.449951171875,-0.02001953125,-0.263916015625,1.8223999999999998
0.6870229007633588,1.1755725190839694,-1.2213740458015268,-0.4462890625,-0.021240234375,-0.26904296875,1.8240999999999998
0.4732824427480916,1.1450381679389312,-1.0381679389312977,-0.44384765625,-0.0263671875,-0.25927734375,1.8257999999999999
0.44274809160305345,1.3129770992366412,-1.1297709923664123,-0.450439453125,-0.025634765625,-0.26123046875,1.8275
0.5648854961832062,1.282442748091603,-0.9923664122137404,-0.446044921875,-0.02685546875,-0.25927734375,1.8292
0.48854961832061067,1.3282442748091603,-1.251908396946565,-0.44775390625,-0.023193359375,-0.267822265625,1.8309
0.3969465648854962,1.3282442748091603,-1.0381679389312977,-0.444580078125,-0.0224609375,-0.265625,1.8326
0.42748091603053434,1.465648854961832,-0.9618320610687023,-0.447021484375,-0.01611328125,-0.26318359375,1.8342999999999998
0.33587786259541985,1.282442748091603,-0.8244274809160306,-0.4482421875,-0.02099609375,-0.26611328125,1.8359999999999999
0.2595419847328244,1.4809160305343512,-1.0076335877862594,-0.448974609375,-0.017822265625,-0.263427734375,1.8377
0.3053435114503817,1.4809160305343512,-0.8549618320610687,-0.4443359375,-0.017822265625,-0.2685546875,1.8394
0.15267175572519084,1.3587786259541985,-1.251908396946565,-0.44873046875,-0.02001953125,-0.270263671875,1.8411
0.16793893129770993,1.4351145038167938,-1.0381679389312977,-0.442138671875,-0.0224609375,-0.272705078125,1.8428
0.2748091603053435,1.5267175572519085,-1.0687022900763359,-0.451171875,-0.02490234375,-0.261962890625,1.8444999999999998
0.22900763358778625,1.4809160305343512,-0.9007633587786259,-0.44580078125,-0.01806640625,-0.270751953125,1.8461999999999998
0.10687022900763359,1.6641221374045803,-1.099236641221374,-0.446044921875,-0.02197265625,-0.259765625,1.8478999999999999
0.030534351145038167,1.5877862595419847,-0.9618320610687023,-0.441650390625,-0.025634765625,-0.2568359375,1.8496
-0.04580152671755725,1.7251908396946565,-1.1297709923664123,-0.444091796875,-0.02490234375,-0.25537109375,1.8513
0.07633587786259542,1.5725190839694656,-0.9465648854961832,-0.447265625,-0.023193359375,-0.26123046875,1.853
0.16793893129770993,1.3587786259541985,-1.1297709923664123,-0.44775390625,-0.02099609375,-0.2587890625,1.8546999999999998
0.366412213740458,1.465648854961832,-1.0534351145038168,-0.447021484375,-0.018798828125,-0.2607421875,1.8563999999999998
-0.12213740458015267,1.6030534351145038,-1.2671755725190839,-0.44140625,-0.024658203125,-0.265869140625,1.8580999999999999
0.015267175572519083,1.618320610687023,-0.8091603053435115,-0.4423828125,-0.017333984375,-0.2626953125,1.8598
0.12213740458015267,1.4961832061068703,-1.1603053435114503,-0.446044921875,-0.014892578125,-0.2685546875,1.8615
-0.0916030534351145,1.5725190839694656,-1.083969465648855,-0.443603515625,-0.017333984375,-0.265625,1.8632
-0.1984732824427481,1.5725190839694656,-1.1755725190839694,-0.446533203125,-0.019287109375,-0.261474609375,1.8649
-0.33587786259541985,1.450381679389313,-1.1297709923664123,-0.441650390625,-0.02001953125,-0.267822265625,1.8665999999999998
0.0,1.6793893129770991,-1.1145038167938932,-0.4501953125,-0.019775390625,-0.254638671875,1.8682999999999998
0.10687022900763359,1.5114503816793894,-0.9923664122137404,-0.449951171875,-0.02197265625,-0.265625,1.8699999999999999
-0.07633587786259542,1.633587786259542,-1.2671755725190839,-0.4443359375,-0.021728515625,-0.268798828125,1.8717
-0.015267175572519083,1.7099236641221374,-1.0381679389312977,-0.443603515625,-0.017578125,-0.270263671875,1.8734
-0.07633587786259542,1.6946564885496183,-1.1908396946564885,-0.4443359375,-0.019287109375,-0.26171875,1.8751
-0.13740458015267176,1.8625954198473282,-1.1450381679389312,-0.442138671875,-0.01904296875,-0.255126953125,1.8767999999999998
-0.061068702290076333,1.6793893129770991,-1.3129770992366412,-0.447998046875,-0.01904296875,-0.263427734375,1.8784999999999998
0.030534351145038167,1.6946564885496183,-1.282442748091603,-0.44873046875,-0.017333984375,-0.2685546875,1.8801999999999999
-0.015267175572519083,1.786259541984733,-1.450381679389313,-0.4482421875,-0.0185546875,-0.26318359375,1.8819
-0.030534351145038167,1.6030534351145038,-1.1908396946564885,-0.447998046875,-0.015869140625,-0.26171875,1.8836
0.1984732824427481,1.5877862595419847,-1.450381679389313,-0.447998046875,-0.017822265625,-0.262939453125,1.8853
-0.12213740458015267,1.618320610687023,-1.450381679389313,-0.441650390625,-0.015380859375,-0.266845703125,1.8869999999999998
0.0,1.7251908396946565,-1.3129770992366412,-0.44580078125,-0.020263671875,-0.268310546875,1.8886999999999998
0.10687022900763359,1.633587786259542,-1.4351145038167938,-0.446533203125,-0.02197265625,-0.26806640625,1.8903999999999999
0.15267175572519084,1.5877862595419847,-1.450381679389313,-0.4443359375,-0.014892578125,-0.255859375,1.8921
0.04580152671755725,1.6793893129770991,-1.3129770992366412,-0.447509765625,-0.016845703125,-0.2626953125,1.8938
0.2595419847328244,1.618320610687023,-1.4351145038167938,-0.445556640625,-0.018310546875,-0.26220703125,1.8955
0.16793893129770993,1.618320610687023,-1.5267175572519085,-0.445068359375,-0.016357421875,-0.267333984375,1.8972
0.21374045801526717,1.7709923664122138,-1.3587786259541985,-0.442626953125,-0.01513671875,-0.261962890625,1.8988999999999998
0.13740458015267176,1.786259541984733,-1.297709923664122,-0.44775390625,-0.013671875,-0.267333984375,1.9005999999999998
0.21374045801526717,1.8625954198473282,-1.3740458015267176,-0.44677734375,-0.019287109375,-0.270751953125,1.9022999999999999
0.12213740458015267,1.6946564885496183,-1.3282442748091603,-0.44677734375,-0.017333984375,-0.2587890625,1.904
0.4122137404580153,1.7099236641221374,-1.4198473282442747,-0.447021484375,-0.018798828125,-0.259765625,1.9057
0.366412213740458,1.9083969465648856,-1.297709923664122,-0.44482421875,-0.019287109375,-0.26171875,1.9074
0.3511450381679389,1.8625954198473282,-1.4198473282442747,-0.444580078125,-0.01904296875,-0.261474609375,1.9090999999999998
0.3969465648854962,2.0,-1.2366412213740459,-0.447265625,-0.015380859375,-0.263916015625,1.9107999999999998
0.3969465648854962,1.9083969465648856,-1.5419847328244274,-0.44091796875,-0.017333984375,-0.254150390625,1.9124999999999999
0.366412213740458,1.8778625954198473,-1.3740458015267176,-0.44482421875,-0.017578125,-0.263671875,1.9142
0.4580152671755725,1.7404580152671756,-1.5877862595419847,-0.44287109375,-0.01708984375,-0.258544921875,1.9159
0.44274809160305345,1.7099236641221374,-1.3435114503816794,-0.444580078125,-0.021240234375,-0.260009765625,1.9176
0.5190839694656488,1.786259541984733,-1.297709923664122,-0.446533203125,-0.0146484375,-0.261962890625,1.9192999999999998
0.366412213740458,1.6488549618320612,-1.3740458015267176,-0.446044921875,-0.0185546875,-0.26416015625,1.9209999999999998
0.732824427480916,1.7557251908396947,-1.3129770992366412,-0.444091796875,-0.019287109375,-0.2587890625,1.9226999999999999
0.5954198473282443,1.6793893129770991,-1.297709923664122,-0.44384765625,-0.02197265625,-0.262939453125,1.9243999999999999
0.7175572519083969,1.9541984732824427,-1.3893129770992367,-0.444091796875,-0.014404296875,-0.262939453125,1.9261
0.48854961832061067,1.83206106870229,-1.465648854961832,-0.444580078125,-0.015380859375,-0.267822265625,1.9278
0.5954198473282443,1.8778625954198473,-1.2671755725190839,-0.444580078125,-0.01318359375,-0.26171875,1.9295
0.6259541984732825,1.9236641221374047,-1.1908396946564885,-0.44140625,-0.019775390625,-0.26318359375,1.9311999999999998
0.6106870229007634,2.015267175572519,-1.3740458015267176,-0.447509765625,-0.01708984375,-0.265380859375,1.9328999999999998
0.7175572519083969,1.8625954198473282,-1.0687022900763359,-0.447265625,-0.019775390625,-0.271484375,1.9345999999999999
0.7022900763358778,2.0,-1.1908396946564885,-0.445068359375,-0.017578125,-0.259033203125,1.9363
0.8702290076335878,2.0610687022900764,-1.2213740458015268,-0.44580078125,-0.015380859375,-0.26904296875,1.938
0.9465648854961832,1.9236641221374047,-1.2671755725190839,-0.443359375,-0.0234375,-0.273193359375,1.9397
0.8244274809160306,2.122137404580153,-1.083969465648855,-0.442138671875,-0.014892578125,-0.263671875,1.9413999999999998
0.8244274809160306,2.030534351145038,-1.1297709923664123,-0.44970703125,-0.021240234375,-0.261962890625,1.9430999999999998
0.8702290076335878,2.122137404580153,-1.0534351145038168,-0.447509765625,-0.016357421875,-0.265625,1.9447999999999999
0.9770992366412213,2.122137404580153,-1.1450381679389312,-0.445068359375,-0.015380859375,-0.26171875,1.9465
1.0534351145038168,1.9236641221374047,-1.1755725190839694,-0.44873046875,-0.020263671875,-0.2685546875,1.9482
0.8702290076335878,2.1526717557251906,-0.9465648854961832,-0.447265625,-0.017822265625,-0.26708984375,1.9499
1.083969465648855,2.1068702290076335,-0.9007633587786259,-0.443359375,-0.0205078125,-0.26123046875,1.9516
1.083969465648855,2.198473282442748,-1.1603053435114503,-0.450439453125,-0.022216796875,-0.2705078125,1.9532999999999998
1.1450381679389312,2.1374045801526718,-0.8702290076335878,-0.4462890625,-0.0146484375,-0.268310546875,1.9549999999999998
1.1450381679389312,2.045801526717557,-0.7633587786259542,-0.443603515625,-0.016845703125,-0.265869140625,1.9566999999999999
1.0229007633587786,2.0916030534351147,-1.0381679389312977,-0.442626953125,-0.016357421875,-0.262939453125,1.9584
1.1297709923664123,2.3206106870229006,-0.9618320610687023,-0.44970703125,-0.015869140625,-0.263916015625,1.9601
1.1450381679389312,2.2442748091603053,-0.9312977099236641,-0.44970703125,-0.018310546875,-0.267822265625,1.9618
1.1145038167938932,2.3053435114503817,-0.732824427480916,-0.445556640625,-0.0166015625,-0.26904296875,1.9634999999999998
1.2366412213740459,2.4580152671755724,-0.6412213740458015,-0.450927734375,-0.025634765625,-0.261962890625,1.9651999999999998
1.297709923664122,2.5801526717557253,-0.8396946564885496,-0.44580078125,-0.017822265625,-0.2783203125,1.9668999999999999
1.1603053435114503,2.6564885496183206,-0.7022900763358778,-0.447509765625,-0.019287109375,-0.275146484375,1.9686
1.2366412213740459,2.7786259541984735,-0.7175572519083969,-0.4541015625,-0.019775390625,-0.266845703125,1.9703
1.465648854961832,2.854961832061069,-0.7175572519083969,-0.44970703125,-0.02294921875,-0.26708984375,1.972
1.282442748091603,3.099236641221374,-0.6106870229007634,-0.454833984375,-0.021728515625,-0.2646484375,1.9736999999999998
1.2061068702290076,3.1755725190839694,-0.6412213740458015,-0.44970703125,-0.01953125,-0.266357421875,1.9753999999999998
1.2671755725190839,3.267175572519084,-0.6259541984732825,-0.451171875,-0.0166015625,-0.262451171875,1.9770999999999999
1.2366412213740459,3.3587786259541983,-0.6106870229007634,-0.4501953125,-0.01904296875,-0.270751953125,1.9788
1.2213740458015268,3.5267175572519083,-0.5190839694656488,-0.448486328125,-0.018798828125,-0.262939453125,1.9805
1.297709923664122,3.435114503816794,-0.6564885496183206,-0.45068359375,-0.0146484375,-0.273193359375,1.9822
1.297709923664122,3.618320610687023,-0.6870229007633588,-0.452880859375,-0.016845703125,-0.2685546875,1.9839
1.3282442748091603,3.801526717557252,-0.549618320610687,-0.449462890625,-0.019775390625,-0.2646484375,1.9855999999999998
1.3587786259541985,3.9083969465648853,-0.42748091603053434,-0.45068359375,-0.02099609375,-0.261962890625,1.9872999999999998
1.297709923664122,3.877862595419847,-0.8244274809160306,-0.447021484375,-0.019775390625,-0.26708984375,1.9889999999999999
1.4045801526717556,3.877862595419847,-0.6412213740458015,-0.451904296875,-0.01708984375,-0.265380859375,1.9907
1.2213740458015268,3.8625954198473282,-0.5343511450381679,-0.443603515625,-0.017578125,-0.25439453125,1.9924
1.1297709923664123,4.091603053435114,-0.549618320610687,-0.447998046875,-0.017578125,-0.260009765625,1.9941
1.3129770992366412,4.229007633587786,-0.5190839694656488,-0.45068359375,-0.0166015625,-0.262939453125,1.9957999999999998
1.3435114503816794,4.320610687022901,-0.3511450381679389,-0.455322265625,-0.02197265625,-0.266845703125,1.9974999999999998
1.2366412213740459,4.137404580152672,-0.48854961832061067,-0.44873046875,-0.022705078125,-0.26171875,1.9991999999999999
1.1755725190839694,4.137404580152672,-0.2748091603053435,-0.44482421875,-0.013671875,-0.267822265625,2.0008999999999997
1.3282442748091603,4.519083969465649,-0.3053435114503817,-0.44287109375,-0.019287109375,-0.271240234375,2.0025999999999997
1.2671755725190839,4.717557251908397,-0.3511450381679389,-0.453857421875,-0.020751953125,-0.26611328125,2.0042999999999997
1.1297709923664123,4.442748091603053,-0.4732824427480916,-0.448486328125,-0.018310546875,-0.256103515625,2.006
1.083969465648855,4.412213740458015,-0.366412213740458,-0.441650390625,-0.01953125,-0.258544921875,2.0077
1.0534351145038168,4.3816793893129775,-0.4122137404580153,-0.446044921875,-0.0205078125,-0.266845703125,2.0094
1.083969465648855,4.33587786259542,-0.3053435114503817,-0.4482421875,-0.0185546875,-0.2568359375,2.0111
0.9618320610687023,4.427480916030534,-0.2900763358778626,-0.44677734375,-0.015869140625,-0.263671875,2.0128
0.8854961832061069,4.351145038167939,-0.366412213740458,-0.444580078125,-0.019287109375,-0.256103515625,2.0145
1.083969465648855,4.427480916030534,-0.48854961832061067,-0.442626953125,-0.018310546875,-0.260498046875,2.0162
0.8396946564885496,4.305343511450381,-0.015267175572519083,-0.4501953125,-0.021240234375,-0.26416015625,2.0179
0.7480916030534351,4.3816793893129775,-0.13740458015267176,-0.448486328125,-0.02001953125,-0.260986328125,2.0196
0.9618320610687023,4.519083969465649,-0.2748091603053435,-0.4423828125,-0.016845703125,-0.267822265625,2.0213
0.6259541984732825,4.534351145038168,-0.42748091603053434,-0.44921875,-0.021484375,-0.262939453125,2.0229999999999997
0.7175572519083969,4.412213740458015,-0.1984732824427481,-0.449462890625,-0.023193359375,-0.26171875,2.0246999999999997
0.732824427480916,4.366412213740458,-0.2748091603053435,-0.44775390625,-0.023193359375,-0.266357421875,2.0263999999999998
0.7175572519083969,4.5038167938931295,-0.3053435114503817,-0.44677734375,-0.021728515625,-0.260986328125,2.0281
0.6259541984732825,4.396946564885496,-0.32061068702290074,-0.445556640625,-0.02197265625,-0.26611328125,2.0298
0.4580152671755725,4.473282442748092,-0.3511450381679389,-0.443359375,-0.0126953125,-0.26318359375,2.0315
0.48854961832061067,4.641221374045801,-0.366412213740458,-0.4423828125,-0.017333984375,-0.26513671875,2.0332
0.3053435114503817,4.5038167938931295,-0.366412213740458,-0.44677734375,-0.021240234375,-0.25830078125,2.0349
0.3969465648854962,4.488549618320611,-0.4580152671755725,-0.451171875,-0.017333984375,-0.2578125,2.0366
0.22900763358778625,4.488549618320611,-0.42748091603053434,-0.445556640625,-0.02099609375,-0.267822265625,2.0383
0.24427480916030533,4.656488549618321,-0.6412213740458015,-0.447021484375,-0.019287109375,-0.26708984375,2.04
0.13740458015267176,4.534351145038168,-0.5954198473282443,-0.446044921875,-0.017822265625,-0.2626953125,2.0417
0.2595419847328244,4.442748091603053,-0.7480916030534351,-0.442626953125,-0.0185546875,-0.26220703125,2.0434
0.3969465648854962,4.6106870229007635,-0.6259541984732825,-0.446533203125,-0.018798828125,-0.272705078125,2.0450999999999997
0.183206106870229,4.748091603053435,-0.732824427480916,-0.445068359375,-0.02001953125,-0.2734375,2.0467999999999997
0.061068702290076333,4.641221374045801,-0.5038167938931297,-0.444580078125,-0.01806640625,-0.26025390625,2.0484999999999998
0.13740458015267176,4.6106870229007635,-0.732824427480916,-0.447509765625,-0.022705078125,-0.26416015625,2.0502
0.04580152671755725,4.793893129770993,-0.6106870229007634,-0.4482421875,-0.012939453125,-0.260986328125,2.0519
0.0,4.824427480916031,-0.8702290076335878,-0.444580078125,-0.0166015625,-0.26806640625,2.0536
-0.061068702290076333,4.8396946564885495,-0.8244274809160306,-0.451416015625,-0.01513671875,-0.260986328125,2.0553
0.0,4.900763358778626,-0.9770992366412213,-0.441162109375,-0.015625,-0.266845703125,2.057
-0.21374045801526717,4.900763358778626,-0.7938931297709924,-0.445556640625,-0.020263671875,-0.267578125,2.0587
0.04580152671755725,4.854961832061068,-0.8396946564885496,-0.44482421875,-0.01611328125,-0.260986328125,2.0604
-0.13740458015267176,4.809160305343512,-0.8396946564885496,-0.44677734375,-0.01708984375,-0.261962890625,2.0621
-0.16793893129770993,4.885496183206107,-1.0381679389312977,-0.4462890625,-0.01513671875,-0.271240234375,2.0638
-0.32061068702290074,5.022900763358779,-1.0076335877862594,-0.446044921875,-0.017333984375,-0.268798828125,2.0654999999999997
-0.15267175572519084,5.145038167938932,-1.297709923664122,-0.44677734375,-0.021240234375,-0.26171875,2.0671999999999997
-0.2900763358778626,4.961832061068702,-1.0229007633587786,-0.44384765625,-0.016845703125,-0.261962890625,2.0688999999999997
-0.3816793893129771,4.931297709923665,-1.1145038167938932,-0.451171875,-0.011474609375,-0.26416015625,2.0705999999999998
-0.12213740458015267,5.221374045801527,-1.099236641221374,-0.452392578125,-0.02294921875,-0.2646484375,2.0723
-0.16793893129770993,5.206106870229007,-1.2671755725190839,-0.453125,-0.019775390625,-0.261474609375,2.074
-0.2748091603053435,5.343511450381679,-1.251908396946565,-0.449951171875,-0.01806640625,-0.262451171875,2.0757
-0.2748091603053435,5.343511450381679,-1.1450381679389312,-0.451904296875,-0.019287109375,-0.265380859375,2.0774
-0.2900763358778626,5.648854961832061,-1.2671755725190839,-0.449462890625,-0.013671875,-0.2666015625,2.0791
-0.2595419847328244,5.770992366412214,-1.4961832061068703,-0.4501953125,-0.012939453125,-0.26123046875,2.0808
-0.3053435114503817,6.061068702290076,-1.1755725190839694,-0.458984375,-0.013427734375,-0.268798828125,2.0825
-0.366412213740458,6.198473282442748,-1.4351145038167938,-0.4580078125,-0.016845703125,-0.2685546875,2.0842
-0.33587786259541985,6.412213740458015,-1.465648854961832,-0.4521484375,-0.021240234375,-0.2646484375,2.0859
-0.5954198473282443,6.625954198473282,-1.465648854961832,-0.447509765625,-0.01708984375,-0.26025390625,2.0875999999999997
-0.5801526717557252,6.961832061068702,-1.282442748091603,-0.456298828125,-0.0185546875,-0.263671875,2.0892999999999997
-0.24427480916030533,7.145038167938932,-1.5572519083969465,-0.454345703125,-0.015869140625,-0.269287109375,2.0909999999999997
-0.3969465648854962,7.526717557251908,-1.4809160305343512,-0.461181640625,-0.02587890625,-0.26806640625,2.0927
-0.3969465648854962,7.770992366412214,-1.4045801526717556,-0.45751953125,-0.017578125,-0.261474609375,2.0944
-0.44274809160305345,8.01526717557252,-1.5114503816793894,-0.461669921875,-0.01611328125,-0.264892578125,2.0961
-0.7022900763358778,8.274809160305344,-1.633587786259542,-0.457275390625,-0.01708984375,-0.26025390625,2.0978
-0.4122137404580153,8.641221374045802,-1.7557251908396947,-0.459716796875,-0.015869140625,-0.2666015625,2.0995
-0.8244274809160306,8.992366412213741,-1.7404580152671756,-0.455078125,-0.016357421875,-0.268310546875,2.1012
-0.6106870229007634,9.267175572519085,-1.7709923664122138,-0.462158203125,-0.020263671875,-0.26513671875,2.1029
-0.6259541984732825,9.587786259541986,-1.816793893129771,-0.4599609375,-0.0126953125,-0.2666015625,2.1046
-0.549618320610687,9.725190839694656,-1.8015267175572518,-0.45751953125,-0.013916015625,-0.266357421875,2.1063
-0.4580152671755725,10.106870229007633,-2.0763358778625953,-0.460693359375,-0.015380859375,-0.26904296875,2.108
-0.6106870229007634,10.50381679389313,-1.83206106870229,-0.459228515625,-0.01904296875,-0.27294921875,2.1096999999999997
-0.6717557251908397,10.67175572519084,-1.9083969465648856,-0.461669921875,-0.01806640625,-0.269287109375,2.1113999999999997
-0.4732824427480916,10.992366412213741,-2.0610687022900764,-0.45849609375,-0.0185546875,-0.260498046875,2.1130999999999998
-0.6564885496183206,11.389312977099237,-1.83206106870229,-0.45849609375,-0.015380859375,-0.27294921875,2.1148
-0.8244274809160306,11.755725190839694,-2.0763358778625953,-0.46435546875,-0.019775390625,-0.272216796875,2.1165
-0.8244274809160306,11.908396946564885,-2.0610687022900764,-0.460205078125,-0.02294921875,-0.268798828125,2.1182
-0.8702290076335878,12.183206106870228,-2.0,-0.462890625,-0.018310546875,-0.27197265625,2.1199
-0.7633587786259542,12.610687022900763,-1.984732824427481,-0.464599609375,-0.0185546875,-0.263916015625,2.1216
-0.7786259541984732,12.793893129770993,-2.16793893129771,-0.461181640625,-0.02001953125,-0.264892578125,2.1233
-0.732824427480916,13.17557251908397,-2.366412213740458,-0.45556640625,-0.023681640625,-0.273681640625,2.125
-1.2061068702290076,13.358778625954198,-2.2748091603053435,-0.459228515625,-0.02001953125,-0.2685546875,2.1267
-0.7480916030534351,13.541984732824428,-2.2595419847328246,-0.456298828125,-0.02099609375,-0.267822265625,2.1284
-0.9465648854961832,13.86259541984733,-2.33587786259542,-0.453369140625,-0.020751953125,-0.256103515625,2.1300999999999997
-0.9770992366412213,14.045801526717558,-2.3206106870229006,-0.456787109375,-0.023193359375,-0.26416015625,2.1317999999999997
-1.0381679389312977,14.061068702290076,-2.366412213740458,-0.456787109375,-0.017578125,-0.265869140625,2.1334999999999997
-1.1450381679389312,14.381679389312977,-2.3206106870229006,-0.4501953125,-0.016357421875,-0.258544921875,2.1351999999999998
-1.251908396946565,14.427480916030534,-2.4580152671755724,-0.44921875,-0.017333984375,-0.26513671875,2.1369
-1.0534351145038168,14.564885496183207,-2.519083969465649,-0.452392578125,-0.0205078125,-0.26708984375,2.1386
-0.9465648854961832,14.687022900763358,-2.564885496183206,-0.45556640625,-0.025146484375,-0.269287109375,2.1403
-1.1297709923664123,14.854961832061068,-2.3969465648854964,-0.44921875,-0.02392578125,-0.2646484375,2.142
-1.297709923664122,15.053435114503817,-2.351145038167939,-0.45166015625,-0.017333984375,-0.267333984375,2.1437
-1.3893129770992367,15.19083969465649,-2.1068702290076335,-0.4521484375,-0.02001953125,-0.266845703125,2.1454
-1.2061068702290076,15.19083969465649,-2.3053435114503817,-0.455078125,-0.0224609375,-0.259033203125,2.1471
-1.1297709923664123,15.221374045801527,-2.381679389312977,-0.447998046875,-0.014892578125,-0.265869140625,2.1488
-1.3587786259541985,15.435114503816793,-2.3053435114503817,-0.445556640625,-0.021240234375,-0.264892578125,2.1505
-1.4045801526717556,15.374045801526718,-2.1526717557251906,-0.444580078125,-0.020751953125,-0.261474609375,2.1521999999999997
-1.450381679389313,15.526717557251908,-2.1526717557251906,-0.447021484375,-0.021728515625,-0.26220703125,2.1538999999999997
-1.251908396946565,15.618320610687023,-2.2748091603053435,-0.445068359375,-0.01904296875,-0.263671875,2.1555999999999997
-1.5267175572519085,15.572519083969466,-2.2442748091603053,-0.447265625,-0.02197265625,-0.262939453125,2.1572999999999998
-1.3129770992366412,15.633587786259541,-2.1526717557251906,-0.4443359375,-0.02099609375,-0.25927734375,2.159
-1.5114503816793894,15.541984732824428,-2.16793893129771,-0.44775390625,-0.0146484375,-0.258056640625,2.1607
-1.4045801526717556,15.709923664122137,-2.2900763358778624,-0.447265625,-0.02490234375,-0.260009765625,2.1624
-1.5725190839694656,15.526717557251908,-2.2900763358778624,-0.446044921875,-0.017333984375,-0.263671875,2.1641
-1.465648854961832,15.587786259541986,-2.2748091603053435,-0.4443359375,-0.019287109375,-0.270751953125,2.1658
-1.3435114503816794,15.450381679389313,-2.183206106870229,-0.444091796875,-0.017578125,-0.257568359375,2.1675
-1.450381679389313,15.419847328244275,-2.2748091603053435,-0.445556640625,-0.017822265625,-0.264892578125,2.1692
-1.465648854961832,15.557251908396946,-2.2595419847328246,-0.447021484375,-0.012451171875,-0.267578125,2.1709
-1.3129770992366412,15.603053435114504,-2.183206106870229,-0.43896484375,-0.014892578125,-0.264404296875,2.1726
-1.3893129770992367,15.664122137404581,-2.2900763358778624,-0.4453125,-0.0146484375,-0.27001953125,2.1742999999999997
-1.4351145038167938,15.511450381679388,-2.1526717557251906,-0.445068359375,-0.01611328125,-0.265869140625,2.1759999999999997
-1.4045801526717556,15.48091603053435,-2.16793893129771,-0.44091796875,-0.021240234375,-0.26416015625,2.1776999999999997
-1.5267175572519085,15.34351145038168,-2.2442748091603053,-0.439453125,-0.016845703125,-0.2646484375,2.1794
-1.450381679389313,15.053435114503817,-2.3053435114503817,-0.4384765625,-0.019287109375,-0.2734375,2.1811
-1.618320610687023,15.099236641221374,-1.9694656488549618,-0.442138671875,-0.019775390625,-0.271240234375,2.1828
-1.6030534351145038,15.16030534351145,-2.198473282442748,-0.443359375,-0.019775390625,-0.265380859375,2.1845
-1.5114503816793894,15.053435114503817,-2.198473282442748,-0.443115234375,-0.02197265625,-0.26025390625,2.1862
-1.2213740458015268,14.946564885496183,-2.2290076335877864,-0.442626953125,-0.018798828125,-0.272216796875,2.1879
-1.4961832061068703,15.038167938931299,-1.984732824427481,-0.443603515625,-0.016845703125,-0.2744140625,2.1896
-1.3282442748091603,15.221374045801527,-2.030534351145038,-0.4482421875,-0.01416015625,-0.271728515625,2.1913
-1.2213740458015268,15.312977099236642,-1.9236641221374047,-0.4453125,-0.018798828125,-0.271484375,2.193
-1.465648854961832,15.251908396946565,-1.9389312977099236,-0.447265625,-0.017578125,-0.265625,2.1947
-1.618320610687023,15.572519083969466,-1.7251908396946565,-0.44775390625,-0.016357421875,-0.26953125,2.1963999999999997
-1.3435114503816794,15.572519083969466,-1.7099236641221374,-0.4462890625,-0.017578125,-0.270751953125,2.1980999999999997
-1.1908396946564885,15.801526717557252,-1.6946564885496183,-0.449462890625,-0.017578125,-0.263427734375,2.1997999999999998
-1.1755725190839694,15.954198473282442,-1.7099236641221374,-0.4482421875,-0.021240234375,-0.2734375,2.2015
-1.297709923664122,15.86259541984733,-1.7709923664122138,-0.45361328125,-0.0146484375,-0.271484375,2.2032
-1.2366412213740459,16.091603053435115,-1.6946564885496183,-0.44970703125,-0.01611328125,-0.27392578125,2.2049
-1.1297709923664123,16.33587786259542,-1.5572519083969465,-0.454345703125,-0.014892578125,-0.27490234375,2.2066
-1.4198473282442747,16.625954198473284,-1.465648854961832,-0.453857421875,-0.01513671875,-0.273681640625,2.2083
-1.3587786259541985,16.85496183206107,-1.4961832061068703,-0.454345703125,-0.021484375,-0.277587890625,2.21
-1.3435114503816794,17.083969465648856,-1.6641221374045803,-0.457275390625,-0.016845703125,-0.273193359375,2.2117
-1.4351145038167938,17.374045801526716,-1.4045801526717556,-0.46240234375,-0.014892578125,-0.267578125,2.2134
-1.5114503816793894,17.572519083969464,-1.5114503816793894,-0.463134765625,-0.015869140625,-0.273681640625,2.2151
-1.3282442748091603,18.244274809160306,-1.3282442748091603,-0.461181640625,-0.01220703125,-0.2763671875,2.2167999999999997
-1.2671755725190839,18.47328244274809,-1.5114503816793894,-0.4658203125,-0.01611328125,-0.269775390625,2.2184999999999997
-1.3587786259541985,19.114503816793892,-1.4961832061068703,-0.466552734375,-0.01953125,-0.270263671875,2.2201999999999997
-1.1755725190839694,19.541984732824428,-1.6793893129770991,-0.46826171875,-0.018798828125,-0.27734375,2.2218999999999998
-1.1450381679389312,20.091603053435115,-1.5725190839694656,-0.46630859375,-0.01513671875,-0.28662109375,2.2236
-1.3435114503816794,20.519083969465647,-1.5877862595419847,-0.469970703125,-0.01708984375,-0.278076171875,2.2253
-1.297709923664122,20.885496183206108,-1.5877862595419847,-0.4609375,-0.010986328125,-0.275390625,2.227
-1.2671755725190839,21.328244274809162,-1.6946564885496183,-0.46484375,-0.016357421875,-0.275146484375,2.2287
-1.1145038167938932,21.770992366412212,-1.786259541984733,-0.461669921875,-0.015625,-0.278564453125,2.2304
-1.3740458015267176,22.137404580152673,-1.9083969465648856,-0.462158203125,-0.015869140625,-0.28271484375,2.2321
-1.1603053435114503,22.16793893129771,-2.045801526717557,-0.460205078125,-0.0107421875,-0.279541015625,2.2338
-1.3893129770992367,22.671755725190838,-2.16793893129771,-0.46337890625,-0.014404296875,-0.278564453125,2.2355
-1.083969465648855,23.0381679389313,-2.5343511450381677,-0.461669921875,-0.013671875,-0.268798828125,2.2372
-0.9923664122137404,23.328244274809162,-2.6259541984732824,-0.4580078125,-0.015380859375,-0.273681640625,2.2388999999999997
-1.0076335877862594,23.72519083969466,-2.6412213740458017,-0.4619140625,-0.01318359375,-0.2744140625,2.2405999999999997
-1.1145038167938932,24.213740458015266,-2.8702290076335877,-0.46337890625,-0.012939453125,-0.278076171875,2.2422999999999997
-0.7938931297709924,24.595419847328245,-2.900763358778626,-0.464111328125,-0.019287109375,-0.28662109375,2.2439999999999998
-0.9465648854961832,24.977099236641223,-3.145038167938931,-0.462890625,-0.0107421875,-0.2763671875,2.2457
-0.9007633587786259,25.374045801526716,-2.946564885496183,-0.461181640625,-0.014892578125,-0.270751953125,2.2474
-1.0076335877862594,25.984732824427482,-3.1755725190839694,-0.464111328125,-0.0146484375,-0.28515625,2.2491
-0.9312977099236641,26.442748091603054,-3.1297709923664123,-0.46923828125,-0.0166015625,-0.286376953125,2.2508
-0.7480916030534351,27.0381679389313,-3.267175572519084,-0.4697265625,-0.01416015625,-0.281005859375,2.2525
-0.7786259541984732,27.603053435114504,-3.2213740458015265,-0.470703125,-0.011474609375,-0.280029296875,2.2542
-0.6412213740458015,27.908396946564885,-3.2977099236641223,-0.46728515625,-0.012451171875,-0.27880859375,2.2559
-0.7022900763358778,28.641221374045802,-3.236641221374046,-0.471435546875,-0.015869140625,-0.27587890625,2.2576
-0.7175572519083969,29.374045801526716,-3.099236641221374,-0.470703125,-0.016845703125,-0.28125,2.2593
-0.5190839694656488,29.84732824427481,-3.1297709923664123,-0.468994140625,-0.019775390625,-0.28564453125,2.2609999999999997
-0.5190839694656488,30.38167938931298,-3.267175572519084,-0.4716796875,-0.017578125,-0.289794921875,2.2626999999999997
-0.5954198473282443,30.900763358778626,-3.4656488549618323,-0.465087890625,-0.011962890625,-0.283447265625,2.2643999999999997
-0.5954198473282443,31.61832061068702,-3.404580152671756,-0.4638671875,-0.015380859375,-0.28369140625,2.2661
-0.5343511450381679,32.06106870229008,-3.3893129770992365,-0.458740234375,-0.015380859375,-0.273193359375,2.2678
-0.2595419847328244,32.3206106870229,-3.572519083969466,-0.46044921875,-0.01611328125,-0.28076171875,2.2695
-0.3511450381679389,32.82442748091603,-3.5114503816793894,-0.462890625,-0.013427734375,-0.287353515625,2.2712
-0.4122137404580153,33.29770992366412,-3.618320610687023,-0.462646484375,-0.0107421875,-0.278076171875,2.2729
-0.3816793893129771,33.603053435114504,-3.633587786259542,-0.457275390625,-0.014892578125,-0.28466796875,2.2746
-0.24427480916030533,33.74045801526717,-3.5572519083969465,-0.45556640625,-0.0146484375,-0.2822265625,2.2763
-0.2900763358778626,33.969465648854964,-3.648854961832061,-0.449462890625,-0.0166015625,-0.287109375,2.278
-0.183206106870229,34.2442748091603,-3.7099236641221376,-0.45361328125,-0.013671875,-0.280517578125,2.2797
-0.32061068702290074,34.534351145038165,-3.5877862595419847,-0.4521484375,-0.0224609375,-0.284912109375,2.2814
-0.24427480916030533,34.717557251908396,-3.7099236641221376,-0.455078125,-0.014404296875,-0.282470703125,2.2830999999999997
-0.12213740458015267,35.05343511450382,-3.786259541984733,-0.45166015625,-0.01220703125,-0.27880859375,2.2847999999999997
-0.22900763358778625,35.45038167938932,-3.7709923664122136,-0.455078125,-0.010986328125,-0.28125,2.2864999999999998
-0.2595419847328244,35.6793893129771,-3.5267175572519083,-0.455322265625,-0.01708984375,-0.28759765625,2.2882
-0.1984732824427481,36.152671755725194,-3.435114503816794,-0.458984375,-0.011474609375,-0.285400390625,2.2899
-0.24427480916030533,36.54961832061068,-3.7251908396946565,-0.455810546875,-0.013671875,-0.285400390625,2.2916
-0.2595419847328244,36.916030534351144,-3.5877862595419847,-0.45849609375,-0.013427734375,-0.28857421875,2.2933
0.015267175572519083,37.38931297709924,-3.572519083969466,-0.4609375,-0.018310546875,-0.287841796875,2.295
-0.15267175572519084,37.908396946564885,-3.6793893129770994,-0.456298828125,-0.018798828125,-0.285400390625,2.2967
-0.2748091603053435,38.30534351145038,-3.786259541984733,-0.451416015625,-0.0166015625,-0.28662109375,2.2984
-0.13740458015267176,38.85496183206107,-3.5419847328244276,-0.46044921875,-0.018310546875,-0.28662109375,2.3001
0.12213740458015267,39.343511450381676,-3.5114503816793894,-0.459716796875,-0.014892578125,-0.29833984375,2.3018
-0.061068702290076333,39.83206106870229,-3.5572519083969465,-0.467041015625,-0.017822265625,-0.2939453125,2.3034999999999997
0.13740458015267176,40.229007633587784,-3.6793893129770994,-0.4638671875,-0.014404296875,-0.2890625,2.3051999999999997
-0.030534351145038167,40.80916030534351,-3.572519083969466,-0.457763671875,-0.01513671875,-0.2978515625,2.3068999999999997
0.24427480916030533,41.343511450381676,-3.49618320610687,-0.456298828125,-0.011962890625,-0.2900390625,2.3085999999999998
0.12213740458015267,41.81679389312977,-3.5419847328244276,-0.4580078125,-0.0126953125,-0.2880859375,2.3103
0.0916030534351145,42.229007633587784,-3.648854961832061,-0.455078125,-0.012939453125,-0.294921875,2.312
0.0916030534351145,42.717557251908396,-3.633587786259542,-0.448974609375,-0.012939453125,-0.292236328125,2.3137
0.2595419847328244,42.99236641221374,-3.633587786259542,-0.451171875,-0.013916015625,-0.2880859375,2.3154
0.3053435114503817,43.45038167938932,-3.6793893129770994,-0.4462890625,-0.017578125,-0.296875,2.3171
0.2900763358778626,43.83206106870229,-3.8625954198473282,-0.453125,-0.011962890625,-0.300537109375,2.3188
0.24427480916030533,44.2442748091603,-3.877862595419847,-0.450927734375,-0.01416015625,-0.298095703125,2.3205
0.3969465648854962,44.58015267175573,-3.9083969465648853,-0.450927734375,-0.015380859375,-0.300048828125,2.3222
0.366412213740458,44.93129770992366,-4.122137404580153,-0.45458984375,-0.0185546875,-0.294921875,2.3239
0.1984732824427481,45.32824427480916,-4.152671755725191,-0.452880859375,-0.015380859375,-0.30078125,2.3255999999999997
0.12213740458015267,45.6793893129771,-4.259541984732825,-0.450439453125,-0.01318359375,-0.302978515625,2.3272999999999997
0.4732824427480916,46.13740458015267,-4.412213740458015,-0.451904296875,-0.010986328125,-0.30029296875,2.3289999999999997
0.3816793893129771,46.50381679389313,-4.442748091603053,-0.451904296875,-0.0126953125,-0.301513671875,2.3306999999999998
0.21374045801526717,46.85496183206107,-4.687022900763359,-0.453857421875,-0.01025390625,-0.299560546875,2.3324
0.549618320610687,47.48091603053435,-4.656488549618321,-0.451171875,-0.012451171875,-0.298583984375,2.3341
0.4580152671755725,47.969465648854964,-4.9465648854961835,-0.449462890625,-0.015380859375,-0.29736328125,2.3358
0.549618320610687,48.36641221374046,-4.809160305343512,-0.447998046875,-0.009521484375,-0.30517578125,2.3375
0.366412213740458,48.79389312977099,-5.083969465648855,-0.451171875,-0.011474609375,-0.29736328125,2.3392
0.7175572519083969,49.267175572519086,-5.129770992366412,-0.448974609375,-0.010498046875,-0.30810546875,2.3409
0.6717557251908397,49.74045801526717,-5.465648854961832,-0.44482421875,-0.0107421875,-0.30859375,2.3426
0.42748091603053434,50.412213740458014,-5.511450381679389,-0.447509765625,-0.01416015625,-0.296630859375,2.3443
0.732824427480916,50.68702290076336,-5.862595419847328,-0.44384765625,-0.017333984375,-0.308837890625,2.346
0.6106870229007634,50.717557251908396,-5.801526717557252,-0.45068359375,-0.01123046875,-0.308349609375,2.3476999999999997
0.6106870229007634,51.343511450381676,-6.137404580152672,-0.447509765625,-0.011474609375,-0.302001953125,2.3493999999999997
0.6870229007633588,51.7557251908397,-6.1679389312977095,-0.444580078125,-0.010986328125,-0.310302734375,2.3510999999999997
0.42748091603053434,52.045801526717554,-6.183206106870229,-0.445556640625,-0.015869140625,-0.3017578125,2.3528
0.5190839694656488,52.47328244274809,-6.290076335877862,-0.44482421875,-0.01513671875,-0.309814453125,2.3545
0.7938931297709924,52.82442748091603,-6.809160305343512,-0.44677734375,-0.019287109375,-0.315673828125,2.3562
0.7480916030534351,53.05343511450382,-6.6106870229007635,-0.446533203125,-0.020263671875,-0.31201171875,2.3579
0.6412213740458015,53.587786259541986,-7.00763358778626,-0.445556640625,-0.015869140625,-0.310791015625,2.3596
0.5038167938931297,54.12213740458015,-7.175572519083969,-0.447509765625,-0.01416015625,-0.318603515625,2.3613
0.6870229007633588,54.50381679389313,-7.175572519083969,-0.447998046875,-0.01416015625,-0.316162109375,2.363
0.8396946564885496,54.87022900763359,-7.1603053435114505,-0.44189453125,-0.012939453125,-0.31298828125,2.3647
0.916030534351145,55.603053435114504,-7.374045801526718,-0.448974609375,-0.013427734375,-0.315185546875,2.3664
0.7175572519083969,56.045801526717554,-7.4961832061068705,-0.44482421875,-0.013916015625,-0.310791015625,2.3680999999999996
0.6564885496183206,56.61068702290076,-7.603053435114504,-0.445556640625,-0.011474609375,-0.3115234375,2.3697999999999997
0.9770992366412213,56.99236641221374,-7.66412213740458,-0.44873046875,-0.011474609375,-0.309326171875,2.3714999999999997
0.7938931297709924,57.43511450381679,-7.938931297709924,-0.4404296875,-0.0146484375,-0.318359375,2.3731999999999998
0.7633587786259542,57.89312977099237,-7.801526717557252,-0.441650390625,-0.013427734375,-0.316650390625,2.3749
0.732824427480916,58.44274809160305,-8.091603053435115,-0.435791015625,-0.01513671875,-0.314208984375,2.3766
0.7938931297709924,58.82442748091603,-8.0,-0.439697265625,-0.016357421875,-0.316162109375,2.3783
0.8244274809160306,59.23664122137404,-8.351145038167939,-0.43603515625,-0.013427734375,-0.314453125,2.38
0.9618320610687023,59.221374045801525,-8.290076335877863,-0.435302734375,-0.01318359375,-0.306640625,2.3817
0.9465648854961832,59.3587786259542,-8.641221374045802,-0.4384765625,-0.015869140625,-0.3115234375,2.3834
0.7633587786259542,59.64885496183206,-8.51908396946565,-0.427001953125,-0.014892578125,-0.316650390625,2.3851
0.9923664122137404,59.70992366412214,-8.702290076335878,-0.428466796875,-0.017578125,-0.30908203125,2.3868
0.8244274809160306,59.725190839694655,-8.931297709923664,-0.428466796875,-0.019287109375,-0.318603515625,2.3885
0.8396946564885496,59.87786259541985,-9.068702290076336,-0.425537109375,-0.016845703125,-0.32177734375,2.3901999999999997
0.6870229007633588,59.954198473282446,-9.083969465648854,-0.424560546875,-0.019775390625,-0.320556640625,2.3918999999999997
0.8702290076335878,60.06106870229008,-9.206106870229007,-0.426513671875,-0.021728515625,-0.319580078125,2.3935999999999997
0.9312977099236641,60.18320610687023,-9.236641221374045,-0.4248046875,-0.01806640625,-0.328125,2.3952999999999998
0.6106870229007634,60.35114503816794,-9.526717557251908,-0.426513671875,-0.017333984375,-0.32275390625,2.397
0.6106870229007634,60.44274809160305,-9.526717557251908,-0.425048828125,-0.017333984375,-0.327392578125,2.3987
0.6717557251908397,60.62595419847328,-9.618320610687023,-0.423828125,-0.0224609375,-0.322998046875,2.4004
0.8549618320610687,60.93129770992366,-9.923664122137405,-0.4228515625,-0.01708984375,-0.328125,2.4021
0.6412213740458015,61.099236641221374,-10.0,-0.4267578125,-0.01806640625,-0.32861328125,2.4038
0.5190839694656488,61.19083969465649,-9.770992366412214,-0.424560546875,-0.0166015625,-0.3310546875,2.4055
0.5190839694656488,61.57251908396947,-10.01526717557252,-0.4208984375,-0.0185546875,-0.33544921875,2.4072
0.5038167938931297,61.74045801526717,-10.076335877862595,-0.4189453125,-0.022705078125,-0.328125,2.4089
0.5190839694656488,61.954198473282446,-10.213740458015268,-0.41943359375,-0.016845703125,-0.32421875,2.4106
0.42748091603053434,61.954198473282446,-10.061068702290076,-0.425048828125,-0.015869140625,-0.3330078125,2.4122999999999997
0.2900763358778626,61.786259541984734,-10.305343511450381,-0.42236328125,-0.022216796875,-0.3310546875,2.4139999999999997
0.16793893129770993,62.045801526717554,-10.351145038167939,-0.419921875,-0.02490234375,-0.333740234375,2.4156999999999997
0.366412213740458,62.29007633587786,-10.427480916030534,-0.4189453125,-0.016845703125,-0.333984375,2.4173999999999998
0.366412213740458,62.33587786259542,-10.534351145038167,-0.414306640625,-0.01953125,-0.32958984375,2.4191
0.030534351145038167,62.36641221374046,-10.534351145038167,-0.41259765625,-0.021728515625,-0.32861328125,2.4208
0.16793893129770993,62.25954198473283,-10.641221374045802,-0.41552734375,-0.023681640625,-0.3408203125,2.4225
0.2595419847328244,62.30534351145038,-10.732824427480915,-0.41357421875,-0.028076171875,-0.331787109375,2.4242
0.030534351145038167,62.412213740458014,-10.778625954198473,-0.41552734375,-0.026123046875,-0.333740234375,2.4259
-0.015267175572519083,62.19847328244275,-10.900763358778626,-0.412109375,-0.022705078125,-0.335693359375,2.4276
0.13740458015267176,62.38167938931298,-10.885496183206106,-0.412109375,-0.017333984375,-0.346435546875,2.4293
-0.015267175572519083,62.274809160305345,-10.992366412213741,-0.4091796875,-0.0205078125,-0.333251953125,2.431
-0.15267175572519084,62.47328244274809,-10.900763358778626,-0.40576171875,-0.0205078125,-0.34228515625,2.4327
-0.24427480916030533,62.19847328244275,-11.083969465648854,-0.408447265625,-0.02490234375,-0.342529296875,2.4343999999999997
-0.16793893129770993,62.30534351145038,-11.17557251908397,-0.404296875,-0.02685546875,-0.3349609375,2.4360999999999997
-0.44274809160305345,62.25954198473283,-11.297709923664122,-0.401611328125,-0.023193359375,-0.343017578125,2.4377999999999997
-0.5038167938931297,62.12213740458015,-11.419847328244275,-0.404052734375,-0.029052734375,-0.345947265625,2.4395
-0.5343511450381679,61.969465648854964,-11.511450381679388,-0.412841796875,-0.02685546875,-0.338623046875,2.4412
-0.8091603053435115,61.98473282442748,-11.374045801526718,-0.407958984375,-0.0263671875,-0.3466796875,2.4429
-0.6259541984732825,62.0763358778626,-11.603053435114504,-0.405029296875,-0.024169921875,-0.346435546875,2.4446
-0.732824427480916,61.847328244274806,-11.664122137404581,-0.40087890625,-0.026123046875,-0.3408203125,2.4463
-0.6564885496183206,61.74045801526717,-11.770992366412214,-0.4052734375,-0.02734375,-0.3525390625,2.448
-0.8396946564885496,61.61832061068702,-11.786259541984732,-0.406494140625,-0.02392578125,-0.35107421875,2.4497
-1.1145038167938932,61.61832061068702,-11.908396946564885,-0.402099609375,-0.023193359375,-0.3515625,2.4514
-1.1450381679389312,61.64885496183206,-11.98473282442748,-0.40087890625,-0.02734375,-0.358154296875,2.4531
-1.2671755725190839,61.267175572519086,-11.938931297709924,-0.3974609375,-0.02197265625,-0.35400390625,2.4547999999999996
-1.0534351145038168,61.31297709923664,-12.091603053435115,-0.401611328125,-0.024169921875,-0.345703125,2.4564999999999997
-1.5572519083969465,61.20610687022901,-12.213740458015268,-0.39892578125,-0.03271484375,-0.34765625,2.4581999999999997
-1.6793893129770991,61.23664122137404,-12.198473282442748,-0.400390625,-0.029541015625,-0.351318359375,2.4598999999999998
-1.633587786259542,61.083969465648856,-12.244274809160306,-0.399658203125,-0.029052734375,-0.342529296875,2.4616
-1.7251908396946565,60.80916030534351,-12.458015267175572,-0.394287109375,-0.025146484375,-0.353759765625,2.4633
-2.122137404580153,60.70229007633588,-12.290076335877863,-0.396484375,-0.02734375,-0.3603515625,2.465
-2.3206106870229006,60.76335877862596,-12.412213740458014,-0.395751953125,-0.030517578125,-0.3583984375,2.4667
-2.16793893129771,60.458015267175576,-12.351145038167939,-0.394287109375,-0.03466796875,-0.354248046875,2.4684
-2.351145038167939,60.152671755725194,-12.259541984732824,-0.39013671875,-0.029052734375,-0.3486328125,2.4701
-2.717557251908397,60.213740458015266,-12.213740458015268,-0.39208984375,-0.02734375,-0.356201171875,2.4718
-3.053435114503817,60.152671755725194,-12.076335877862595,-0.3896484375,-0.03759765625,-0.36083984375,2.4735
-3.236641221374046,59.69465648854962,-12.061068702290076,-0.396240234375,-0.032958984375,-0.36279296875,2.4752
-3.1908396946564888,59.38931297709924,-12.0,-0.391357421875,-0.035888671875,-0.360595703125,2.4768999999999997
-3.2977099236641223,59.3587786259542,-11.893129770992367,-0.38818359375,-0.033447265625,-0.36376953125,2.4785999999999997
-3.572519083969466,59.29770992366412,-11.648854961832061,-0.388916015625,-0.030517578125,-0.352294921875,2.4802999999999997
-3.786259541984733,58.87022900763359,-11.694656488549619,-0.389404296875,-0.03076171875,-0.359375,2.4819999999999998
-4.061068702290076,58.6412213740458,-11.755725190839694,-0.3876953125,-0.03271484375,-0.362060546875,2.4837
-4.0,58.396946564885496,-11.740458015267176,-0.384033203125,-0.0322265625,-0.361328125,2.4854
-4.412213740458015,58.412213740458014,-11.557251908396946,-0.3857421875,-0.03369140625,-0.35595703125,2.4871
-4.595419847328245,58.091603053435115,-11.389312977099237,-0.3857421875,-0.030517578125,-0.357666015625,2.4888
-4.534351145038168,57.954198473282446,-11.572519083969466,-0.383544921875,-0.028076171875,-0.361328125,2.4905
-4.8396946564885495,57.52671755725191,-11.297709923664122,-0.3857421875,-0.033935546875,-0.35888671875,2.4922
-5.00763358778626,57.19083969465649,-11.312977099236642,-0.38623046875,-0.0322265625,-0.36279296875,2.4939
-5.00763358778626,56.97709923664122,-11.206106870229007,-0.38037109375,-0.03271484375,-0.36328125,2.4956
-5.557251908396947,56.67175572519084,-11.312977099236642,-0.38134765625,-0.0302734375,-0.369384765625,2.4973
-5.465648854961832,56.44274809160305,-11.16030534351145,-0.378173828125,-0.033935546875,-0.365478515625,2.4989999999999997
-5.801526717557252,56.16793893129771,-11.022900763358779,-0.38232421875,-0.03515625,-0.3662109375,2.5006999999999997
-5.9541984732824424,56.091603053435115,-10.885496183206106,-0.3779296875,-0.039306640625,-0.364501953125,2.5023999999999997
-5.786259541984733,55.51145038167939,-10.931297709923664,-0.375732421875,-0.03564453125,-0.366943359375,2.5040999999999998
-6.106870229007634,55.16030534351145,-10.885496183206106,-0.380859375,-0.038330078125,-0.3681640625,2.5058
-6.290076335877862,55.06870229007634,-10.732824427480915,-0.378662109375,-0.031494140625,-0.3623046875,2.5075
-6.290076335877862,54.88549618320611,-10.51908396946565,-0.380126953125,-0.031982421875,-0.36767578125,2.5092
-6.3816793893129775,54.62595419847328,-10.778625954198473,-0.380615234375,-0.033203125,-0.367919921875,2.5109
-6.412213740458015,54.3206106870229,-10.580152671755725,-0.38330078125,-0.033935546875,-0.37841796875,2.5126
-6.595419847328245,53.954198473282446,-10.564885496183207,-0.377197265625,-0.03369140625,-0.381103515625,2.5143
-6.809160305343512,53.74045801526717,-10.50381679389313,-0.373046875,-0.029541015625,-0.368896484375,2.516
-6.595419847328245,53.465648854961835,-10.442748091603054,-0.37548828125,-0.030029296875,-0.375732421875,2.5177
-6.870229007633588,53.19083969465649,-10.290076335877863,-0.3779296875,-0.03076171875,-0.379150390625,2.5193999999999996
-6.931297709923665,52.961832061068705,-10.229007633587786,-0.375732421875,-0.034912109375,-0.380859375,2.5210999999999997
-7.083969465648855,52.74809160305343,-10.259541984732824,-0.37890625,-0.031494140625,-0.363525390625,2.5227999999999997
-7.267175572519084,52.33587786259542,-10.030534351145038,-0.37744140625,-0.0302734375,-0.370361328125,2.5244999999999997
-7.4961832061068705,52.152671755725194,-10.122137404580153,-0.378662109375,-0.037841796875,-0.368408203125,2.5262
-7.3893129770992365,52.091603053435115,-10.229007633587786,-0.377197265625,-0.036376953125,-0.375244140625,2.5279
-7.541984732824427,51.847328244274806,-9.877862595419847,-0.38134765625,-0.030029296875,-0.371337890625,2.5296
-7.450381679389313,51.69465648854962,-10.106870229007633,-0.37939453125,-0.0341796875,-0.381591796875,2.5313
-7.4961832061068705,51.43511450381679,-9.770992366412214,-0.3818359375,-0.032470703125,-0.375732421875,2.533
-7.786259541984733,51.23664122137404,-9.679389312977099,-0.374755859375,-0.032470703125,-0.374267578125,2.5347
-7.8320610687022905,50.900763358778626,-9.679389312977099,-0.377197265625,-0.03271484375,-0.377685546875,2.5364
-7.847328244274809,50.85496183206107,-9.648854961832061,-0.370849609375,-0.033935546875,-0.381591796875,2.5381
-7.7251908396946565,50.47328244274809,-9.572519083969466,-0.375244140625,-0.03173828125,-0.375244140625,2.5398
-7.847328244274809,50.213740458015266,-9.404580152671755,-0.377685546875,-0.03271484375,-0.38427734375,2.5414999999999996
-8.030534351145038,50.19847328244275,-9.129770992366412,-0.371826171875,-0.03515625,-0.3837890625,2.5431999999999997
-8.030534351145038,49.81679389312977,-9.297709923664122,-0.376953125,-0.03125,-0.385986328125,2.5448999999999997
-8.15267175572519,49.66412213740458,-9.145038167938932,-0.36962890625,-0.03564453125,-0.381103515625,2.5465999999999998
-8.106870229007633,49.343511450381676,-9.267175572519085,-0.378173828125,-0.03271484375,-0.389892578125,2.5483
-8.244274809160306,49.31297709923664,-9.114503816793894,-0.37744140625,-0.033447265625,-0.385986328125,2.55
-8.13740458015267,49.038167938931295,-9.083969465648854,-0.3779296875,-0.029052734375,-0.388916015625,2.5517
-8.366412213740459,49.05343511450382,-9.068702290076336,-0.37451171875,-0.031005859375,-0.385986328125,2.5534
-8.290076335877863,48.82442748091603,-9.19083969465649,-0.37060546875,-0.032958984375,-0.387451171875,2.5551
-8.122137404580153,48.56488549618321,-8.916030534351146,-0.37353515625,-0.031494140625,-0.38818359375,2.5568
-8.091603053435115,48.62595419847328,-9.068702290076336,-0.374755859375,-0.03173828125,-0.390625,2.5585
-8.229007633587786,48.44274809160305,-9.038167938931299,-0.374755859375,-0.02880859375,-0.393798828125,2.5602
-8.320610687022901,48.213740458015266,-9.053435114503817,-0.370361328125,-0.02685546875,-0.398681640625,2.5619
-8.091603053435115,48.19847328244275,-9.099236641221374,-0.375732421875,-0.023681640625,-0.404541015625,2.5635999999999997
-8.244274809160306,48.06106870229008,-9.053435114503817,-0.377685546875,-0.024658203125,-0.396240234375,2.5652999999999997
-8.01526717557252,48.045801526717554,-8.916030534351146,-0.371826171875,-0.021484375,-0.392333984375,2.5669999999999997
-8.15267175572519,48.06106870229008,-8.793893129770993,-0.372802734375,-0.02294921875,-0.391845703125,2.5686999999999998
-8.351145038167939,48.091603053435115,-8.854961832061068,-0.37451171875,-0.0263671875,-0.3955078125,2.5704
-8.076335877862595,48.0,-9.068702290076336,-0.375244140625,-0.02880859375,-0.3955078125,2.5721
-7.984732824427481,47.74045801526717,-8.870229007633588,-0.374267578125,-0.031005859375,-0.400390625,2.5738
-7.801526717557252,47.847328244274806,-8.870229007633588,-0.37451171875,-0.0302734375,-0.395751953125,2.5755
-8.030534351145038,47.9236641221374,-8.854961832061068,-0.377197265625,-0.029052734375,-0.392822265625,2.5772
-7.984732824427481,47.847328244274806,-8.717557251908397,-0.371337890625,-0.030029296875,-0.399658203125,2.5789
-7.877862595419847,48.0,-8.854961832061068,-0.376220703125,-0.027099609375,-0.391845703125,2.5806
-7.801526717557252,48.0763358778626,-9.038167938931299,-0.374267578125,-0.02685546875,-0.403564453125,2.5823
-7.786259541984733,47.847328244274806,-8.763358778625955,-0.37841796875,-0.029052734375,-0.4052734375,2.584
-7.603053435114504,47.87786259541985,-8.793893129770993,-0.379638671875,-0.029541015625,-0.396728515625,2.5856999999999997
-7.541984732824427,48.01526717557252,-8.931297709923664,-0.376708984375,-0.026123046875,-0.41357421875,2.5873999999999997
-7.572519083969466,48.18320610687023,-9.007633587786259,-0.372802734375,-0.026123046875,-0.40771484375,2.5890999999999997
-7.633587786259542,48.18320610687023,-8.641221374045802,-0.373779296875,-0.02880859375,-0.4091796875,2.5907999999999998
-7.526717557251908,48.396946564885496,-8.732824427480915,-0.37353515625,-0.02685546875,-0.410400390625,2.5925
-7.557251908396947,48.42748091603053,-8.702290076335878,-0.37353515625,-0.024658203125,-0.412841796875,2.5942
-7.465648854961832,48.412213740458014,-8.748091603053435,-0.379150390625,-0.0283203125,-0.408203125,2.5959
-7.206106870229007,48.6412213740458,-8.67175572519084,-0.378662109375,-0.0302734375,-0.408935546875,2.5976
-7.236641221374046,48.778625954198475,-8.641221374045802,-0.3798828125,-0.029541015625,-0.41796875,2.5993
-7.1603053435114505,48.99236641221374,-8.549618320610687,-0.371337890625,-0.033203125,-0.40869140625,2.601
-7.282442748091603,49.02290076335878,-8.366412213740459,-0.376953125,-0.02783203125,-0.406005859375,2.6027
-7.1603053435114505,49.099236641221374,-8.442748091603054,-0.37939453125,-0.027587890625,-0.41064453125,2.6044
-7.236641221374046,49.31297709923664,-8.427480916030534,-0.376953125,-0.02783203125,-0.414306640625,2.6060999999999996
-6.885496183206107,49.465648854961835,-8.061068702290076,-0.371826171875,-0.028076171875,-0.416015625,2.6077999999999997
-7.022900763358779,49.57251908396947,-8.427480916030534,-0.36865234375,-0.030517578125,-0.4208984375,2.6094999999999997
-7.114503816793893,49.74045801526717,-8.213740458015268,-0.370849609375,-0.02978515625,-0.422119140625,2.6111999999999997
-7.175572519083969,49.86259541984733,-8.259541984732824,-0.373779296875,-0.030029296875,-0.415283203125,2.6129
-6.900763358778626,50.13740458015267,-8.259541984732824,-0.374267578125,-0.025634765625,-0.416748046875,2.6146
-6.931297709923665,50.12213740458015,-8.183206106870228,-0.371337890625,-0.02783203125,-0.41943359375,2.6163
-6.763358778625954,50.47328244274809,-8.0,-0.37255859375,-0.028564453125,-0.4052734375,2.618
-6.8396946564885495,50.35114503816794,-7.893129770992366,-0.3701171875,-0.02880859375,-0.416259765625,2.6197
-6.793893129770993,50.412213740458014,-7.9541984732824424,-0.3671875,-0.03076171875,-0.413818359375,2.6214
-6.717557251908397,50.6412213740458,-7.908396946564886,-0.367919921875,-0.023681640625,-0.418212890625,2.6231
-6.687022900763359,50.88549618320611,-7.770992366412214,-0.369873046875,-0.028564453125,-0.4150390625,2.6248
-6.625954198473282,50.88549618320611,-7.8320610687022905,-0.36376953125,-0.029541015625,-0.4189453125,2.6265
-6.320610687022901,51.20610687022901,-7.740458015267175,-0.36083984375,-0.024169921875,-0.417724609375,2.6281999999999996
-6.488549618320611,51.29770992366412,-7.816793893129771,-0.363525390625,-0.02587890625,-0.415771484375,2.6298999999999997
-6.33587786259542,51.3587786259542,-7.801526717557252,-0.36572265625,-0.03173828125,-0.4208984375,2.6315999999999997
-6.213740458015267,51.38931297709924,-7.603053435114504,-0.364501953125,-0.028564453125,-0.42529296875,2.6332999999999998
-6.290076335877862,51.52671755725191,-7.786259541984733,-0.370849609375,-0.0263671875,-0.420166015625,2.635
-6.152671755725191,51.81679389312977,-7.633587786259542,-0.3671875,-0.03076171875,-0.420654296875,2.6367
-6.198473282442748,51.83206106870229,-7.511450381679389,-0.366943359375,-0.031005859375,-0.427001953125,2.6384
-5.938931297709924,51.89312977099237,-7.526717557251908,-0.36279296875,-0.0322265625,-0.427001953125,2.6401
-5.893129770992366,51.98473282442748,-7.404580152671755,-0.36279296875,-0.02587890625,-0.4228515625,2.6418
-5.9541984732824424,52.213740458015266,-7.4961832061068705,-0.362060546875,-0.030029296875,-0.421142578125,2.6435
-6.122137404580153,52.29007633587786,-7.175572519083969,-0.36328125,-0.031982421875,-0.419677734375,2.6452
-5.908396946564886,52.30534351145038,-7.114503816793893,-0.35986328125,-0.029296875,-0.427001953125,2.6469
-5.801526717557252,52.595419847328245,-6.916030534351145,-0.36474609375,-0.028564453125,-0.432861328125,2.6486
-5.8320610687022905,52.83969465648855,-6.8396946564885495,-0.3642578125,-0.027587890625,-0.4287109375,2.6502999999999997
-5.786259541984733,52.88549618320611,-6.641221374045801,-0.3623046875,-0.02734375,-0.424072265625,2.6519999999999997
-5.572519083969466,52.97709923664122,-6.6106870229007635,-0.360595703125,-0.031494140625,-0.426513671875,2.6536999999999997
-5.709923664122138,52.94656488549618,-6.5038167938931295,-0.3623046875,-0.03125,-0.425048828125,2.6553999999999998
-5.633587786259542,53.41984732824427,-6.427480916030534,-0.356201171875,-0.03564453125,-0.431640625,2.6571
-5.633587786259542,53.6793893129771,-6.366412213740458,-0.361572265625,-0.034423828125,-0.4326171875,2.6588
-5.603053435114504,53.80152671755725,-6.1679389312977095,-0.357421875,-0.03564453125,-0.435546875,2.6605
-5.526717557251908,54.0,-6.061068702290076,-0.360595703125,-0.033203125,-0.43603515625,2.6622
-5.526717557251908,54.19847328244275,-5.908396946564886,-0.3681640625,-0.0302734375,-0.434326171875,2.6639
-5.480916030534351,54.42748091603053,-5.862595419847328,-0.35595703125,-0.03515625,-0.41748046875,2.6656
-5.648854961832061,54.458015267175576,-5.66412213740458,-0.361083984375,-0.033447265625,-0.424072265625,2.6673
-5.374045801526718,54.74809160305343,-5.709923664122138,-0.36376953125,-0.029541015625,-0.4248046875,2.669
-5.4961832061068705,54.97709923664122,-5.343511450381679,-0.357666015625,-0.033203125,-0.43310546875,2.6706999999999996
-5.511450381679389,55.12977099236641,-5.083969465648855,-0.357666015625,-0.0302734375,-0.429443359375,2.6723999999999997
-5.3893129770992365,55.37404580152672,-4.916030534351145,-0.35595703125,-0.030517578125,-0.42919921875,2.6740999999999997
-5.404580152671755,55.63358778625954,-4.916030534351145,-0.359130859375,-0.036376953125,-0.426513671875,2.6757999999999997
-5.3893129770992365,55.93893129770992,-4.763358778625954,-0.357177734375,-0.030029296875,-0.442626953125,2.6774999999999998
-5.236641221374046,56.06106870229008,-4.6106870229007635,-0.35595703125,-0.033447265625,-0.44384765625,2.6792
-5.312977099236641,56.412213740458014,-4.442748091603053,-0.353515625,-0.033935546875,-0.433837890625,2.6809
-5.251908396946565,56.732824427480914,-4.259541984732825,-0.36083984375,-0.02880859375,-0.4365234375,2.6826
-5.267175572519084,56.88549618320611,-4.106870229007634,-0.35791015625,-0.029541015625,-0.4375,2.6843
-5.236641221374046,57.32824427480916,-3.9236641221374047,-0.35888671875,-0.033935546875,-0.4384765625,2.686
-5.236641221374046,57.64885496183206,-3.7709923664122136,-0.3564453125,-0.033203125,-0.439453125,2.6877
-5.068702290076335,57.786259541984734,-3.877862595419847,-0.3583984375,-0.032470703125,-0.443115234375,2.6894
-5.114503816793893,58.0763358778626,-3.6030534351145036,-0.356201171875,-0.03173828125,-0.43359375,2.6911
-5.038167938931298,58.35114503816794,-3.5419847328244276,-0.357421875,-0.029052734375,-0.44580078125,2.6927999999999996
-4.961832061068702,58.76335877862596,-3.5877862595419847,-0.35205078125,-0.02734375,-0.44384765625,2.6944999999999997
-5.0534351145038165,59.19083969465649,-3.5572519083969465,-0.35302734375,-0.02978515625,-0.4453125,2.6961999999999997
-4.900763358778626,59.587786259541986,-3.2977099236641223,-0.3486328125,-0.029296875,-0.4384765625,2.6978999999999997
-4.931297709923665,59.725190839694655,-3.145038167938931,-0.355712890625,-0.026611328125,-0.448974609375,2.6995999999999998
-4.793893129770993,60.10687022900763,-2.9923664122137406,-0.355224609375,-0.024658203125,-0.447998046875,2.7013
-4.854961832061068,60.51908396946565,-3.2213740458015265,-0.35107421875,-0.028076171875,-0.446533203125,2.703
-4.702290076335878,60.88549618320611,-2.8702290076335877,-0.3515625,-0.028564453125,-0.440673828125,2.7047
-4.290076335877862,61.343511450381676,-2.946564885496183,-0.344970703125,-0.025146484375,-0.450927734375,2.7064
-4.427480916030534,61.541984732824424,-2.6106870229007635,-0.351318359375,-0.026611328125,-0.4501953125,2.7081
-4.244274809160306,61.80152671755725,-2.7938931297709924,-0.35009765625,-0.027099609375,-0.4443359375,2.7098
-4.198473282442748,62.16793893129771,-2.717557251908397,-0.345458984375,-0.030029296875,-0.43798828125,2.7115
-4.0458015267175576,62.412213740458014,-2.7022900763358777,-0.34375,-0.022705078125,-0.439208984375,2.7132
-4.0458015267175576,62.83969465648855,-2.732824427480916,-0.3466796875,-0.02392578125,-0.439453125,2.7148999999999996
-3.816793893129771,62.83969465648855,-2.7480916030534353,-0.343505859375,-0.022705078125,-0.446533203125,2.7165999999999997
-3.5267175572519083,63.32824427480916,-2.5343511450381677,-0.340576171875,-0.02294921875,-0.437255859375,2.7182999999999997
-3.66412213740458,63.29770992366412,-2.6717557251908395,-0.344482421875,-0.028564453125,-0.44140625,2.7199999999999998
-3.404580152671756,63.49618320610687,-2.687022900763359,-0.340576171875,-0.0234375,-0.446533203125,2.7217
-3.5419847328244276,63.725190839694655,-2.763358778625954,-0.342529296875,-0.021484375,-0.43701171875,2.7234
-3.1603053435114505,64.10687022900764,-2.50381679389313,-0.342041015625,-0.026611328125,-0.449462890625,2.7251
-2.9923664122137406,64.3206106870229,-2.564885496183206,-0.3447265625,-0.024169921875,-0.450439453125,2.7268
-3.0381679389312977,64.59541984732824,-2.595419847328244,-0.34423828125,-0.02587890625,-0.453125,2.7285
-2.7786259541984735,64.7175572519084,-2.732824427480916,-0.343994140625,-0.02490234375,-0.45556640625,2.7302
-2.8244274809160306,65.0381679389313,-2.549618320610687,-0.344482421875,-0.024169921875,-0.45654296875,2.7319
-2.7022900763358777,65.29770992366412,-2.5343511450381677,-0.340087890625,-0.024658203125,-0.44580078125,2.7336
-2.366412213740458,65.40458015267176,-2.4427480916030535,-0.335693359375,-0.02685546875,-0.450927734375,2.7353
-2.5343511450381677,65.74045801526718,-2.8396946564885495,-0.340576171875,-0.025390625,-0.44580078125,2.7369999999999997
-2.3053435114503817,66.12213740458016,-2.763358778625954,-0.335693359375,-0.025634765625,-0.45263671875,2.7386999999999997
-1.9389312977099236,66.3206106870229,-2.732824427480916,-0.334228515625,-0.02197265625,-0.45068359375,2.7403999999999997
-1.8625954198473282,66.4885496183206,-2.5801526717557253,-0.335693359375,-0.02392578125,-0.453369140625,2.7420999999999998
-1.7251908396946565,66.77862595419847,-2.7938931297709924,-0.33837890625,-0.0205078125,-0.454833984375,2.7438
-1.6488549618320612,66.93129770992367,-2.6717557251908395,-0.333251953125,-0.022705078125,-0.453125,2.7455
-1.6641221374045803,67.22137404580153,-2.564885496183206,-0.332275390625,-0.02734375,-0.449951171875,2.7472
-1.3282442748091603,67.52671755725191,-2.427480916030534,-0.330078125,-0.02392578125,-0.457763671875,2.7489
-1.2061068702290076,68.03053435114504,-2.763358778625954,-0.335693359375,-0.021240234375,-0.458740234375,2.7506
-1.1603053435114503,68.03053435114504,-2.6564885496183206,-0.333251953125,-0.024169921875,-0.458984375,2.7523
-0.7633587786259542,68.27480916030534,-2.7022900763358777,-0.335205078125,-0.0263671875,-0.46337890625,2.754
-0.6564885496183206,68.87022900763358,-2.732824427480916,-0.33544921875,-0.026123046875,-0.449951171875,2.7557
-0.8244274809160306,69.00763358778626,-2.732824427480916,-0.334228515625,-0.01904296875,-0.447265625,2.7573999999999996
-0.366412213740458,69.1145038167939,-2.6259541984732824,-0.332763671875,-0.0166015625,-0.456787109375,2.7590999999999997
-0.0916030534351145,69.6030534351145,-2.732824427480916,-0.329833984375,-0.025146484375,-0.46923828125,2.7607999999999997
-0.015267175572519083,69.74045801526718,-2.8244274809160306,-0.329345703125,-0.0263671875,-0.467041015625,2.7624999999999997
0.07633587786259542,70.12213740458016,-2.854961832061069,-0.328125,-0.019775390625,-0.46337890625,2.7641999999999998
0.22900763358778625,70.44274809160305,-2.7480916030534353,-0.326171875,-0.0234375,-0.466796875,2.7659
0.33587786259541985,70.62595419847328,-2.717557251908397,-0.325927734375,-0.02001953125,-0.467529296875,2.7676
0.6717557251908397,70.97709923664122,-2.717557251908397,-0.3232421875,-0.016845703125,-0.463134765625,2.7693
0.7022900763358778,70.94656488549619,-2.8091603053435112,-0.32421875,-0.025146484375,-0.461181640625,2.771
0.7938931297709924,71.23664122137404,-2.717557251908397,-0.325927734375,-0.019287109375,-0.45947265625,2.7727
1.1908396946564885,71.43511450381679,-2.9160305343511452,-0.32080078125,-0.017578125,-0.468505859375,2.7744
1.6030534351145038,71.63358778625954,-2.9770992366412212,-0.31591796875,-0.020751953125,-0.46240234375,2.7761
1.7099236641221374,71.63358778625954,-2.8702290076335877,-0.317626953125,-0.015625,-0.464599609375,2.7778
1.7251908396946565,71.80152671755725,-2.946564885496183,-0.31494140625,-0.015380859375,-0.459228515625,2.7794999999999996
2.122137404580153,71.93893129770993,-2.8244274809160306,-0.31494140625,-0.018798828125,-0.471435546875,2.7811999999999997
2.1374045801526718,71.8473282442748,-2.900763358778626,-0.317138671875,-0.021728515625,-0.464111328125,2.7828999999999997
2.2748091603053435,71.87786259541984,-2.9770992366412212,-0.314453125,-0.02294921875,-0.46923828125,2.7845999999999997
2.8702290076335877,71.90839694656489,-2.7938931297709924,-0.310302734375,-0.02099609375,-0.466796875,2.7862999999999998
2.7480916030534353,72.12213740458016,-3.0076335877862594,-0.30859375,-0.02099609375,-0.475830078125,2.788
2.8091603053435112,72.06106870229007,-2.732824427480916,-0.31201171875,-0.01953125,-0.4755859375,2.7897
3.2977099236641223,72.29007633587786,-2.732824427480916,-0.306884765625,-0.02294921875,-0.481201171875,2.7914
3.404580152671756,72.10687022900764,-2.7022900763358777,-0.311279296875,-0.01611328125,-0.47216796875,2.7931
3.66412213740458,72.29007633587786,-2.8091603053435112,-0.304443359375,-0.018310546875,-0.47021484375,2.7948
3.66412213740458,72.29007633587786,-2.687022900763359,-0.305419921875,-0.02099609375,-0.4755859375,2.7965
3.5267175572519083,72.30534351145039,-2.50381679389313,-0.306884765625,-0.02490234375,-0.47607421875,2.7982
3.9083969465648853,72.56488549618321,-2.3053435114503817,-0.30712890625,-0.02783203125,-0.47900390625,2.7999
4.091603053435114,72.56488549618321,-2.122137404580153,-0.30712890625,-0.030517578125,-0.481689453125,2.8015999999999996
4.198473282442748,72.42748091603053,-1.9541984732824427,-0.3037109375,-0.02587890625,-0.48974609375,2.8032999999999997
4.1679389312977095,72.77862595419847,-1.9389312977099236,-0.3056640625,-0.0263671875,-0.48291015625,2.8049999999999997
4.2748091603053435,72.79389312977099,-1.6488549618320612,-0.30322265625,-0.027099609375,-0.486572265625,2.8066999999999998
4.458015267175573,73.02290076335878,-1.5572519083969465,-0.302734375,-0.02783203125,-0.48291015625,2.8084
4.3816793893129775,73.22137404580153,-1.2671755725190839,-0.298828125,-0.02880859375,-0.47900390625,2.8101
4.412213740458015,73.31297709923665,-1.2061068702290076,-0.297607421875,-0.027587890625,-0.480224609375,2.8118
4.534351145038168,73.31297709923665,-0.9618320610687023,-0.30126953125,-0.029296875,-0.481689453125,2.8135
4.6106870229007635,73.43511450381679,-0.7786259541984732,-0.299072265625,-0.03515625,-0.48876953125,2.8152
4.320610687022901,73.6030534351145,-0.48854961832061067,-0.303466796875,-0.030029296875,-0.48486328125,2.8169
4.717557251908397,73.55725190839695,-0.22900763358778625,-0.297119140625,-0.0302734375,-0.48974609375,2.8186
4.870229007633588,73.5114503816794,-0.21374045801526717,-0.292724609375,-0.031982421875,-0.486572265625,2.8203
4.885496183206107,73.8473282442748,0.061068702290076333,-0.29345703125,-0.028076171875,-0.4970703125,2.822
4.854961832061068,73.77099236641222,0.3511450381679389,-0.296630859375,-0.02880859375,-0.495361328125,2.8236999999999997
4.809160305343512,73.80152671755725,0.44274809160305345,-0.292236328125,-0.029541015625,-0.495361328125,2.8253999999999997
5.038167938931298,73.7557251908397,0.7633587786259542,-0.286376953125,-0.028564453125,-0.4873046875,2.8270999999999997
4.9465648854961835,73.93893129770993,0.6870229007633588,-0.2900390625,-0.0263671875,-0.490478515625,2.8287999999999998
4.900763358778626,73.90839694656489,0.9618320610687023,-0.287841796875,-0.027099609375,-0.4990234375,2.8305
5.0534351145038165,73.90839694656489,1.2213740458015268,-0.281494140625,-0.029052734375,-0.49755859375,2.8322
5.32824427480916,73.96946564885496,1.251908396946565,-0.28662109375,-0.0283203125,-0.505615234375,2.8339
5.0534351145038165,74.0,1.3587786259541985,-0.279541015625,-0.029541015625,-0.4970703125,2.8356
5.312977099236641,74.04580152671755,1.4198473282442747,-0.279296875,-0.025634765625,-0.494384765625,2.8373
5.419847328244275,73.89312977099236,1.633587786259542,-0.27978515625,-0.026611328125,-0.494140625,2.839
5.572519083969466,73.8473282442748,1.8015267175572518,-0.278564453125,-0.02587890625,-0.4921875,2.8407
5.66412213740458,73.86259541984732,1.8473282442748091,-0.27685546875,-0.03076171875,-0.50537109375,2.8424
5.66412213740458,73.77099236641222,1.786259541984733,-0.2783203125,-0.025634765625,-0.50732421875,2.8440999999999996
5.755725190839694,73.78625954198473,1.8931297709923665,-0.279296875,-0.028076171875,-0.50048828125,2.8457999999999997
5.648854961832061,73.78625954198473,2.030534351145038,-0.27685546875,-0.028564453125,-0.50341796875,2.8474999999999997
5.908396946564886,73.64885496183206,2.2748091603053435,-0.276123046875,-0.027587890625,-0.501220703125,2.8491999999999997
6.061068702290076,73.52671755725191,2.183206106870229,-0.27099609375,-0.0244140625,-0.5029296875,2.8508999999999998
6.137404580152672,73.52671755725191,2.4122137404580153,-0.267333984375,-0.02880859375,-0.50439453125,2.8526
6.122137404580153,73.48091603053435,2.381679389312977,-0.264892578125,-0.029052734375,-0.50390625,2.8543
6.015267175572519,73.54198473282443,2.4122137404580153,-0.267822265625,-0.029052734375,-0.509765625,2.856
6.290076335877862,73.48091603053435,2.687022900763359,-0.2666015625,-0.03125,-0.498291015625,2.8577
6.259541984732825,73.32824427480917,2.732824427480916,-0.265625,-0.026123046875,-0.508056640625,2.8594
6.33587786259542,73.34351145038168,2.8396946564885495,-0.260498046875,-0.02978515625,-0.509521484375,2.8611
6.427480916030534,73.14503816793894,2.717557251908397,-0.2607421875,-0.031982421875,-0.503173828125,2.8628
6.717557251908397,73.17557251908397,2.687022900763359,-0.263671875,-0.033203125,-0.5107421875,2.8645
6.625954198473282,72.9618320610687,3.053435114503817,-0.2568359375,-0.0302734375,-0.504150390625,2.8661999999999996
6.687022900763359,72.91603053435115,2.885496183206107,-0.25830078125,-0.030029296875,-0.511474609375,2.8678999999999997
6.793893129770993,72.85496183206106,2.931297709923664,-0.2607421875,-0.030029296875,-0.515380859375,2.8695999999999997
6.763358778625954,72.6412213740458,2.9770992366412212,-0.25048828125,-0.02880859375,-0.514892578125,2.8712999999999997
6.931297709923665,72.4885496183206,2.931297709923664,-0.254150390625,-0.031005859375,-0.514892578125,2.8729999999999998
6.961832061068702,72.2442748091603,2.9618320610687023,-0.25341796875,-0.029541015625,-0.51513671875,2.8747
6.916030534351145,72.13740458015268,3.0229007633587788,-0.250732421875,-0.029541015625,-0.51171875,2.8764
6.854961832061068,72.18320610687023,2.900763358778626,-0.24658203125,-0.0322265625,-0.51318359375,2.8781
7.068702290076335,72.04580152671755,3.0229007633587788,-0.248291015625,-0.0283203125,-0.5224609375,2.8798
7.145038167938932,71.6793893129771,2.6564885496183206,-0.238037109375,-0.02783203125,-0.51220703125,2.8815
6.916030534351145,71.22137404580153,2.8396946564885495,-0.23974609375,-0.024658203125,-0.509033203125,2.8832
7.312977099236641,71.12977099236642,2.7938931297709924,-0.244873046875,-0.0302734375,-0.51171875,2.8849
7.312977099236641,70.74809160305344,2.687022900763359,-0.24658203125,-0.031982421875,-0.526123046875,2.8866
7.175572519083969,70.73282442748092,2.6412213740458017,-0.239013671875,-0.03173828125,-0.522216796875,2.8882999999999996
7.221374045801527,70.47328244274809,2.763358778625954,-0.2373046875,-0.029052734375,-0.52197265625,2.8899999999999997
7.374045801526718,70.16793893129771,2.7786259541984735,-0.237548828125,-0.03125,-0.52294921875,2.8916999999999997
7.404580152671755,69.92366412213741,2.7022900763358777,-0.233154296875,-0.031005859375,-0.52587890625,2.8933999999999997
7.4961832061068705,69.77099236641222,2.4732824427480917,-0.233642578125,-0.032958984375,-0.525390625,2.8951
7.404580152671755,69.55725190839695,2.519083969465649,-0.23486328125,-0.030029296875,-0.5224609375,2.8968
7.6183206106870225,69.40458015267176,2.4122137404580153,-0.240478515625,-0.029052734375,-0.52587890625,2.8985
7.648854961832061,69.1145038167939,2.4580152671755724,-0.23486328125,-0.02880859375,-0.51806640625,2.9002
7.8320610687022905,68.82442748091603,2.0916030534351147,-0.234130859375,-0.0302734375,-0.527099609375,2.9019
7.877862595419847,68.67175572519083,2.1374045801526718,-0.23193359375,-0.024658203125,-0.529541015625,2.9036
7.816793893129771,68.47328244274809,1.8778625954198473,-0.2314453125,-0.026123046875,-0.531494140625,2.9053
7.786259541984733,68.3206106870229,2.015267175572519,-0.22802734375,-0.0283203125,-0.529296875,2.907
8.01526717557252,67.83206106870229,1.8473282442748091,-0.2294921875,-0.02734375,-0.522705078125,2.9086999999999996
7.923664122137405,67.61832061068702,1.8625954198473282,-0.22900390625,-0.0361328125,-0.536376953125,2.9103999999999997
7.816793893129771,67.58778625954199,1.9236641221374047,-0.22412109375,-0.02685546875,-0.532958984375,2.9120999999999997
7.938931297709924,67.20610687022901,1.7099236641221374,-0.22265625,-0.0322265625,-0.545166015625,2.9137999999999997
7.9541984732824424,66.7175572519084,1.9236641221374047,-0.227294921875,-0.029296875,-0.53173828125,2.9154999999999998
7.786259541984733,66.58015267175573,1.8778625954198473,-0.2216796875,-0.035888671875,-0.539794921875,2.9172
7.709923664122138,66.22900763358778,1.83206106870229,-0.216064453125,-0.033447265625,-0.535888671875,2.9189
7.6183206106870225,65.81679389312977,1.8473282442748091,-0.2216796875,-0.031982421875,-0.53466796875,2.9206
7.679389312977099,65.58778625954199,2.0,-0.215576171875,-0.039306640625,-0.53857421875,2.9223
7.404580152671755,65.31297709923665,2.16793893129771,-0.21923828125,-0.035888671875,-0.53515625,2.924
7.32824427480916,64.91603053435115,2.0,-0.221435546875,-0.03564453125,-0.532958984375,2.9257
7.0534351145038165,64.61068702290076,2.2442748091603053,-0.21435546875,-0.0361328125,-0.54248046875,2.9274
6.809160305343512,64.3206106870229,2.0610687022900764,-0.213623046875,-0.034912109375,-0.54736328125,2.9291
6.900763358778626,63.98473282442748,2.1526717557251906,-0.215087890625,-0.032470703125,-0.55126953125,2.9307999999999996
6.8396946564885495,63.64885496183206,2.213740458015267,-0.209716796875,-0.04150390625,-0.536865234375,2.9324999999999997
6.763358778625954,63.49618320610687,2.4732824427480917,-0.21533203125,-0.03515625,-0.549560546875,2.9341999999999997
6.519083969465649,63.083969465648856,2.3206106870229006,-0.217529296875,-0.035400390625,-0.53955078125,2.9358999999999997
6.33587786259542,63.06870229007634,2.732824427480916,-0.21435546875,-0.036865234375,-0.549560546875,2.9375999999999998
6.061068702290076,62.61068702290076,2.8396946564885495,-0.21044921875,-0.0361328125,-0.54638671875,2.9393
6.076335877862595,62.50381679389313,2.854961832061069,-0.2109375,-0.036865234375,-0.548583984375,2.941
6.091603053435114,62.36641221374046,2.8091603053435112,-0.21533203125,-0.046142578125,-0.5478515625,2.9427
5.862595419847328,62.045801526717554,3.0839694656488548,-0.211181640625,-0.042236328125,-0.551025390625,2.9444
5.877862595419847,62.045801526717554,3.0076335877862594,-0.2099609375,-0.03857421875,-0.546630859375,2.9461
5.66412213740458,61.80152671755725,3.053435114503817,-0.21630859375,-0.034423828125,-0.55078125,2.9478
5.312977099236641,61.57251908396947,3.0381679389312977,-0.212158203125,-0.042724609375,-0.5498046875,2.9495
5.343511450381679,61.57251908396947,3.114503816793893,-0.21142578125,-0.041015625,-0.550537109375,2.9512
5.312977099236641,61.31297709923664,3.0839694656488548,-0.202392578125,-0.03564453125,-0.555419921875,2.9528999999999996
5.297709923664122,61.343511450381676,3.1908396946564888,-0.20751953125,-0.04345703125,-0.56298828125,2.9545999999999997
5.083969465648855,61.17557251908397,3.145038167938931,-0.207763671875,-0.041259765625,-0.55224609375,2.9562999999999997
5.068702290076335,61.00763358778626,3.114503816793893,-0.207763671875,-0.04150390625,-0.560302734375,2.9579999999999997
5.00763358778626,60.93129770992366,3.053435114503817,-0.20458984375,-0.0380859375,-0.548583984375,2.9596999999999998
4.885496183206107,60.94656488549618,2.9770992366412212,-0.203125,-0.043212890625,-0.55859375,2.9614
4.534351145038168,60.82442748091603,2.946564885496183,-0.20068359375,-0.04052734375,-0.557861328125,2.9631
4.687022900763359,60.595419847328245,2.854961832061069,-0.199462890625,-0.044921875,-0.55810546875,2.9648
4.687022900763359,60.458015267175576,2.6259541984732824,-0.1982421875,-0.042236328125,-0.560791015625,2.9665
4.473282442748092,60.3206106870229,2.9618320610687023,-0.201171875,-0.038818359375,-0.55615234375,2.9682
4.320610687022901,59.87786259541985,2.5343511450381677,-0.1943359375,-0.039794921875,-0.55859375,2.9699
4.259541984732825,59.465648854961835,2.732824427480916,-0.19873046875,-0.043212890625,-0.55517578125,2.9716
4.2748091603053435,59.343511450381676,2.6106870229007635,-0.190185546875,-0.048583984375,-0.5517578125,2.9733
4.061068702290076,59.083969465648856,2.427480916030534,-0.1943359375,-0.04345703125,-0.5478515625,2.9749999999999996
3.877862595419847,58.79389312977099,2.3969465648854964,-0.191162109375,-0.047119140625,-0.5595703125,2.9766999999999997
3.6030534351145036,58.213740458015266,2.4580152671755724,-0.191162109375,-0.0458984375,-0.564453125,2.9783999999999997
3.5267175572519083,58.091603053435115,2.16793893129771,-0.184326171875,-0.045654296875,-0.55908203125,2.9800999999999997
3.2977099236641223,57.847328244274806,2.33587786259542,-0.18798828125,-0.048583984375,-0.55419921875,2.9818
2.885496183206107,57.25190839694657,2.4427480916030535,-0.1865234375,-0.05419921875,-0.56884765625,2.9835
2.7480916030534353,57.083969465648856,2.2748091603053435,-0.189208984375,-0.051513671875,-0.560791015625,2.9852
2.7022900763358777,56.82442748091603,2.351145038167939,-0.177978515625,-0.05419921875,-0.56201171875,2.9869
2.2900763358778624,56.42748091603053,2.4732824427480917,-0.186767578125,-0.056396484375,-0.56640625,2.9886
2.0,56.0763358778626,2.595419847328244,-0.186279296875,-0.060302734375,-0.567626953125,2.9903
1.3740458015267176,55.770992366412216,2.519083969465649,-0.18701171875,-0.055419921875,-0.5693359375,2.992
1.3893129770992367,55.17557251908397,2.4732824427480917,-0.180419921875,-0.054443359375,-0.5615234375,2.9937
1.083969465648855,55.038167938931295,2.564885496183206,-0.178466796875,-0.057373046875,-0.565185546875,2.9953999999999996
0.549618320610687,54.732824427480914,2.8244274809160306,-0.1787109375,-0.052734375,-0.55908203125,2.9970999999999997
0.3053435114503817,54.18320610687023,2.7786259541984735,-0.181396484375,-0.05126953125,-0.57177734375,2.9987999999999997
0.015267175572519083,53.847328244274806,2.8091603053435112,-0.18212890625,-0.046630859375,-0.56494140625,3.0004999999999997
-0.33587786259541985,53.66412213740458,2.900763358778626,-0.18017578125,-0.05224609375,-0.5654296875,3.0021999999999998
-0.7175572519083969,53.3587786259542,2.8396946564885495,-0.179931640625,-0.052001953125,-0.5673828125,3.0039
-0.9312977099236641,52.732824427480914,2.9618320610687023,-0.17919921875,-0.043212890625,-0.5654296875,3.0056
-1.282442748091603,52.44274809160305,3.053435114503817,-0.1865234375,-0.045654296875,-0.56591796875,3.0073
-1.4045801526717556,52.13740458015267,2.8702290076335877,-0.181396484375,-0.050537109375,-0.566650390625,3.009
-1.465648854961832,52.01526717557252,2.854961832061069,-0.185791015625,-0.048095703125,-0.57568359375,3.0107
-1.6793893129770991,51.86259541984733,3.0076335877862594,-0.177978515625,-0.044189453125,-0.56201171875,3.0124
-2.16793893129771,51.64885496183206,2.687022900763359,-0.185546875,-0.0439453125,-0.565185546875,3.0141
-2.3053435114503817,51.41984732824427,3.0076335877862594,-0.18115234375,-0.039794921875,-0.55859375,3.0158
-2.366412213740458,51.16030534351145,2.900763358778626,-0.185302734375,-0.040771484375,-0.562255859375,3.0174999999999996
-2.549618320610687,51.32824427480916,2.900763358778626,-0.188232421875,-0.0419921875,-0.5595703125,3.0191999999999997
-3.053435114503817,51.038167938931295,2.8702290076335877,-0.182373046875,-0.03955078125,-0.567138671875,3.0208999999999997
-2.9618320610687023,50.961832061068705,2.763358778625954,-0.17919921875,-0.0478515625,-0.5703125,3.0225999999999997
-2.8702290076335877,50.87022900763359,2.8244274809160306,-0.18408203125,-0.04248046875,-0.566650390625,3.0242999999999998
-3.2977099236641223,50.83969465648855,2.7022900763358777,-0.179443359375,-0.042724609375,-0.561767578125,3.026
-3.4198473282442747,50.67175572519084,2.6717557251908395,-0.184326171875,-0.04248046875,-0.56005859375,3.0277
-3.7404580152671754,50.67175572519084,2.763358778625954,-0.179931640625,-0.04150390625,-0.56591796875,3.0294
-3.786259541984733,50.58015267175573,2.4580152671755724,-0.178466796875,-0.0341796875,-0.5654296875,3.0311
-4.0,50.51908396946565,2.427480916030534,-0.18408203125,-0.044677734375,-0.56494140625,3.0328
-4.106870229007634,50.50381679389313,2.4732824427480917,-0.18505859375,-0.03564453125,-0.566162109375,3.0345
-4.305343511450381,50.534351145038165,2.2442748091603053,-0.18212890625,-0.033447265625,-0.559814453125,3.0362
-4.198473282442748,50.396946564885496,2.2290076335877864,-0.176025390625,-0.033203125,-0.57177734375,3.0379
-4.442748091603053,50.51908396946565,2.198473282442748,-0.17431640625,-0.0361328125,-0.5703125,3.0395999999999996
-4.442748091603053,50.33587786259542,2.045801526717557,-0.17578125,-0.0380859375,-0.57177734375,3.0412999999999997
-4.6106870229007635,50.30534351145038,1.984732824427481,-0.183349609375,-0.034423828125,-0.558837890625,3.0429999999999997
-4.809160305343512,50.458015267175576,1.7709923664122138,-0.173828125,-0.03564453125,-0.5673828125,3.0446999999999997
-4.870229007633588,50.3206106870229,1.816793893129771,-0.178955078125,-0.032958984375,-0.568603515625,3.0463999999999998
-4.824427480916031,50.3206106870229,1.618320610687023,-0.1767578125,-0.032470703125,-0.56982421875,3.0481
-4.8396946564885495,50.396946564885496,1.5419847328244274,-0.17431640625,-0.03173828125,-0.569580078125,3.0498
-5.145038167938932,50.50381679389313,1.450381679389313,-0.177978515625,-0.029541015625,-0.569091796875,3.0515
-5.221374045801527,50.56488549618321,1.4045801526717556,-0.17919921875,-0.0283203125,-0.563720703125,3.0532
-5.129770992366412,50.56488549618321,1.3587786259541985,-0.18017578125,-0.030517578125,-0.57763671875,3.0549
-5.114503816793893,50.732824427480914,1.0229007633587786,-0.175048828125,-0.0283203125,-0.5703125,3.0566
-4.916030534351145,50.87022900763359,1.083969465648855,-0.178466796875,-0.02734375,-0.564697265625,3.0583
-5.206106870229007,50.93129770992366,0.6564885496183206,-0.179931640625,-0.030517578125,-0.57421875,3.0599999999999996
-5.587786259541985,50.93129770992366,0.6870229007633588,-0.17529296875,-0.027587890625,-0.580322265625,3.0616999999999996
-5.404580152671755,51.11450381679389,0.6259541984732825,-0.178466796875,-0.025390625,-0.57275390625,3.0633999999999997
-5.32824427480916,51.541984732824424,0.549618320610687,-0.173583984375,-0.0263671875,-0.584228515625,3.0650999999999997
-5.450381679389313,51.61832061068702,0.5343511450381679,-0.171142578125,-0.025390625,-0.574951171875,3.0667999999999997
-5.450381679389313,51.51145038167939,0.4580152671755725,-0.1748046875,-0.024658203125,-0.583740234375,3.0685
-5.297709923664122,51.66412213740458,0.2748091603053435,-0.174072265625,-0.024658203125,-0.578369140625,3.0702
-5.465648854961832,51.69465648854962,0.15267175572519084,-0.16845703125,-0.024658203125,-0.572021484375,3.0719
-5.480916030534351,51.69465648854962,0.0916030534351145,-0.162353515625,-0.017822265625,-0.57177734375,3.0736
-5.435114503816794,51.64885496183206,0.0916030534351145,-0.16357421875,-0.02392578125,-0.56640625,3.0753
-5.251908396946565,51.7557251908397,-0.183206106870229,-0.16845703125,-0.026123046875,-0.58203125,3.077
-5.450381679389313,51.786259541984734,-0.21374045801526717,-0.159912109375,-0.025634765625,-0.572265625,3.0787
-5.343511450381679,51.786259541984734,-0.3816793893129771,-0.1650390625,-0.024169921875,-0.573486328125,3.0804
-5.267175572519084,51.55725190839695,-0.4580152671755725,-0.16064453125,-0.03076171875,-0.57666015625,3.0820999999999996
-5.343511450381679,51.55725190839695,-0.7480916030534351,-0.1572265625,-0.024658203125,-0.57080078125,3.0837999999999997
-5.297709923664122,51.465648854961835,-0.5801526717557252,-0.1552734375,-0.02392578125,-0.57373046875,3.0854999999999997
-5.236641221374046,51.37404580152672,-0.8702290076335878,-0.154296875,-0.02783203125,-0.576904296875,3.0871999999999997
-5.114503816793893,51.14503816793893,-0.9007633587786259,-0.157470703125,-0.02490234375,-0.579345703125,3.0888999999999998
-5.175572519083969,50.94656488549618,-1.1908396946564885,-0.14453125,-0.022705078125,-0.569091796875,3.0906
-5.221374045801527,50.76335877862596,-1.1145038167938932,-0.145751953125,-0.026123046875,-0.570556640625,3.0923
-5.404580152671755,50.458015267175576,-1.1908396946564885,-0.150634765625,-0.028564453125,-0.580078125,3.094
-5.3893129770992365,50.16793893129771,-1.3129770992366412,-0.147705078125,-0.024658203125,-0.577392578125,3.0957
-5.343511450381679,49.93893129770992,-1.5572519083969465,-0.143798828125,-0.025390625,-0.580810546875,3.0974
-5.3893129770992365,49.908396946564885,-1.6488549618320612,-0.145751953125,-0.0244140625,-0.583984375,3.0991
-5.511450381679389,49.41984732824427,-1.6946564885496183,-0.149169921875,-0.025634765625,-0.578125,3.1008
-5.190839694656488,48.93129770992366,-1.6946564885496183,-0.144775390625,-0.022705078125,-0.5732421875,3.1025
-5.251908396946565,48.900763358778626,-1.8931297709923665,-0.144775390625,-0.0263671875,-0.58984375,3.1041999999999996
-5.526717557251908,48.778625954198475,-1.9694656488549618,-0.146240234375,-0.026123046875,-0.584716796875,3.1058999999999997
-5.358778625954199,48.47328244274809,-2.0610687022900764,-0.149658203125,-0.024169921875,-0.582763671875,3.1075999999999997
-5.221374045801527,48.0763358778626,-2.015267175572519,-0.14697265625,-0.025146484375,-0.588623046875,3.1092999999999997
-5.267175572519084,47.770992366412216,-2.2748091603053435,-0.144775390625,-0.01953125,-0.57958984375,3.1109999999999998
-5.099236641221374,47.52671755725191,-2.2748091603053435,-0.153564453125,-0.02197265625,-0.577392578125,3.1127
-4.916030534351145,47.17557251908397,-2.549618320610687,-0.151611328125,-0.021728515625,-0.589599609375,3.1144
-4.793893129770993,47.23664122137404,-2.6106870229007635,-0.146728515625,-0.017333984375,-0.58447265625,3.1161
-5.068702290076335,47.20610687022901,-2.5343511450381677,-0.14404296875,-0.0205078125,-0.587890625,3.1178
-4.778625954198473,47.20610687022901,-2.519083969465649,-0.149169921875,-0.018310546875,-0.584716796875,3.1195
-4.854961832061068,47.20610687022901,-2.595419847328244,-0.146728515625,-0.023681640625,-0.58447265625,3.1212
-4.778625954198473,46.94656488549618,-2.381679389312977,-0.146484375,-0.015380859375,-0.590087890625,3.1229
-4.870229007633588,46.83969465648855,-2.549618320610687,-0.1494140625,-0.0185546875,-0.590087890625,3.1246
-4.763358778625954,46.99236641221374,-2.183206106870229,-0.146240234375,-0.024658203125,-0.589599609375,3.1262999999999996
-4.67175572519084,46.87022900763359,-2.2290076335877864,-0.1455078125,-0.021728515625,-0.587646484375,3.1279999999999997
-4.717557251908397,46.732824427480914,-2.198473282442748,-0.14111328125,-0.017578125,-0.598388671875,3.1296999999999997
-4.8396946564885495,46.85496183206107,-1.9389312977099236,-0.144287109375,-0.021728515625,-0.59130859375,3.1313999999999997
-4.8396946564885495,46.74809160305343,-1.83206106870229,-0.140869140625,-0.02294921875,-0.59619140625,3.1330999999999998
-4.641221374045801,46.80916030534351,-1.8778625954198473,-0.141357421875,-0.0205078125,-0.60205078125,3.1348
-4.8396946564885495,46.51908396946565,-1.816793893129771,-0.14453125,-0.019287109375,-0.594482421875,3.1365
-4.564885496183206,46.44274809160305,-1.9694656488549618,-0.14013671875,-0.0146484375,-0.59326171875,3.1382
-4.427480916030534,46.19847328244275,-1.618320610687023,-0.140869140625,-0.019287109375,-0.5888671875,3.1399
-4.5038167938931295,46.396946564885496,-1.7709923664122138,-0.138916015625,-0.02099609375,-0.588134765625,3.1416
-4.549618320610687,46.091603053435115,-1.786259541984733,-0.13671875,-0.01416015625,-0.588623046875,3.1433
-4.213740458015267,46.0,-1.7251908396946565,-0.14111328125,-0.01513671875,-0.600341796875,3.145
-4.244274809160306,46.06106870229008,-1.6793893129770991,-0.137451171875,-0.012939453125,-0.58837890625,3.1466999999999996
-4.305343511450381,46.13740458015267,-1.8931297709923665,-0.136962890625,-0.01123046875,-0.601806640625,3.1483999999999996
-3.9389312977099236,46.030534351145036,-1.6793893129770991,-0.14013671875,-0.0126953125,-0.587890625,3.1500999999999997
-3.7709923664122136,46.045801526717554,-1.633587786259542,-0.1328125,-0.011474609375,-0.591796875,3.1517999999999997
-3.5114503816793894,46.091603053435115,-1.7709923664122138,-0.1318359375,-0.009033203125,-0.5927734375,3.1534999999999997
-3.404580152671756,46.030534351145036,-1.8473282442748091,-0.137939453125,-0.008544921875,-0.59716796875,3.1552
-3.3435114503816794,46.06106870229008,-1.7099236641221374,-0.138916015625,-0.013916015625,-0.60302734375,3.1569
-3.236641221374046,46.13740458015267,-1.7404580152671756,-0.1337890625,-0.012451171875,-0.597412109375,3.1586
-3.053435114503817,46.229007633587784,-1.7557251908396947,-0.14111328125,-0.01318359375,-0.59033203125,3.1603
-2.8091603053435112,46.29007633587786,-1.9541984732824427,-0.135498046875,-0.009765625,-0.5869140625,3.162
-2.8091603053435112,46.19847328244275,-1.7099236641221374,-0.13671875,-0.007080078125,-0.591796875,3.1637
-2.7938931297709924,46.35114503816794,-1.8778625954198473,-0.1376953125,-0.017333984375,-0.5986328125,3.1654
-2.6717557251908395,46.36641221374046,-1.9541984732824427,-0.136474609375,-0.01318359375,-0.589599609375,3.1671
-2.50381679389313,46.61068702290076,-1.984732824427481,-0.133056640625,-0.01513671875,-0.597900390625,3.1687999999999996
-2.2595419847328246,46.70229007633588,-1.8778625954198473,-0.130859375,-0.013916015625,-0.59423828125,3.1704999999999997
-2.045801526717557,46.62595419847328,-2.0,-0.126953125,-0.017578125,-0.60107421875,3.1721999999999997
-2.122137404580153,46.87022900763359,-1.8778625954198473,-0.12939453125,-0.017822265625,-0.60205078125,3.1738999999999997
-2.122137404580153,47.05343511450382,-2.1374045801526718,-0.129150390625,-0.016845703125,-0.589111328125,3.1755999999999998
-2.16793893129771,46.961832061068705,-1.9389312977099236,-0.1298828125,-0.019287109375,-0.593994140625,3.1773
-1.9236641221374047,46.68702290076336,-1.9389312977099236,-0.12744140625,-0.01513671875,-0.59814453125,3.179
-1.6946564885496183,46.732824427480914,-1.9694656488549618,-0.12841796875,-0.015869140625,-0.59521484375,3.1807
-1.786259541984733,46.534351145038165,-1.9083969465648856,-0.119140625,-0.015380859375,-0.59423828125,3.1824
-1.5572519083969465,46.48854961832061,-1.9083969465648856,-0.1162109375,-0.013427734375,-0.597900390625,3.1841
-1.6793893129770991,46.47328244274809,-2.0916030534351147,-0.118896484375,-0.01806640625,-0.589599609375,3.1858
-1.5877862595419847,46.3206106870229,-1.8931297709923665,-0.11328125,-0.01806640625,-0.603759765625,3.1875
-1.7251908396946565,46.0,-1.9389312977099236,-0.114990234375,-0.020263671875,-0.5947265625,3.1892
-1.618320610687023,45.69465648854962,-2.0,-0.119140625,-0.020263671875,-0.596923828125,3.1908999999999996
-1.8015267175572518,45.63358778625954,-1.984732824427481,-0.115234375,-0.021240234375,-0.59765625,3.1925999999999997
-1.6946564885496183,45.267175572519086,-2.183206106870229,-0.109375,-0.020751953125,-0.59375,3.1942999999999997
-1.5725190839694656,45.16030534351145,-2.2442748091603053,-0.108642578125,-0.01953125,-0.59326171875,3.1959999999999997
-1.5877862595419847,44.732824427480914,-2.183206106870229,-0.1103515625,-0.02001953125,-0.600341796875,3.1976999999999998
-1.6793893129770991,44.656488549618324,-2.2442748091603053,-0.11181640625,-0.0224609375,-0.60009765625,3.1994
-1.465648854961832,44.42748091603053,-2.3053435114503817,-0.11572265625,-0.02197265625,-0.59716796875,3.2011
-1.618320610687023,44.2442748091603,-2.381679389312977,-0.109619140625,-0.02099609375,-0.5908203125,3.2028
-1.6488549618320612,43.89312977099237,-2.2290076335877864,-0.1162109375,-0.02392578125,-0.59033203125,3.2045
-1.3282442748091603,43.70992366412214,-2.33587786259542,-0.110595703125,-0.020263671875,-0.60546875,3.2062
-1.4961832061068703,43.55725190839695,-2.2900763358778624,-0.115234375,-0.020751953125,-0.5908203125,3.2079
-1.7099236641221374,43.31297709923664,-2.3053435114503817,-0.11669921875,-0.02587890625,-0.60693359375,3.2096
-1.6946564885496183,43.19083969465649,-2.4885496183206106,-0.114990234375,-0.0185546875,-0.603515625,3.2112999999999996
-1.7557251908396947,43.14503816793893,-2.427480916030534,-0.11669921875,-0.018310546875,-0.595703125,3.2129999999999996
-1.6488549618320612,43.20610687022901,-2.4732824427480917,-0.109375,-0.02197265625,-0.603271484375,3.2146999999999997
-1.5267175572519085,43.06870229007634,-2.4122137404580153,-0.11865234375,-0.0224609375,-0.60302734375,3.2163999999999997
-1.83206106870229,43.282442748091604,-2.5801526717557253,-0.11328125,-0.02294921875,-0.596923828125,3.2180999999999997
-1.8473282442748091,43.343511450381676,-2.4427480916030535,-0.115478515625,-0.020751953125,-0.603271484375,3.2197999999999998
-1.9083969465648856,43.37404580152672,-2.4122137404580153,-0.115966796875,-0.023193359375,-0.6015625,3.2215
-2.0,43.49618320610687,-2.427480916030534,-0.114013671875,-0.0263671875,-0.6044921875,3.2232
-1.8473282442748091,43.23664122137404,-2.213740458015267,-0.114501953125,-0.023193359375,-0.598388671875,3.2249
-2.0,43.29770992366412,-2.183206106870229,-0.110107421875,-0.02734375,-0.594970703125,3.2266
-1.8778625954198473,43.41984732824427,-2.366412213740458,-0.113525390625,-0.0244140625,-0.60009765625,3.2283
-2.0763358778625953,43.3587786259542,-2.0916030534351147,-0.10888671875,-0.02294921875,-0.604736328125,3.23
-2.2290076335877864,43.267175572519086,-2.122137404580153,-0.111328125,-0.024658203125,-0.597412109375,3.2317
-2.1526717557251906,43.16030534351145,-2.030534351145038,-0.105712890625,-0.02587890625,-0.600830078125,3.2333999999999996
-2.1374045801526718,43.343511450381676,-2.2442748091603053,-0.10888671875,-0.020751953125,-0.603271484375,3.2350999999999996
-2.351145038167939,43.11450381679389,-2.0610687022900764,-0.107421875,-0.021240234375,-0.609375,3.2367999999999997
-2.366412213740458,42.82442748091603,-2.0,-0.10205078125,-0.027587890625,-0.59912109375,3.2384999999999997
-2.427480916030534,42.732824427480914,-1.8931297709923665,-0.102294921875,-0.024169921875,-0.598876953125,3.2401999999999997
-2.3969465648854964,42.58015267175573,-2.198473282442748,-0.101318359375,-0.02294921875,-0.59033203125,3.2419
-2.7022900763358777,42.38167938931298,-2.0610687022900764,-0.099365234375,-0.0244140625,-0.592529296875,3.2436
-2.7786259541984735,42.152671755725194,-1.9541984732824427,-0.1005859375,-0.026611328125,-0.5986328125,3.2453
-2.5343511450381677,42.045801526717554,-2.030534351145038,-0.097412109375,-0.026611328125,-0.603271484375,3.247
-2.6412213740458017,41.83206106870229,-2.0916030534351147,-0.10009765625,-0.0283203125,-0.604248046875,3.2487
-2.8396946564885495,41.48091603053435,-1.9389312977099236,-0.102783203125,-0.025390625,-0.599609375,3.2504
-3.0839694656488548,41.3587786259542,-2.213740458015267,-0.098876953125,-0.02197265625,-0.59765625,3.2521
-2.900763358778626,41.12977099236641,-1.984732824427481,-0.09912109375,-0.02587890625,-0.595947265625,3.2538
-3.0381679389312977,40.61068702290076,-2.183206106870229,-0.0966796875,-0.0302734375,-0.599365234375,3.2554999999999996
-3.0839694656488548,40.56488549618321,-2.2595419847328246,-0.101806640625,-0.024658203125,-0.606689453125,3.2571999999999997
-3.2213740458015265,40.33587786259542,-2.3053435114503817,-0.1005859375,-0.025146484375,-0.607421875,3.2588999999999997
-3.2977099236641223,39.93893129770992,-2.3053435114503817,-0.100341796875,-0.0234375,-0.599853515625,3.2605999999999997
-3.4198473282442747,40.091603053435115,-2.213740458015267,-0.09765625,-0.030029296875,-0.60009765625,3.2622999999999998
-3.572519083969466,40.030534351145036,-2.213740458015267,-0.098388671875,-0.029052734375,-0.605224609375,3.264
-3.648854961832061,39.87786259541985,-2.6106870229007635,-0.09765625,-0.029052734375,-0.60009765625,3.2657
-3.7557251908396947,39.69465648854962,-2.2442748091603053,-0.095947265625,-0.031982421875,-0.6083984375,3.2674
-3.786259541984733,39.64885496183206,-2.4885496183206106,-0.10205078125,-0.0283203125,-0.602294921875,3.2691
-4.0458015267175576,39.83206106870229,-2.4427480916030535,-0.104736328125,-0.029052734375,-0.606689453125,3.2708
-4.091603053435114,39.70992366412214,-2.6259541984732824,-0.1005859375,-0.0244140625,-0.6064453125,3.2725
-4.061068702290076,39.86259541984733,-2.595419847328244,-0.104736328125,-0.033447265625,-0.609619140625,3.2742
-4.396946564885496,39.66412213740458,-2.595419847328244,-0.105224609375,-0.03662109375,-0.60009765625,3.2759
-4.427480916030534,39.7557251908397,-2.4580152671755724,-0.103515625,-0.0322265625,-0.595947265625,3.2775999999999996
-4.67175572519084,40.0,-2.732824427480916,-0.096435546875,-0.025634765625,-0.5986328125,3.2792999999999997
-4.656488549618321,40.25954198473283,-2.717557251908397,-0.102783203125,-0.027587890625,-0.59765625,3.2809999999999997
-4.885496183206107,40.213740458015266,-2.6717557251908395,-0.1025390625,-0.02783203125,-0.60595703125,3.2826999999999997
-5.267175572519084,40.595419847328245,-2.7022900763358777,-0.100830078125,-0.026611328125,-0.606201171875,3.2843999999999998
-5.099236641221374,40.62595419847328,-2.7938931297709924,-0.1044921875,-0.0302734375,-0.604736328125,3.2861
-5.190839694656488,40.62595419847328,-2.717557251908397,-0.104736328125,-0.028076171875,-0.606689453125,3.2878
-5.450381679389313,40.99236641221374,-2.9160305343511452,-0.101318359375,-0.02685546875,-0.610107421875,3.2895
-5.587786259541985,41.16030534351145,-2.7786259541984735,-0.103515625,-0.023193359375,-0.597412109375,3.2912
-5.541984732824427,41.37404580152672,-2.9770992366412212,-0.10302734375,-0.02978515625,-0.59716796875,3.2929
-5.893129770992366,41.57251908396947,-3.2061068702290076,-0.10498046875,-0.024169921875,-0.600341796875,3.2946
-5.862595419847328,41.69465648854962,-3.404580152671756,-0.101318359375,-0.023681640625,-0.60791015625,3.2963
-5.9541984732824424,41.969465648854964,-3.450381679389313,-0.103759765625,-0.02685546875,-0.599853515625,3.2979999999999996
-6.137404580152672,42.30534351145038,-3.83206106870229,-0.105712890625,-0.0224609375,-0.6064453125,3.2996999999999996
-6.091603053435114,42.732824427480914,-3.5877862595419847,-0.10302734375,-0.025390625,-0.610107421875,3.3013999999999997
-6.33587786259542,43.02290076335878,-3.9236641221374047,-0.10791015625,-0.02294921875,-0.610107421875,3.3030999999999997
-6.366412213740458,43.603053435114504,-4.091603053435114,-0.10498046875,-0.01904296875,-0.6044921875,3.3047999999999997
-6.213740458015267,44.06106870229008,-4.2748091603053435,-0.105712890625,-0.024169921875,-0.59912109375,3.3064999999999998
-6.366412213740458,44.61068702290076,-4.641221374045801,-0.105712890625,-0.021240234375,-0.60009765625,3.3082
-6.2748091603053435,44.900763358778626,-4.67175572519084,-0.10888671875,-0.018310546875,-0.598388671875,3.3099
-6.366412213740458,45.37404580152672,-4.8396946564885495,-0.108154296875,-0.0205078125,-0.599853515625,3.3116
-6.2748091603053435,45.847328244274806,-5.099236641221374,-0.1025390625,-0.0107421875,-0.60498046875,3.3133
-6.732824427480916,46.36641221374046,-4.9465648854961835,-0.102294921875,-0.013671875,-0.602783203125,3.315
-6.564885496183206,46.87022900763359,-5.343511450381679,-0.103515625,-0.0185546875,-0.601806640625,3.3167
-6.67175572519084,47.32824427480916,-5.312977099236641,-0.097412109375,-0.020751953125,-0.591552734375,3.3184
-6.809160305343512,47.74045801526717,-5.526717557251908,-0.101806640625,-0.0224609375,-0.600341796875,3.3200999999999996
-6.900763358778626,48.229007633587784,-5.786259541984733,-0.10205078125,-0.027587890625,-0.60107421875,3.3217999999999996
-7.114503816793893,48.534351145038165,-5.801526717557252,-0.096435546875,-0.025146484375,-0.604248046875,3.3234999999999997
-7.251908396946565,48.82442748091603,-6.030534351145038,-0.09033203125,-0.02392578125,-0.60107421875,3.3251999999999997
-7.022900763358779,49.282442748091604,-6.351145038167939,-0.08935546875,-0.01806640625,-0.602294921875,3.3268999999999997
-7.32824427480916,49.282442748091604,-6.259541984732825,-0.092529296875,-0.0185546875,-0.595458984375,3.3286
-7.541984732824427,49.465648854961835,-6.488549618320611,-0.08837890625,-0.024169921875,-0.60595703125,3.3303
-7.419847328244275,49.7557251908397,-6.6106870229007635,-0.092529296875,-0.016357421875,-0.58837890625,3.332
-7.572519083969466,49.725190839694655,-6.9465648854961835,-0.082275390625,-0.019775390625,-0.60302734375,3.3337
-7.603053435114504,49.74045801526717,-7.129770992366412,-0.087890625,-0.02001953125,-0.603271484375,3.3354
-7.709923664122138,49.786259541984734,-7.175572519083969,-0.085205078125,-0.016845703125,-0.601318359375,3.3371
-7.816793893129771,49.725190839694655,-7.32824427480916,-0.07958984375,-0.01708984375,-0.599609375,3.3388
-7.740458015267175,49.69465648854962,-7.603053435114504,-0.07568359375,-0.021484375,-0.601318359375,3.3405
-7.8320610687022905,49.57251908396947,-7.6183206106870225,-0.07861328125,-0.019287109375,-0.605712890625,3.3421999999999996
-8.106870229007633,49.465648854961835,-7.786259541984733,-0.07470703125,-0.0263671875,-0.594970703125,3.3438999999999997
-8.030534351145038,49.37404580152672,-8.198473282442748,-0.071533203125,-0.01806640625,-0.600341796875,3.3455999999999997
-8.15267175572519,49.31297709923664,-8.351145038167939,-0.075927734375,-0.022705078125,-0.5927734375,3.3472999999999997
-8.259541984732824,49.282442748091604,-8.351145038167939,-0.0732421875,-0.025146484375,-0.59765625,3.3489999999999998
-8.229007633587786,49.20610687022901,-8.442748091603054,-0.0732421875,-0.022216796875,-0.600830078125,3.3507
-8.595419847328245,49.343511450381676,-8.67175572519084,-0.076171875,-0.023681640625,-0.60009765625,3.3524
-8.50381679389313,49.31297709923664,-8.961832061068701,-0.07373046875,-0.024658203125,-0.59814453125,3.3541
-8.732824427480915,49.221374045801525,-8.900763358778626,-0.0673828125,-0.02001953125,-0.60693359375,3.3558
-8.885496183206106,49.19083969465649,-9.068702290076336,-0.07763671875,-0.02001953125,-0.601806640625,3.3575
-9.19083969465649,49.221374045801525,-9.32824427480916,-0.07177734375,-0.023193359375,-0.603515625,3.3592
-9.435114503816793,49.16030534351145,-9.465648854961833,-0.0703125,-0.02783203125,-0.59716796875,3.3609
-9.557251908396946,49.25190839694657,-9.541984732824428,-0.071044921875,-0.024658203125,-0.60498046875,3.3626
-9.557251908396946,49.14503816793893,-9.664122137404581,-0.067138671875,-0.019287109375,-0.603515625,3.3642999999999996
-9.86259541984733,49.02290076335878,-9.801526717557252,-0.0712890625,-0.02197265625,-0.603759765625,3.3659999999999997
-10.0,49.06870229007634,-9.923664122137405,-0.06396484375,-0.02197265625,-0.6064453125,3.3676999999999997
-10.15267175572519,49.12977099236641,-10.045801526717558,-0.067138671875,-0.0205078125,-0.60205078125,3.3693999999999997
-10.198473282442748,48.99236641221374,-10.091603053435115,-0.06591796875,-0.017578125,-0.61083984375,3.3710999999999998
-10.198473282442748,48.74809160305343,-10.183206106870228,-0.065185546875,-0.01904296875,-0.605224609375,3.3728
-10.290076335877863,49.05343511450382,-10.183206106870228,-0.06640625,-0.019775390625,-0.60791015625,3.3745
-10.610687022900763,49.00763358778626,-10.427480916030534,-0.06494140625,-0.02099609375,-0.615478515625,3.3762
-10.65648854961832,48.79389312977099,-10.290076335877863,-0.0634765625,-0.0205078125,-0.609130859375,3.3779
-10.82442748091603,48.74809160305343,-10.320610687022901,-0.064208984375,-0.021728515625,-0.616943359375,3.3796
-10.67175572519084,48.74809160305343,-10.51908396946565,-0.063720703125,-0.02197265625,-0.613037109375,3.3813
-10.885496183206106,48.6412213740458,-10.488549618320612,-0.0556640625,-0.019775390625,-0.608154296875,3.383
-10.931297709923664,48.68702290076336,-10.427480916030534,-0.058837890625,-0.020751953125,-0.6103515625,3.3846999999999996
-11.007633587786259,48.51908396946565,-10.427480916030534,-0.05712890625,-0.01220703125,-0.598388671875,3.3863999999999996
-11.129770992366412,48.19847328244275,-10.534351145038167,-0.052734375,-0.0185546875,-0.607421875,3.3880999999999997
-10.916030534351146,48.3206106870229,-10.732824427480915,-0.052978515625,-0.01513671875,-0.618408203125,3.3897999999999997
-10.992366412213741,47.847328244274806,-10.595419847328245,-0.05419921875,-0.010498046875,-0.618896484375,3.3914999999999997
-11.053435114503817,47.69465648854962,-10.65648854961832,-0.05224609375,-0.017578125,-0.609619140625,3.3931999999999998
-11.145038167938932,47.43511450381679,-10.702290076335878,-0.052978515625,-0.016357421875,-0.61181640625,3.3949
-11.083969465648854,46.961832061068705,-10.687022900763358,-0.04833984375,-0.014892578125,-0.614990234375,3.3966
-10.992366412213741,46.732824427480914,-10.641221374045802,-0.048583984375,-0.02001953125,-0.60693359375,3.3983
-11.297709923664122,46.33587786259542,-10.67175572519084,-0.049072265625,-0.01708984375,-0.619873046875,3.4
-11.587786259541986,46.16793893129771,-10.580152671755725,-0.040771484375,-0.016845703125,-0.62548828125,3.4017
-11.251908396946565,45.93893129770992,-10.65648854961832,-0.044677734375,-0.0146484375,-0.60888671875,3.4034
-11.419847328244275,45.6793893129771,-10.610687022900763,-0.043212890625,-0.013427734375,-0.606689453125,3.4051
-11.49618320610687,45.38931297709924,-10.564885496183207,-0.036376953125,-0.019287109375,-0.616455078125,3.4067999999999996
-11.358778625954198,45.16030534351145,-10.534351145038167,-0.043212890625,-0.015625,-0.61376953125,3.4084999999999996
-11.374045801526718,44.900763358778626,-10.351145038167939,-0.0380859375,-0.015625,-0.6220703125,3.4101999999999997
-11.251908396946565,44.458015267175576,-10.320610687022901,-0.0302734375,-0.01416015625,-0.620361328125,3.4118999999999997
-11.282442748091603,44.2442748091603,-10.13740458015267,-0.040771484375,-0.01220703125,-0.61083984375,3.4135999999999997
-11.251908396946565,43.725190839694655,-10.198473282442748,-0.0380859375,-0.013427734375,-0.616455078125,3.4153
-11.267175572519085,43.55725190839695,-10.045801526717558,-0.03857421875,-0.00537109375,-0.61474609375,3.417
-11.083969465648854,43.23664122137404,-10.0,-0.032958984375,-0.006591796875,-0.628662109375,3.4187
-11.114503816793894,42.717557251908396,-10.061068702290076,-0.03173828125,-0.011474609375,-0.62255859375,3.4204
-10.83969465648855,42.35114503816794,-9.893129770992367,-0.0341796875,-0.00439453125,-0.61669921875,3.4221
-10.916030534351146,42.01526717557252,-10.0,-0.03125,-0.002685546875,-0.616455078125,3.4238
-10.82442748091603,41.63358778625954,-9.923664122137405,-0.03076171875,-0.004150390625,-0.618408203125,3.4255
-10.595419847328245,41.282442748091604,-9.801526717557252,-0.026611328125,-0.004150390625,-0.615478515625,3.4272
-10.16793893129771,40.595419847328245,-9.679389312977099,-0.02587890625,0.000244140625,-0.61279296875,3.4288999999999996
-10.061068702290076,40.229007633587784,-9.786259541984732,-0.026123046875,0.001953125,-0.6142578125,3.4305999999999996
-10.030534351145038,39.6793893129771,-9.587786259541986,-0.0263671875,0.005615234375,-0.6181640625,3.4322999999999997
-9.587786259541986,39.17557251908397,-9.755725190839694,-0.02587890625,0.006591796875,-0.625732421875,3.4339999999999997
-9.419847328244275,38.42748091603053,-9.679389312977099,-0.02490234375,0.007568359375,-0.617919921875,3.4356999999999998
-9.145038167938932,37.87786259541985,-9.526717557251908,-0.02392578125,0.0078125,-0.6181640625,3.4374
-9.114503816793894,37.25190839694657,-9.404580152671755,-0.016845703125,0.007568359375,-0.622802734375,3.4391
-8.778625954198473,36.6412213740458,-9.419847328244275,-0.02001953125,0.01123046875,-0.62060546875,3.4408
-8.473282442748092,36.18320610687023,-9.19083969465649,-0.01806640625,0.003662109375,-0.6201171875,3.4425
-7.984732824427481,35.541984732824424,-9.038167938931299,-0.015380859375,-0.00146484375,-0.613037109375,3.4442
-8.0,35.23664122137404,-8.961832061068701,-0.023681640625,0.005126953125,-0.623779296875,3.4459
-7.755725190839694,34.83969465648855,-8.931297709923664,-0.02099609375,0.008544921875,-0.624267578125,3.4476
-7.526717557251908,34.48854961832061,-8.732824427480915,-0.0234375,0.0087890625,-0.62109375,3.4492999999999996
-7.175572519083969,34.213740458015266,-8.50381679389313,-0.02001953125,0.0087890625,-0.61181640625,3.4509999999999996
-7.083969465648855,33.786259541984734,-8.183206106870228,-0.029052734375,0.009033203125,-0.61962890625,3.4526999999999997
-6.778625954198473,33.48091603053435,-8.0,-0.0234375,0.00537109375,-0.6220703125,3.4543999999999997
-6.748091603053435,33.267175572519086,-7.847328244274809,-0.019287109375,0.002197265625,-0.619140625,3.4560999999999997
-6.442748091603053,32.900763358778626,-7.770992366412214,-0.02392578125,0.009033203125,-0.6279296875,3.4577999999999998
-6.259541984732825,32.656488549618324,-7.526717557251908,-0.02685546875,0.00537109375,-0.62255859375,3.4595
-6.0458015267175576,32.412213740458014,-7.404580152671755,-0.028564453125,0.00830078125,-0.627197265625,3.4612
-5.709923664122138,31.923664122137403,-7.1603053435114505,-0.02490234375,0.002197265625,-0.618896484375,3.4629
-5.587786259541985,31.938931297709924,-6.9465648854961835,-0.02392578125,0.00439453125,-0.625,3.4646
-5.267175572519084,31.87786259541985,-6.534351145038168,-0.02685546875,0.00927734375,-0.627685546875,3.4663
-5.129770992366412,31.51145038167939,-6.351145038167939,-0.02001953125,0.01025390625,-0.627197265625,3.468
-5.0534351145038165,31.297709923664122,-6.152671755725191,-0.021484375,0.006103515625,-0.628173828125,3.4697
-4.67175572519084,31.19083969465649,-5.969465648854962,-0.021728515625,0.00341796875,-0.625732421875,3.4713999999999996
-4.351145038167939,30.977099236641223,-5.7251908396946565,-0.020751953125,0.001220703125,-0.620849609375,3.4730999999999996
-3.984732824427481,30.732824427480917,-5.770992366412214,-0.02001953125,0.001220703125,-0.622802734375,3.4747999999999997
-3.9389312977099236,30.458015267175572,-5.3893129770992365,-0.01318359375,0.003662109375,-0.6240234375,3.4764999999999997
-3.66412213740458,30.33587786259542,-5.267175572519084,-0.013916015625,0.0029296875,-0.625244140625,3.4781999999999997
-3.282442748091603,29.786259541984734,-5.129770992366412,-0.017578125,-0.00048828125,-0.626220703125,3.4798999999999998
-3.2213740458015265,29.64885496183206,-5.068702290076335,-0.01708984375,0.0,-0.62255859375,3.4816
-2.8702290076335877,29.282442748091604,-4.8396946564885495,-0.01953125,0.0087890625,-0.623291015625,3.4833
-2.7480916030534353,29.053435114503817,-4.702290076335878,-0.0146484375,0.005615234375,-0.629638671875,3.485
-2.519083969465649,28.778625954198475,-4.5038167938931295,-0.014892578125,-0.0009765625,-0.623291015625,3.4867
-2.2442748091603053,28.47328244274809,-4.534351145038168,-0.018798828125,0.001953125,-0.629638671875,3.4884
-1.9541984732824427,28.3206106870229,-4.061068702290076,-0.014892578125,0.002685546875,-0.619873046875,3.4901
-1.8931297709923665,27.923664122137403,-3.984732824427481,-0.015380859375,-0.005126953125,-0.616455078125,3.4918
-1.8473282442748091,27.740458015267176,-3.83206106870229,-0.01904296875,0.0009765625,-0.62451171875,3.4934999999999996
-1.6488549618320612,27.572519083969464,-3.7099236641221376,-0.01318359375,0.001220703125,-0.624267578125,3.4951999999999996
-1.4045801526717556,27.17557251908397,-3.3893129770992365,-0.01708984375,0.00244140625,-0.6279296875,3.4968999999999997
-1.3282442748091603,26.99236641221374,-3.114503816793893,-0.01806640625,0.00048828125,-0.6201171875,3.4985999999999997
-1.1145038167938932,26.702290076335878,-3.0076335877862594,-0.014404296875,0.0009765625,-0.627197265625,3.5002999999999997
-1.0381679389312977,26.519083969465647,-2.900763358778626,-0.015869140625,-0.001220703125,-0.62060546875,3.502
-1.099236641221374,26.38167938931298,-2.549618320610687,-0.014404296875,0.00048828125,-0.621337890625,3.5037
-0.8091603053435115,26.015267175572518,-2.595419847328244,-0.015380859375,-0.001953125,-0.630859375,3.5054
-0.7480916030534351,25.862595419847327,-2.2748091603053435,-0.017578125,-0.00634765625,-0.63037109375,3.5071
-0.6564885496183206,25.541984732824428,-2.2442748091603053,-0.017822265625,-0.002685546875,-0.627685546875,3.5088
-0.6564885496183206,25.450381679389313,-1.9541984732824427,-0.0185546875,-0.005859375,-0.625244140625,3.5105
-0.6717557251908397,25.282442748091604,-1.83206106870229,-0.014892578125,-0.011474609375,-0.61767578125,3.5122
-0.5648854961832062,24.946564885496183,-1.5114503816793894,-0.014892578125,-0.0087890625,-0.622314453125,3.5139
-0.4732824427480916,24.82442748091603,-1.3740458015267176,-0.01611328125,-0.010009765625,-0.61669921875,3.5155999999999996
-0.42748091603053434,24.48854961832061,-1.1908396946564885,-0.0107421875,-0.0068359375,-0.625,3.5172999999999996
-0.42748091603053434,24.38167938931298,-0.916030534351145,-0.012451171875,-0.009765625,-0.627685546875,3.5189999999999997
-0.3816793893129771,24.106870229007633,-0.7480916030534351,-0.01806640625,-0.0078125,-0.6240234375,3.5206999999999997
-0.366412213740458,23.862595419847327,-0.7786259541984732,-0.018310546875,-0.009033203125,-0.621337890625,3.5223999999999998
-0.3816793893129771,24.061068702290076,-0.6106870229007634,-0.015380859375,-0.012451171875,-0.6240234375,3.5241
-0.22900763358778625,23.786259541984734,-0.2595419847328244,-0.016357421875,-0.0126953125,-0.62548828125,3.5258
-0.10687022900763359,23.786259541984734,-0.2595419847328244,-0.01513671875,-0.0078125,-0.624267578125,3.5275
-0.22900763358778625,23.69465648854962,-0.32061068702290074,-0.01611328125,-0.00830078125,-0.631591796875,3.5292
0.0916030534351145,23.389312977099237,-0.183206106870229,-0.01416015625,-0.007080078125,-0.628173828125,3.5309
0.21374045801526717,23.267175572519083,-0.16793893129770993,-0.01513671875,-0.0087890625,-0.630126953125,3.5326
0.15267175572519084,23.236641221374047,-0.0916030534351145,-0.017578125,-0.00634765625,-0.628173828125,3.5343
0.04580152671755725,23.17557251908397,-0.21374045801526717,-0.015869140625,-0.005859375,-0.628662109375,3.5359999999999996
0.3511450381679389,22.870229007633586,0.07633587786259542,-0.017578125,-0.007568359375,-0.62158203125,3.5376999999999996
0.3816793893129771,22.931297709923665,0.0,-0.011962890625,-0.010498046875,-0.624755859375,3.5393999999999997
0.5801526717557252,23.022900763358777,-0.015267175572519083,-0.017822265625,-0.005615234375,-0.623291015625,3.5410999999999997
0.6564885496183206,22.83969465648855,0.12213740458015267,-0.018798828125,-0.00341796875,-0.629150390625,3.5427999999999997
0.6870229007633588,22.900763358778626,0.21374045801526717,-0.015625,-0.003662109375,-0.6279296875,3.5444999999999998
0.8854961832061069,22.916030534351144,0.24427480916030533,-0.012939453125,-0.00634765625,-0.62255859375,3.5462
0.9312977099236641,22.763358778625953,0.21374045801526717,-0.0126953125,-0.008056640625,-0.62109375,3.5479
0.8549618320610687,22.702290076335878,0.3511450381679389,-0.013671875,-0.007080078125,-0.627197265625,3.5496
0.9923664122137404,22.885496183206108,0.6412213740458015,-0.01806640625,-0.007568359375,-0.620849609375,3.5513
0.7175572519083969,22.977099236641223,0.3511450381679389,-0.017578125,-0.010498046875,-0.61865234375,3.553
0.7633587786259542,22.931297709923665,0.48854961832061067,-0.017333984375,-0.013916015625,-0.630859375,3.5547
0.8091603053435115,22.778625954198475,0.732824427480916,-0.016845703125,-0.012451171875,-0.61865234375,3.5564
0.6412213740458015,22.65648854961832,0.916030534351145,-0.016845703125,-0.017333984375,-0.62451171875,3.5580999999999996
0.7480916030534351,22.82442748091603,0.7938931297709924,-0.010009765625,-0.01953125,-0.633544921875,3.5597999999999996
0.7022900763358778,22.748091603053435,0.9007633587786259,-0.007568359375,-0.015625,-0.62841796875,3.5614999999999997
0.7480916030534351,22.732824427480917,1.1755725190839694,-0.0146484375,-0.01220703125,-0.61669921875,3.5631999999999997
0.5038167938931297,22.732824427480917,1.0381679389312977,-0.0166015625,-0.011962890625,-0.62353515625,3.5648999999999997
0.42748091603053434,22.564885496183205,1.1908396946564885,-0.010498046875,-0.016357421875,-0.627197265625,3.5665999999999998
0.1984732824427481,22.625954198473284,1.1908396946564885,-0.0107421875,-0.011962890625,-0.62353515625,3.5683
0.32061068702290074,22.412213740458014,1.4351145038167938,-0.010986328125,-0.013916015625,-0.62158203125,3.57
0.10687022900763359,22.442748091603054,1.450381679389313,-0.00732421875,-0.013427734375,-0.625,3.5717
-0.015267175572519083,22.27480916030534,1.4961832061068703,-0.012451171875,-0.016845703125,-0.617919921875,3.5734
-0.1984732824427481,22.198473282442748,1.7099236641221374,-0.013916015625,-0.015380859375,-0.62353515625,3.5751
-0.13740458015267176,22.15267175572519,1.5419847328244274,-0.016845703125,-0.01513671875,-0.62109375,3.5768
-0.22900763358778625,22.12213740458015,1.5877862595419847,-0.010498046875,-0.010009765625,-0.6123046875,3.5785
-0.4122137404580153,22.015267175572518,1.8931297709923665,-0.007568359375,-0.012451171875,-0.6220703125,3.5801999999999996
-0.6259541984732825,21.923664122137403,1.618320610687023,-0.0068359375,-0.012451171875,-0.61767578125,3.5818999999999996
-0.5343511450381679,22.015267175572518,1.618320610687023,-0.006591796875,-0.01123046875,-0.633056640625,3.5835999999999997
-0.4732824427480916,21.954198473282442,1.8015267175572518,-0.009033203125,-0.0107421875,-0.622314453125,3.5852999999999997
-0.4580152671755725,21.893129770992367,1.8473282442748091,-0.008056640625,-0.0078125,-0.61962890625,3.5869999999999997
-0.7022900763358778,22.106870229007633,1.7099236641221374,-0.00927734375,-0.006103515625,-0.61083984375,3.5887
-0.9007633587786259,22.0,1.8015267175572518,-0.006103515625,-0.013916015625,-0.617919921875,3.5904
-0.8244274809160306,22.061068702290076,1.8778625954198473,-0.009033203125,-0.01025390625,-0.633544921875,3.5921
-0.7480916030534351,22.015267175572518,1.7709923664122138,-0.008544921875,-0.010986328125,-0.630859375,3.5938
-0.8396946564885496,22.03053435114504,1.6030534351145038,-0.004638671875,-0.008544921875,-0.63037109375,3.5955
-0.9923664122137404,21.984732824427482,1.83206106870229,-0.0048828125,-0.010498046875,-0.6240234375,3.5972
-0.9312977099236641,22.091603053435115,1.6641221374045803,-0.007568359375,-0.01025390625,-0.6171875,3.5989
-1.099236641221374,21.923664122137403,1.6946564885496183,-0.0068359375,-0.012451171875,-0.613525390625,3.6005999999999996
-1.0381679389312977,21.938931297709924,1.5572519083969465,-0.008544921875,-0.015380859375,-0.629150390625,3.6022999999999996
-1.0229007633587786,21.923664122137403,1.5877862595419847,-0.005859375,-0.013671875,-0.61865234375,3.6039999999999996
-1.3282442748091603,22.091603053435115,1.3893129770992367,-0.001953125,-0.01220703125,-0.630126953125,3.6056999999999997
-1.3435114503816794,21.96946564885496,1.6641221374045803,-0.004638671875,-0.004638671875,-0.619384765625,3.6073999999999997
-1.450381679389313,21.954198473282442,1.5114503816793894,0.00048828125,-0.00830078125,-0.61279296875,3.6090999999999998
-1.5572519083969465,22.045801526717558,1.6030534351145038,0.002685546875,-0.014404296875,-0.611572265625,3.6108
-1.5419847328244274,22.045801526717558,1.4809160305343512,-0.005615234375,-0.009765625,-0.61865234375,3.6125
-1.9389312977099236,21.938931297709924,1.450381679389313,-0.001220703125,-0.011962890625,-0.627197265625,3.6142
-1.9083969465648856,22.015267175572518,1.6030534351145038,0.001708984375,-0.013916015625,-0.61376953125,3.6159
-2.16793893129771,22.061068702290076,1.5572519083969465,0.002197265625,-0.01708984375,-0.616943359375,3.6176
-2.0610687022900764,21.755725190839694,1.5114503816793894,-0.00244140625,-0.00927734375,-0.62109375,3.6193
-2.3969465648854964,21.31297709923664,1.8015267175572518,0.00537109375,-0.009521484375,-0.61865234375,3.621
-2.427480916030534,21.099236641221374,1.4961832061068703,0.003173828125,-0.0078125,-0.6171875,3.6226999999999996
-2.687022900763359,21.022900763358777,1.5572519083969465,-0.002685546875,-0.01318359375,-0.628662109375,3.6243999999999996
-2.8091603053435112,20.80916030534351,1.465648854961832,0.005126953125,-0.010009765625,-0.6162109375,3.6260999999999997
-2.9923664122137406,20.427480916030536,1.6488549618320612,0.0068359375,-0.0068359375,-0.625732421875,3.6277999999999997
-2.7938931297709924,20.30534351145038,1.4045801526717556,0.005615234375,-0.011474609375,-0.625244140625,3.6294999999999997
-2.931297709923664,20.564885496183205,1.4961832061068703,0.002685546875,-0.0087890625,-0.625732421875,3.6311999999999998
-3.236641221374046,20.366412213740457,1.5877862595419847,0.006103515625,-0.010009765625,-0.622314453125,3.6329
-3.0229007633587788,20.16793893129771,1.7251908396946565,0.002685546875,-0.00244140625,-0.623046875,3.6346
-3.0839694656488548,20.27480916030534,1.4198473282442747,0.002685546875,-0.005859375,-0.621826171875,3.6363
-3.312977099236641,20.15267175572519,1.786259541984733,0.0009765625,-0.00537109375,-0.621337890625,3.638
-3.1297709923664123,20.015267175572518,1.4961832061068703,-0.000244140625,-0.0048828125,-0.623779296875,3.6397
-3.114503816793893,19.954198473282442,1.6488549618320612,0.0,-0.007080078125,-0.622314453125,3.6414
-3.3740458015267176,20.35114503816794,1.5419847328244274,0.001220703125,-0.00537109375,-0.627685546875,3.6431
-3.2519083969465647,20.244274809160306,1.6030534351145038,-0.002685546875,-0.0048828125,-0.632568359375,3.6447999999999996
-3.114503816793893,20.366412213740457,1.5267175572519085,-0.0009765625,0.000732421875,-0.6259765625,3.6464999999999996
-3.1908396946564888,20.519083969465647,1.5725190839694656,-0.00146484375,-0.003173828125,-0.623779296875,3.6481999999999997
-3.2213740458015265,20.564885496183205,1.5572519083969465,0.0029296875,-0.00146484375,-0.62255859375,3.6498999999999997
-3.0381679389312977,20.763358778625953,1.6030534351145038,0.005615234375,0.0,-0.62109375,3.6515999999999997
-3.0381679389312977,20.65648854961832,1.3587786259541985,0.003662109375,0.00146484375,-0.622314453125,3.6532999999999998
-2.900763358778626,20.763358778625953,1.633587786259542,0.005126953125,-0.0029296875,-0.622314453125,3.655
-3.0076335877862594,20.732824427480917,1.251908396946565,0.004150390625,-0.0068359375,-0.620361328125,3.6567
-2.8244274809160306,20.732824427480917,1.4351145038167938,0.005859375,0.001953125,-0.61767578125,3.6584
-2.7786259541984735,20.717557251908396,1.3893129770992367,0.00927734375,0.001220703125,-0.616943359375,3.6601
-2.5343511450381677,20.50381679389313,1.2671755725190839,0.0068359375,-0.002197265625,-0.6279296875,3.6618
-2.564885496183206,20.35114503816794,0.9770992366412213,0.007080078125,-0.00244140625,-0.61865234375,3.6635
-2.5801526717557253,20.396946564885496,1.1755725190839694,0.010986328125,0.001708984375,-0.623046875,3.6652
-2.4885496183206106,20.33587786259542,1.1603053435114503,0.00830078125,-0.000732421875,-0.626220703125,3.6668999999999996
-2.3206106870229006,20.366412213740457,0.9312977099236641,0.0126953125,0.000732421875,-0.616943359375,3.6685999999999996
-2.381679389312977,20.27480916030534,0.9007633587786259,0.01220703125,-0.0009765625,-0.614990234375,3.6702999999999997
-2.366412213740458,20.290076335877863,1.0076335877862594,0.008056640625,-0.00146484375,-0.61669921875,3.6719999999999997
-2.3206106870229006,20.38167938931298,1.0381679389312977,0.009033203125,-0.00146484375,-0.611083984375,3.6736999999999997
-2.122137404580153,20.30534351145038,1.0687022900763359,0.009521484375,-0.003662109375,-0.625,3.6754
-2.3053435114503817,20.30534351145038,0.8854961832061069,0.011474609375,-0.004150390625,-0.61865234375,3.6771
-2.2900763358778624,20.229007633587788,0.9770992366412213,0.01220703125,-0.0048828125,-0.615966796875,3.6788
-2.2748091603053435,20.229007633587788,1.083969465648855,0.01220703125,0.003662109375,-0.621826171875,3.6805
-2.1068702290076335,20.229007633587788,1.099236641221374,0.011474609375,-0.003662109375,-0.624267578125,3.6822
-2.122137404580153,20.12213740458015,1.1755725190839694,0.01171875,-0.001708984375,-0.62744140625,3.6839
-2.213740458015267,20.061068702290076,1.1450381679389312,0.0068359375,-0.00390625,-0.62060546875,3.6856
-2.0763358778625953,20.244274809160306,1.1145038167938932,0.005615234375,-0.00341796875,-0.627685546875,3.6872999999999996
-2.183206106870229,20.30534351145038,1.282442748091603,0.006591796875,0.0,-0.62451171875,3.6889999999999996
-2.16793893129771,20.671755725190838,1.3435114503816794,0.01171875,0.000244140625,-0.616943359375,3.6906999999999996
-1.8015267175572518,20.68702290076336,1.3893129770992367,0.0107421875,-0.006103515625,-0.626953125,3.6923999999999997
-1.9083969465648856,20.671755725190838,1.5114503816793894,0.006103515625,0.00390625,-0.626708984375,3.6940999999999997
-2.1068702290076335,20.717557251908396,1.251908396946565,0.005126953125,0.001953125,-0.6142578125,3.6957999999999998
-1.8473282442748091,20.83969465648855,1.3435114503816794,0.00927734375,-0.00146484375,-0.625732421875,3.6975
-1.7251908396946565,20.82442748091603,1.2671755725190839,0.01220703125,0.00634765625,-0.625732421875,3.6992
-1.83206106870229,21.0381679389313,1.3129770992366412,0.011962890625,0.0029296875,-0.617919921875,3.7009
-1.8778625954198473,21.114503816793892,1.2061068702290076,0.00927734375,0.00439453125,-0.6240234375,3.7026
-1.6641221374045803,21.16030534351145,1.1908396946564885,0.00732421875,0.00927734375,-0.616455078125,3.7043
-1.3435114503816794,21.419847328244273,1.3893129770992367,0.01220703125,0.009033203125,-0.620361328125,3.706
-1.4351145038167938,21.19083969465649,1.1755725190839694,0.012939453125,0.00244140625,-0.62841796875,3.7077
-1.2366412213740459,21.328244274809162,1.3740458015267176,0.015869140625,0.003173828125,-0.6220703125,3.7093999999999996
-1.1908396946564885,21.236641221374047,1.1603053435114503,0.021484375,0.006103515625,-0.62451171875,3.7110999999999996
-1.2366412213740459,21.31297709923664,1.1450381679389312,0.016357421875,0.002197265625,-0.622802734375,3.7127999999999997
-0.8854961832061069,21.221374045801525,1.2366412213740459,0.0166015625,0.00537109375,-0.618408203125,3.7144999999999997
-0.9923664122137404,21.114503816793892,1.2366412213740459,0.0146484375,0.009765625,-0.625244140625,3.7161999999999997
-0.6870229007633588,20.85496183206107,1.282442748091603,0.01806640625,0.009521484375,-0.625,3.7178999999999998
-0.8091603053435115,20.717557251908396,1.2213740458015268,0.021484375,0.006103515625,-0.626953125,3.7196
-0.6106870229007634,20.549618320610687,1.1603053435114503,0.017333984375,0.01123046875,-0.623291015625,3.7213
-0.33587786259541985,20.458015267175572,1.0687022900763359,0.02001953125,0.00537109375,-0.63037109375,3.723
-0.3816793893129771,20.427480916030536,1.282442748091603,0.01416015625,0.01123046875,-0.62109375,3.7247
-0.04580152671755725,20.16793893129771,1.3282442748091603,0.020263671875,0.01025390625,-0.624267578125,3.7264
-0.10687022900763359,20.366412213740457,1.282442748091603,0.0185546875,0.01025390625,-0.62158203125,3.7281
0.061068702290076333,20.198473282442748,1.3129770992366412,0.01953125,0.008056640625,-0.620361328125,3.7298
0.33587786259541985,19.96946564885496,1.5267175572519085,0.019775390625,0.009033203125,-0.620849609375,3.7314999999999996
0.2748091603053435,19.954198473282442,1.297709923664122,0.02294921875,0.0126953125,-0.623291015625,3.7331999999999996
0.2595419847328244,19.984732824427482,1.5267175572519085,0.0185546875,0.01123046875,-0.624755859375,3.7348999999999997
0.7480916030534351,20.03053435114504,1.7709923664122138,0.020751953125,0.01611328125,-0.623291015625,3.7365999999999997
0.7938931297709924,20.03053435114504,1.8015267175572518,0.0224609375,0.0146484375,-0.62939453125,3.7382999999999997
0.8396946564885496,19.801526717557252,1.9236641221374047,0.022705078125,0.012939453125,-0.623779296875,3.7399999999999998
0.9465648854961832,19.69465648854962,2.122137404580153,0.020751953125,0.012451171875,-0.624755859375,3.7417
1.297709923664122,19.81679389312977,2.0763358778625953,0.021240234375,0.013671875,-0.621337890625,3.7434
1.2671755725190839,19.862595419847327,2.1374045801526718,0.022705078125,0.013916015625,-0.619873046875,3.7451
1.297709923664122,19.69465648854962,2.4122137404580153,0.021240234375,0.010009765625,-0.61669921875,3.7468
1.450381679389313,19.755725190839694,2.50381679389313,0.0205078125,0.015869140625,-0.6240234375,3.7485
1.984732824427481,19.83206106870229,2.687022900763359,0.027099609375,0.014404296875,-0.6220703125,3.7502
1.9389312977099236,19.603053435114504,2.6564885496183206,0.024169921875,0.01123046875,-0.62451171875,3.7519
2.030534351145038,19.66412213740458,2.946564885496183,0.02490234375,0.013916015625,-0.62158203125,3.7535999999999996
2.2748091603053435,19.52671755725191,3.0229007633587788,0.022216796875,0.017822265625,-0.631103515625,3.7552999999999996
2.519083969465649,19.633587786259543,2.946564885496183,0.024658203125,0.018798828125,-0.623291015625,3.7569999999999997
2.6259541984732824,19.66412213740458,3.068702290076336,0.026123046875,0.016845703125,-0.62451171875,3.7586999999999997
2.732824427480916,19.572519083969464,3.2213740458015265,0.028076171875,0.023681640625,-0.620849609375,3.7603999999999997
2.8702290076335877,19.49618320610687,3.3587786259541983,0.029052734375,0.017822265625,-0.6201171875,3.7620999999999998
3.068702290076336,19.49618320610687,3.267175572519084,0.03076171875,0.011962890625,-0.626220703125,3.7638
3.1755725190839694,19.282442748091604,3.5419847328244276,0.031005859375,0.01708984375,-0.61376953125,3.7655
3.5419847328244276,19.34351145038168,3.4656488549618323,0.026123046875,0.011474609375,-0.61279296875,3.7672
3.7251908396946565,19.450381679389313,3.9389312977099236,0.0390625,0.009033203125,-0.6123046875,3.7689
3.7099236641221376,19.221374045801525,3.7251908396946565,0.029052734375,0.011962890625,-0.62255859375,3.7706
3.8931297709923665,18.977099236641223,3.877862595419847,0.032470703125,0.014892578125,-0.62451171875,3.7723
4.198473282442748,18.946564885496183,3.969465648854962,0.0361328125,0.015380859375,-0.628173828125,3.7739999999999996
4.5038167938931295,18.900763358778626,4.122137404580153,0.03662109375,0.009033203125,-0.62451171875,3.7756999999999996
4.549618320610687,18.65648854961832,4.015267175572519,0.03466796875,0.00927734375,-0.61962890625,3.7773999999999996
4.67175572519084,18.50381679389313,4.091603053435114,0.032470703125,0.010009765625,-0.622314453125,3.7790999999999997
4.870229007633588,18.442748091603054,4.1679389312977095,0.034912109375,0.009521484375,-0.6220703125,3.7807999999999997
5.038167938931298,18.427480916030536,4.351145038167939,0.0361328125,0.0078125,-0.63525390625,3.7824999999999998
5.282442748091603,18.076335877862597,4.290076335877862,0.031494140625,0.00634765625,-0.6298828125,3.7842
5.32824427480916,17.96946564885496,4.580152671755725,0.0361328125,0.0107421875,-0.62109375,3.7859
5.603053435114504,17.84732824427481,4.33587786259542,0.03662109375,0.00048828125,-0.621337890625,3.7876
5.32824427480916,17.51145038167939,4.625954198473282,0.039306640625,0.001220703125,-0.616943359375,3.7893
5.603053435114504,17.419847328244273,4.549618320610687,0.032470703125,0.00244140625,-0.62744140625,3.791
5.755725190839694,17.358778625954198,4.641221374045801,0.040283203125,-0.0009765625,-0.630859375,3.7927
5.8320610687022905,17.282442748091604,4.732824427480916,0.0361328125,-0.0048828125,-0.63037109375,3.7944
5.770992366412214,17.068702290076335,4.977099236641221,0.03466796875,-0.004150390625,-0.6337890625,3.7960999999999996
5.786259541984733,17.114503816793892,5.145038167938932,0.03857421875,0.001220703125,-0.630859375,3.7977999999999996
5.694656488549619,16.931297709923665,5.206106870229007,0.03466796875,-0.000244140625,-0.635009765625,3.7994999999999997
5.7251908396946565,16.702290076335878,5.145038167938932,0.0361328125,-0.00048828125,-0.6318359375,3.8011999999999997
5.7251908396946565,16.85496183206107,5.480916030534351,0.036865234375,-0.009765625,-0.635009765625,3.8028999999999997
5.740458015267175,16.748091603053435,5.282442748091603,0.03466796875,-0.00830078125,-0.6318359375,3.8045999999999998
5.557251908396947,16.870229007633586,5.465648854961832,0.037841796875,-0.005859375,-0.6337890625,3.8063
5.450381679389313,16.549618320610687,5.435114503816794,0.033935546875,-0.011474609375,-0.633056640625,3.808
5.587786259541985,16.595419847328245,5.587786259541985,0.035888671875,-0.006591796875,-0.635009765625,3.8097
5.32824427480916,16.671755725190838,5.465648854961832,0.030517578125,-0.0068359375,-0.628662109375,3.8114
5.3893129770992365,16.65648854961832,5.541984732824427,0.040283203125,-0.0087890625,-0.631591796875,3.8131
5.557251908396947,16.442748091603054,5.3893129770992365,0.0380859375,-0.003173828125,-0.62451171875,3.8148
5.7251908396946565,16.48854961832061,5.526717557251908,0.031982421875,-0.005859375,-0.6337890625,3.8165
5.7251908396946565,16.641221374045802,5.419847328244275,0.0361328125,-0.004150390625,-0.632080078125,3.8181999999999996
5.404580152671755,16.625954198473284,5.450381679389313,0.0361328125,-0.011962890625,-0.6240234375,3.8198999999999996
5.267175572519084,16.47328244274809,5.32824427480916,0.044921875,-0.01123046875,-0.6298828125,3.8215999999999997
5.526717557251908,16.27480916030534,5.374045801526718,0.0390625,-0.013671875,-0.628173828125,3.8232999999999997
5.32824427480916,16.3206106870229,5.267175572519084,0.04296875,-0.015869140625,-0.623779296875,3.8249999999999997
5.206106870229007,16.259541984732824,5.32824427480916,0.040771484375,-0.00927734375,-0.625732421875,3.8266999999999998
5.175572519083969,16.213740458015266,5.236641221374046,0.043701171875,-0.009033203125,-0.626953125,3.8284
5.022900763358779,15.801526717557252,5.3893129770992365,0.04150390625,-0.01513671875,-0.633056640625,3.8301
4.900763358778626,15.801526717557252,5.129770992366412,0.044677734375,-0.01953125,-0.63818359375,3.8318
4.67175572519084,15.511450381679388,5.374045801526718,0.042236328125,-0.017578125,-0.627685546875,3.8335
4.442748091603053,15.236641221374045,5.312977099236641,0.044189453125,-0.013671875,-0.627685546875,3.8352
4.366412213740458,15.068702290076336,5.465648854961832,0.04345703125,-0.0166015625,-0.62744140625,3.8369
4.122137404580153,15.022900763358779,5.297709923664122,0.040771484375,-0.011962890625,-0.62646484375,3.8385999999999996
3.9236641221374047,14.793893129770993,5.32824427480916,0.040771484375,-0.017333984375,-0.626953125,3.8402999999999996
3.6946564885496183,14.67175572519084,5.435114503816794,0.0419921875,-0.018310546875,-0.62890625,3.8419999999999996
3.6793893129770994,14.305343511450381,5.7251908396946565,0.038818359375,-0.0166015625,-0.625,3.8436999999999997
3.4198473282442747,14.229007633587786,5.4961832061068705,0.039306640625,-0.013671875,-0.632568359375,3.8453999999999997
2.9923664122137406,14.259541984732824,5.572519083969466,0.03857421875,-0.01611328125,-0.621826171875,3.8470999999999997
2.8396946564885495,14.198473282442748,5.587786259541985,0.03759765625,-0.017822265625,-0.63232421875,3.8487999999999998
2.7480916030534353,13.786259541984732,5.709923664122138,0.039306640625,-0.015380859375,-0.62939453125,3.8505
2.3969465648854964,13.923664122137405,5.847328244274809,0.035400390625,-0.015380859375,-0.634521484375,3.8522
2.0610687022900764,13.84732824427481,5.8320610687022905,0.036376953125,-0.015380859375,-0.6328125,3.8539
2.1068702290076335,13.740458015267176,5.816793893129771,0.0341796875,-0.0185546875,-0.628662109375,3.8556
1.9541984732824427,13.618320610687023,6.122137404580153,0.034912109375,-0.018310546875,-0.625244140625,3.8573
1.8931297709923665,13.648854961832061,5.984732824427481,0.040771484375,-0.017578125,-0.614501953125,3.859
1.7099236641221374,13.709923664122137,6.183206106870229,0.03759765625,-0.009765625,-0.62548828125,3.8606999999999996
1.282442748091603,13.755725190839694,5.984732824427481,0.040283203125,-0.010986328125,-0.61865234375,3.8623999999999996
1.1908396946564885,13.786259541984732,6.015267175572519,0.037109375,-0.00439453125,-0.621337890625,3.8640999999999996
1.2213740458015268,13.755725190839694,5.877862595419847,0.04150390625,-0.0078125,-0.625,3.8657999999999997
1.0076335877862594,13.679389312977099,6.137404580152672,0.039306640625,-0.0087890625,-0.630126953125,3.8674999999999997
1.1603053435114503,13.618320610687023,6.106870229007634,0.03759765625,-0.013427734375,-0.623291015625,3.8691999999999998
1.1297709923664123,13.648854961832061,5.755725190839694,0.04052734375,-0.005126953125,-0.623291015625,3.8709
0.8244274809160306,13.770992366412214,5.709923664122138,0.04345703125,-0.0048828125,-0.630126953125,3.8726
0.916030534351145,13.725190839694656,5.862595419847328,0.038818359375,-0.004638671875,-0.632080078125,3.8743
0.9312977099236641,13.587786259541986,5.526717557251908,0.04150390625,-0.006103515625,-0.625,3.876
0.8854961832061069,13.297709923664122,5.66412213740458,0.040771484375,-0.0078125,-0.62451171875,3.8777
0.6564885496183206,13.389312977099237,5.297709923664122,0.04345703125,-0.004150390625,-0.62548828125,3.8794
0.8396946564885496,13.557251908396946,5.312977099236641,0.041748046875,-0.000244140625,-0.624267578125,3.8811
0.7786259541984732,13.48091603053435,5.358778625954199,0.040771484375,-0.0009765625,-0.619384765625,3.8827999999999996
0.7480916030534351,13.435114503816793,5.312977099236641,0.040771484375,-0.00244140625,-0.617431640625,3.8844999999999996
1.0534351145038168,13.49618320610687,4.977099236641221,0.037841796875,-0.00927734375,-0.6123046875,3.8861999999999997
1.0229007633587786,13.526717557251908,4.916030534351145,0.039306640625,-0.000732421875,-0.61962890625,3.8878999999999997
1.083969465648855,13.32824427480916,4.763358778625954,0.03515625,0.001953125,-0.6240234375,3.8895999999999997
0.9618320610687023,13.587786259541986,4.534351145038168,0.034423828125,0.0,-0.6181640625,3.8912999999999998
1.0381679389312977,13.526717557251908,4.427480916030534,0.03271484375,0.002685546875,-0.628662109375,3.893
1.1603053435114503,13.664122137404581,4.2748091603053435,0.03662109375,-0.000244140625,-0.624755859375,3.8947
1.2213740458015268,13.587786259541986,4.091603053435114,0.03466796875,0.002197265625,-0.622314453125,3.8964
1.1603053435114503,13.694656488549619,4.106870229007634,0.03759765625,0.002197265625,-0.615966796875,3.8981
1.2213740458015268,13.755725190839694,3.8931297709923665,0.035400390625,0.000244140625,-0.61865234375,3.8998
1.1755725190839694,13.84732824427481,3.8625954198473282,0.036865234375,-0.00439453125,-0.619873046875,3.9015
1.2671755725190839,14.091603053435115,3.648854961832061,0.032958984375,-0.00048828125,-0.619140625,3.9032
1.3282442748091603,14.305343511450381,3.480916030534351,0.032958984375,-0.0009765625,-0.625732421875,3.9048999999999996
1.1908396946564885,14.305343511450381,3.3282442748091605,0.033447265625,-0.00146484375,-0.626708984375,3.9065999999999996
1.4961832061068703,14.274809160305344,3.2977099236641223,0.03662109375,-0.001708984375,-0.62109375,3.9082999999999997
1.465648854961832,14.534351145038167,3.267175572519084,0.031982421875,0.004638671875,-0.63134765625,3.9099999999999997
1.5114503816793894,14.610687022900763,3.053435114503817,0.035400390625,0.00390625,-0.620849609375,3.9116999999999997
1.3435114503816794,14.83969465648855,2.8091603053435112,0.035400390625,0.00537109375,-0.626708984375,3.9133999999999998
1.8625954198473282,14.854961832061068,2.7022900763358777,0.03564453125,0.005126953125,-0.622802734375,3.9151
1.8778625954198473,15.114503816793894,2.50381679389313,0.039794921875,-0.002197265625,-0.626708984375,3.9168
1.9083969465648856,14.977099236641221,2.0916030534351147,0.038818359375,0.001708984375,-0.627197265625,3.9185
1.8931297709923665,15.038167938931299,2.16793893129771,0.03662109375,0.004150390625,-0.622802734375,3.9202
2.183206106870229,15.068702290076336,1.8473282442748091,0.04052734375,0.003173828125,-0.621826171875,3.9219
2.2595419847328246,15.206106870229007,1.6946564885496183,0.040771484375,0.002197265625,-0.6220703125,3.9236
2.2900763358778624,15.083969465648854,1.4809160305343512,0.037841796875,0.00537109375,-0.619384765625,3.9252999999999996
2.2290076335877864,15.068702290076336,1.282442748091603,0.039306640625,0.00341796875,-0.622314453125,3.9269999999999996
2.4580152671755724,15.251908396946565,0.8702290076335878,0.038818359375,0.006103515625,-0.617919921875,3.9286999999999996
2.4732824427480917,15.221374045801527,0.8549618320610687,0.039794921875,0.00341796875,-0.62353515625,3.9303999999999997
2.381679389312977,15.34351145038168,0.549618320610687,0.042236328125,0.001220703125,-0.623291015625,3.9320999999999997
2.564885496183206,15.404580152671755,0.3969465648854962,0.045166015625,-0.00048828125,-0.624267578125,3.9337999999999997
2.6106870229007635,15.358778625954198,0.2748091603053435,0.04150390625,0.002685546875,-0.628173828125,3.9354999999999998
2.763358778625954,15.282442748091603,0.15267175572519084,0.04443359375,-0.001953125,-0.629150390625,3.9372
2.732824427480916,15.34351145038168,-0.24427480916030533,0.044921875,0.00390625,-0.629638671875,3.9389
2.732824427480916,15.526717557251908,-0.3816793893129771,0.044189453125,0.003662109375,-0.630859375,3.9406
2.9923664122137406,15.587786259541986,-0.366412213740458,0.046630859375,0.001220703125,-0.6298828125,3.9423
2.9618320610687023,15.633587786259541,-0.5190839694656488,0.05078125,0.001708984375,-0.626708984375,3.944
3.2213740458015265,15.679389312977099,-0.8549618320610687,0.051513671875,0.00390625,-0.63037109375,3.9457
3.1603053435114505,15.32824427480916,-1.099236641221374,0.05126953125,0.00146484375,-0.635009765625,3.9473999999999996
3.3587786259541983,15.48091603053435,-1.1755725190839694,0.0576171875,0.0029296875,-0.625732421875,3.9490999999999996
3.2061068702290076,15.358778625954198,-1.3282442748091603,0.0537109375,0.007080078125,-0.625,3.9507999999999996
3.5419847328244276,15.145038167938932,-1.5725190839694656,0.0546875,0.009033203125,-0.628662109375,3.9524999999999997
3.5114503816793894,14.992366412213741,-1.633587786259542,0.0595703125,0.009765625,-0.626953125,3.9541999999999997
3.6030534351145036,14.992366412213741,-2.045801526717557,0.06005859375,0.011962890625,-0.62646484375,3.9558999999999997
4.0,14.854961832061068,-2.015267175572519,0.060302734375,0.014892578125,-0.62841796875,3.9576
3.816793893129771,14.610687022900763,-2.2442748091603053,0.064453125,0.01318359375,-0.630859375,3.9593
4.030534351145038,14.488549618320612,-2.351145038167939,0.063720703125,0.00830078125,-0.619873046875,3.961
4.305343511450381,14.076335877862595,-2.595419847328244,0.06396484375,0.00732421875,-0.62451171875,3.9627
4.396946564885496,13.893129770992367,-2.717557251908397,0.066162109375,0.00927734375,-0.626953125,3.9644
4.442748091603053,13.541984732824428,-2.8396946564885495,0.066650390625,0.005615234375,-0.629638671875,3.9661
4.3816793893129775,12.885496183206106,-2.9160305343511452,0.068359375,0.00634765625,-0.63134765625,3.9678
4.442748091603053,12.687022900763358,-3.068702290076336,0.0654296875,0.005126953125,-0.62451171875,3.9694999999999996
4.549618320610687,12.259541984732824,-3.053435114503817,0.071044921875,0.005126953125,-0.631103515625,3.9711999999999996
4.625954198473282,11.954198473282442,-3.2519083969465647,0.067626953125,0.000732421875,-0.63330078125,3.9728999999999997
4.702290076335878,11.465648854961833,-3.3893129770992365,0.064697265625,-0.0009765625,-0.636962890625,3.9745999999999997
4.534351145038168,10.961832061068701,-3.3893129770992365,0.0673828125,-0.0029296875,-0.628662109375,3.9762999999999997
4.656488549618321,10.763358778625955,-3.572519083969466,0.0703125,-0.0009765625,-0.635498046875,3.9779999999999998
4.473282442748092,10.610687022900763,-3.6793893129770994,0.0771484375,-0.00390625,-0.6396484375,3.9797
4.5038167938931295,10.061068702290076,-3.572519083969466,0.07080078125,0.0029296875,-0.63916015625,3.9814
4.5038167938931295,10.0,-3.8625954198473282,0.072021484375,0.001220703125,-0.633544921875,3.9831
4.488549618320611,9.709923664122137,-3.7404580152671754,0.072265625,0.0009765625,-0.6328125,3.9848
4.290076335877862,9.419847328244275,-3.6793893129770994,0.073486328125,-0.008544921875,-0.63037109375,3.9865
4.564885496183206,9.34351145038168,-3.801526717557252,0.06787109375,-0.005859375,-0.6357421875,3.9882
4.305343511450381,9.038167938931299,-3.8625954198473282,0.07373046875,-0.00146484375,-0.63720703125,3.9898999999999996
4.1679389312977095,8.549618320610687,-3.9236641221374047,0.0703125,-0.0009765625,-0.637939453125,3.9915999999999996
4.106870229007634,8.473282442748092,-3.969465648854962,0.070068359375,-0.0078125,-0.633056640625,3.9932999999999996
4.2748091603053435,8.320610687022901,-4.0458015267175576,0.07421875,-0.002197265625,-0.640869140625,3.9949999999999997
4.244274809160306,7.969465648854962,-4.106870229007634,0.074462890625,0.001953125,-0.645263671875,3.9966999999999997
4.305343511450381,7.893129770992366,-3.954198473282443,0.06787109375,0.0,-0.636962890625,3.9983999999999997
4.427480916030534,7.8320610687022905,-4.137404580152672,0.07080078125,-0.00390625,-0.64208984375,4.0001
4.366412213740458,7.679389312977099,-4.061068702290076,0.068359375,-0.00390625,-0.637451171875,4.001799999999999
4.580152671755725,7.374045801526718,-4.396946564885496,0.067138671875,-0.0009765625,-0.6455078125,4.0035
4.564885496183206,7.206106870229007,-4.305343511450381,0.074462890625,0.0,-0.646240234375,4.005199999999999
4.2748091603053435,7.068702290076335,-4.198473282442748,0.075439453125,0.0068359375,-0.64306640625,4.0069
4.320610687022901,6.580152671755725,-4.488549618320611,0.078369140625,0.001220703125,-0.63525390625,4.0085999999999995
4.687022900763359,6.732824427480916,-4.580152671755725,0.07275390625,0.0,-0.638916015625,4.0103
4.458015267175573,6.595419847328245,-4.595419847328245,0.07666015625,0.00341796875,-0.63623046875,4.012
4.580152671755725,6.3816793893129775,-4.900763358778626,0.07958984375,-0.001953125,-0.638671875,4.0137
4.763358778625954,6.030534351145038,-4.702290076335878,0.07421875,-0.007568359375,-0.638916015625,4.0154
4.595419847328245,5.709923664122138,-4.8396946564885495,0.0849609375,-0.005859375,-0.631103515625,4.0171
4.564885496183206,5.587786259541985,-4.687022900763359,0.081787109375,0.0,-0.638427734375,4.0188
4.748091603053435,5.190839694656488,-5.022900763358779,0.07666015625,-0.006591796875,-0.64013671875,4.0205
4.687022900763359,4.8396946564885495,-5.038167938931298,0.0859375,-0.00390625,-0.63818359375,4.0222
4.885496183206107,4.488549618320611,-5.267175572519084,0.085205078125,-0.001708984375,-0.63134765625,4.023899999999999
5.022900763358779,4.290076335877862,-5.251908396946565,0.088134765625,-0.000244140625,-0.632080078125,4.0256
4.931297709923665,4.061068702290076,-5.374045801526718,0.087158203125,-0.00048828125,-0.639404296875,4.027299999999999
5.175572519083969,3.6946564885496183,-5.526717557251908,0.0810546875,0.000732421875,-0.63232421875,4.029
5.251908396946565,3.404580152671756,-5.480916030534351,0.0830078125,0.000244140625,-0.630615234375,4.0306999999999995
5.083969465648855,2.9923664122137406,-5.709923664122138,0.085693359375,-0.0048828125,-0.636474609375,4.0324
5.435114503816794,2.6412213740458017,-5.9541984732824424,0.083251953125,0.000244140625,-0.6337890625,4.0341
5.267175572519084,2.198473282442748,-5.847328244274809,0.08544921875,-0.0009765625,-0.64404296875,4.0358
5.236641221374046,1.8015267175572518,-6.137404580152672,0.082763671875,0.0009765625,-0.642578125,4.0375
5.4961832061068705,1.4045801526717556,-6.122137404580153,0.084228515625,-0.001220703125,-0.637939453125,4.0392
5.541984732824427,0.9770992366412213,-6.183206106870229,0.085205078125,-0.0009765625,-0.64208984375,4.0409
5.557251908396947,0.6259541984732825,-6.076335877862595,0.087890625,-0.002685546875,-0.6435546875,4.0426
5.572519083969466,0.24427480916030533,-6.33587786259542,0.087158203125,-0.006591796875,-0.63916015625,4.0443
5.648854961832061,-0.33587786259541985,-6.412213740458015,0.088623046875,0.0,-0.641845703125,4.045999999999999
5.709923664122138,-0.6564885496183206,-6.458015267175573,0.085205078125,-0.001953125,-0.632080078125,4.0477
5.648854961832061,-1.083969465648855,-6.290076335877862,0.08447265625,-0.0048828125,-0.642578125,4.0493999999999994
5.526717557251908,-1.251908396946565,-6.473282442748092,0.084716796875,-0.00390625,-0.63720703125,4.0511
5.557251908396947,-1.618320610687023,-6.427480916030534,0.08203125,-0.006591796875,-0.6435546875,4.0527999999999995
5.358778625954199,-1.816793893129771,-6.5038167938931295,0.08203125,-0.00439453125,-0.644775390625,4.0545
5.435114503816794,-2.2442748091603053,-6.534351145038168,0.089599609375,-0.011474609375,-0.6416015625,4.0562
5.465648854961832,-2.549618320610687,-6.488549618320611,0.08203125,-0.0087890625,-0.637939453125,4.0579
5.282442748091603,-2.6564885496183206,-6.641221374045801,0.074462890625,-0.013427734375,-0.6376953125,4.0596
5.175572519083969,-3.145038167938931,-6.656488549618321,0.078125,-0.0126953125,-0.648193359375,4.0613
5.099236641221374,-3.480916030534351,-6.33587786259542,0.08056640625,-0.0146484375,-0.643310546875,4.063
4.824427480916031,-3.618320610687023,-6.473282442748092,0.07861328125,-0.017333984375,-0.63720703125,4.0647
4.687022900763359,-3.7404580152671754,-6.320610687022901,0.079833984375,-0.0146484375,-0.641845703125,4.0664
4.778625954198473,-3.877862595419847,-6.259541984732825,0.07763671875,-0.016357421875,-0.63037109375,4.068099999999999
4.6106870229007635,-4.3816793893129775,-6.198473282442748,0.08251953125,-0.019287109375,-0.63427734375,4.0698
4.351145038167939,-4.442748091603053,-6.091603053435114,0.07666015625,-0.013671875,-0.646728515625,4.0714999999999995
4.305343511450381,-4.717557251908397,-5.893129770992366,0.076416015625,-0.01953125,-0.6435546875,4.0732
4.152671755725191,-5.099236641221374,-5.8320610687022905,0.0791015625,-0.01513671875,-0.64013671875,4.0748999999999995
4.076335877862595,-5.282442748091603,-5.893129770992366,0.07470703125,-0.014404296875,-0.64013671875,4.0766
3.984732824427481,-5.679389312977099,-5.740458015267175,0.078857421875,-0.021728515625,-0.63623046875,4.0783
3.572519083969466,-5.709923664122138,-5.740458015267175,0.079345703125,-0.019775390625,-0.6357421875,4.08
3.5267175572519083,-6.137404580152672,-5.648854961832061,0.07763671875,-0.020263671875,-0.63623046875,4.0817
3.4656488549618323,-6.305343511450381,-5.587786259541985,0.080322265625,-0.016845703125,-0.63916015625,4.0834
3.49618320610687,-6.702290076335878,-5.450381679389313,0.081787109375,-0.017822265625,-0.632568359375,4.0851
3.3435114503816794,-6.8396946564885495,-5.465648854961832,0.076416015625,-0.02294921875,-0.629638671875,4.0868
3.0381679389312977,-7.343511450381679,-5.221374045801527,0.076904296875,-0.01904296875,-0.637939453125,4.0885
2.9618320610687023,-7.557251908396947,-5.0534351145038165,0.080322265625,-0.018798828125,-0.631103515625,4.090199999999999
2.9618320610687023,-7.877862595419847,-5.1603053435114505,0.078857421875,-0.01806640625,-0.62841796875,4.0919
3.2213740458015265,-8.213740458015268,-5.297709923664122,0.079345703125,-0.017333984375,-0.6328125,4.0935999999999995
3.0381679389312977,-8.564885496183207,-5.0534351145038165,0.076171875,-0.015869140625,-0.6318359375,4.0953
2.732824427480916,-8.961832061068701,-5.038167938931298,0.078125,-0.012939453125,-0.631103515625,4.0969999999999995
2.854961832061069,-9.099236641221374,-4.9465648854961835,0.0771484375,-0.016357421875,-0.632568359375,4.0987
2.854961832061069,-9.389312977099237,-5.083969465648855,0.07666015625,-0.01611328125,-0.63818359375,4.1004
2.7786259541984735,-9.572519083969466,-5.068702290076335,0.07763671875,-0.01220703125,-0.6318359375,4.1021
2.9770992366412212,-10.01526717557252,-5.145038167938932,0.07568359375,-0.008544921875,-0.625,4.1038
2.7938931297709924,-10.335877862595419,-5.068702290076335,0.07763671875,-0.00439453125,-0.62939453125,4.1055
3.2977099236641223,-10.473282442748092,-5.145038167938932,0.07275390625,-0.007568359375,-0.632080078125,4.1072
3.2519083969465647,-10.763358778625955,-5.175572519083969,0.07373046875,-0.007568359375,-0.633056640625,4.108899999999999
3.312977099236641,-10.977099236641221,-5.419847328244275,0.074462890625,-0.006103515625,-0.634765625,4.1106
3.648854961832061,-11.17557251908397,-5.312977099236641,0.069580078125,-0.006103515625,-0.633056640625,4.112299999999999
3.618320610687023,-11.236641221374045,-5.450381679389313,0.070068359375,-0.002685546875,-0.633056640625,4.114
3.5877862595419847,-11.48091603053435,-5.450381679389313,0.0703125,-0.007080078125,-0.62646484375,4.1156999999999995
3.969465648854962,-11.450381679389313,-5.587786259541985,0.07568359375,-0.002685546875,-0.63134765625,4.1174
4.106870229007634,-11.603053435114504,-5.541984732824427,0.07080078125,-0.00732421875,-0.6318359375,4.1190999999999995
4.0,-11.755725190839694,-5.847328244274809,0.0712890625,-0.003173828125,-0.637451171875,4.1208
4.183206106870229,-11.938931297709924,-5.541984732824427,0.068359375,-0.005126953125,-0.6298828125,4.1225
4.244274809160306,-12.061068702290076,-5.435114503816794,0.072509765625,-0.00048828125,-0.62451171875,4.1242
4.076335877862595,-12.061068702290076,-5.343511450381679,0.068115234375,-0.000732421875,-0.628662109375,4.1259
4.33587786259542,-12.13740458015267,-5.480916030534351,0.070068359375,-0.004150390625,-0.63134765625,4.1276
4.33587786259542,-12.305343511450381,-5.419847328244275,0.07177734375,-0.0126953125,-0.633544921875,4.1293
4.213740458015267,-12.396946564885496,-5.419847328244275,0.069580078125,-0.00927734375,-0.628662109375,4.130999999999999
4.442748091603053,-12.473282442748092,-5.0534351145038165,0.072998046875,-0.010009765625,-0.64013671875,4.1327
4.396946564885496,-12.67175572519084,-5.358778625954199,0.072021484375,-0.007568359375,-0.63232421875,4.134399999999999
4.33587786259542,-12.854961832061068,-5.1603053435114505,0.073486328125,-0.0087890625,-0.6337890625,4.1361
4.290076335877862,-12.946564885496183,-5.297709923664122,0.070556640625,-0.01220703125,-0.627685546875,4.1377999999999995
4.427480916030534,-12.946564885496183,-5.297709923664122,0.07373046875,-0.012451171875,-0.625732421875,4.1395
4.458015267175573,-13.206106870229007,-5.114503816793893,0.075439453125,-0.008544921875,-0.625,4.1411999999999995
4.122137404580153,-13.648854961832061,-4.977099236641221,0.0732421875,-0.01025390625,-0.635986328125,4.1429
4.366412213740458,-13.725190839694656,-5.129770992366412,0.072265625,-0.00439453125,-0.639404296875,4.1446
4.396946564885496,-13.954198473282442,-5.083969465648855,0.075927734375,-0.005859375,-0.63232421875,4.1463
4.351145038167939,-14.259541984732824,-5.022900763358779,0.077392578125,-0.007080078125,-0.631103515625,4.148
4.320610687022901,-14.564885496183207,-5.022900763358779,0.0732421875,-0.00830078125,-0.63525390625,4.1497
4.33587786259542,-14.778625954198473,-5.114503816793893,0.075927734375,-0.011474609375,-0.634033203125,4.1514
4.351145038167939,-14.977099236641221,-4.961832061068702,0.070556640625,-0.009521484375,-0.629638671875,4.153099999999999
4.396946564885496,-15.251908396946565,-4.900763358778626,0.070068359375,-0.007080078125,-0.63623046875,4.1548
4.366412213740458,-15.435114503816793,-4.793893129770993,0.07568359375,-0.006591796875,-0.638427734375,4.156499999999999
4.3816793893129775,-15.770992366412214,-4.916030534351145,0.06884765625,-0.0078125,-0.63330078125,4.1582
4.366412213740458,-15.770992366412214,-4.900763358778626,0.07373046875,-0.01025390625,-0.6376953125,4.1598999999999995
4.5038167938931295,-15.816793893129772,-4.99236641221374,0.069580078125,-0.010986328125,-0.635986328125,4.1616
4.305343511450381,-16.045801526717558,-4.916030534351145,0.073486328125,-0.012451171875,-0.636962890625,4.1633
4.091603053435114,-16.244274809160306,-4.885496183206107,0.071533203125,-0.012939453125,-0.637451171875,4.165
4.152671755725191,-16.53435114503817,-4.702290076335878,0.06884765625,-0.01318359375,-0.633056640625,4.1667
4.198473282442748,-16.931297709923665,-4.687022900763359,0.07080078125,-0.018310546875,-0.646728515625,4.1684
4.061068702290076,-17.083969465648856,-4.763358778625954,0.069580078125,-0.01708984375,-0.651123046875,4.1701
4.061068702290076,-17.389312977099237,-4.732824427480916,0.070556640625,-0.0166015625,-0.645751953125,4.1718
4.152671755725191,-17.923664122137403,-4.641221374045801,0.072265625,-0.015869140625,-0.640380859375,4.1735
3.984732824427481,-18.27480916030534,-4.717557251908397,0.06640625,-0.018310546875,-0.639892578125,4.175199999999999
3.9389312977099236,-18.549618320610687,-4.687022900763359,0.072509765625,-0.017578125,-0.6376953125,4.1769
3.8473282442748094,-18.80916030534351,-4.748091603053435,0.07373046875,-0.01904296875,-0.638671875,4.178599999999999
3.5877862595419847,-19.14503816793893,-4.549618320610687,0.076416015625,-0.017333984375,-0.641357421875,4.1803
3.5877862595419847,-19.786259541984734,-4.687022900763359,0.074951171875,-0.01904296875,-0.635986328125,4.1819999999999995
3.572519083969466,-20.137404580152673,-4.717557251908397,0.069580078125,-0.021728515625,-0.627685546875,4.1837
3.480916030534351,-20.396946564885496,-4.625954198473282,0.070068359375,-0.0234375,-0.63037109375,4.1854
3.1755725190839694,-20.977099236641223,-4.366412213740458,0.069580078125,-0.02685546875,-0.63720703125,4.1871
3.0229007633587788,-21.206106870229007,-4.519083969465649,0.068359375,-0.0224609375,-0.6298828125,4.1888
2.6717557251908395,-21.46564885496183,-4.244274809160306,0.067626953125,-0.0263671875,-0.64111328125,4.1905
2.687022900763359,-21.72519083969466,-4.290076335877862,0.06689453125,-0.029541015625,-0.637939453125,4.1922
2.4427480916030535,-22.259541984732824,-4.259541984732825,0.070556640625,-0.025390625,-0.63671875,4.1939
2.366412213740458,-22.519083969465647,-4.351145038167939,0.0693359375,-0.022705078125,-0.638916015625,4.1956
2.351145038167939,-22.732824427480917,-4.183206106870229,0.07080078125,-0.0234375,-0.627685546875,4.197299999999999
2.4122137404580153,-23.083969465648856,-4.3816793893129775,0.06494140625,-0.017333984375,-0.636962890625,4.199
2.16793893129771,-23.389312977099237,-4.183206106870229,0.067626953125,-0.01318359375,-0.635986328125,4.200699999999999
2.16793893129771,-23.64885496183206,-4.473282442748092,0.0693359375,-0.0126953125,-0.638427734375,4.2024
2.3206106870229006,-23.6793893129771,-4.5038167938931295,0.067138671875,-0.014404296875,-0.636962890625,4.2040999999999995
2.213740458015267,-24.061068702290076,-4.580152671755725,0.0654296875,-0.01220703125,-0.62890625,4.2058
2.213740458015267,-24.045801526717558,-4.6106870229007635,0.065673828125,-0.01904296875,-0.630126953125,4.2075
2.3206106870229006,-24.50381679389313,-4.687022900763359,0.067626953125,-0.01953125,-0.632568359375,4.2092
2.2290076335877864,-24.549618320610687,-4.702290076335878,0.06787109375,-0.016845703125,-0.633056640625,4.2109
2.183206106870229,-24.717557251908396,-4.824427480916031,0.0625,-0.018310546875,-0.6416015625,4.2126
2.2442748091603053,-25.00763358778626,-4.458015267175573,0.066162109375,-0.016357421875,-0.638916015625,4.2143
2.0916030534351147,-25.129770992366414,-4.717557251908397,0.068603515625,-0.015380859375,-0.642822265625,4.216
1.8625954198473282,-25.19083969465649,-4.442748091603053,0.067626953125,-0.015869140625,-0.642822265625,4.2177
1.7251908396946565,-25.709923664122137,-4.412213740458015,0.07275390625,-0.01513671875,-0.6337890625,4.219399999999999
1.5877862595419847,-26.03053435114504,-4.320610687022901,0.074462890625,-0.017578125,-0.633544921875,4.2211
1.5114503816793894,-26.48854961832061,-4.458015267175573,0.07666015625,-0.02001953125,-0.64208984375,4.222799999999999
1.3435114503816794,-26.946564885496183,-4.290076335877862,0.07373046875,-0.02099609375,-0.63671875,4.2245
0.9618320610687023,-27.480916030534353,-4.244274809160306,0.07177734375,-0.0234375,-0.635986328125,4.2261999999999995
0.7480916030534351,-27.984732824427482,-3.8931297709923665,0.07080078125,-0.022705078125,-0.640869140625,4.2279
0.732824427480916,-28.595419847328245,-3.7251908396946565,0.07177734375,-0.024658203125,-0.639404296875,4.2296
0.6564885496183206,-29.282442748091604,-3.618320610687023,0.074462890625,-0.024169921875,-0.6376953125,4.2313
0.3816793893129771,-29.6793893129771,-3.6793893129770994,0.079833984375,-0.031494140625,-0.640625,4.233
0.1984732824427481,-30.27480916030534,-3.4198473282442747,0.077880859375,-0.027587890625,-0.639892578125,4.2347
-0.15267175572519084,-30.99236641221374,-3.282442748091603,0.075439453125,-0.026611328125,-0.642822265625,4.2364
-0.4580152671755725,-31.572519083969464,-3.0381679389312977,0.078369140625,-0.018310546875,-0.640380859375,4.2381
-0.42748091603053434,-32.045801526717554,-2.9923664122137406,0.070556640625,-0.019287109375,-0.639892578125,4.2398
-0.48854961832061067,-32.916030534351144,-3.145038167938931,0.071533203125,-0.021240234375,-0.6376953125,4.241499999999999
-0.5343511450381679,-33.465648854961835,-2.946564885496183,0.076904296875,-0.021728515625,-0.636962890625,4.2432
-0.6564885496183206,-34.18320610687023,-2.9770992366412212,0.076416015625,-0.0166015625,-0.638671875,4.2448999999999995
-0.5954198473282443,-34.82442748091603,-3.1603053435114505,0.07177734375,-0.01611328125,-0.639404296875,4.2466
-0.6259541984732825,-35.29770992366412,-2.931297709923664,0.065185546875,-0.015869140625,-0.64453125,4.2482999999999995
-0.5801526717557252,-35.6793893129771,-2.854961832061069,0.071044921875,-0.01416015625,-0.647705078125,4.25
-0.5190839694656488,-36.16793893129771,-3.053435114503817,0.068359375,-0.01318359375,-0.645263671875,4.2517
-0.549618320610687,-36.6412213740458,-3.2061068702290076,0.07080078125,-0.01513671875,-0.647216796875,4.2534
-0.21374045801526717,-37.31297709923664,-2.946564885496183,0.064453125,-0.011962890625,-0.647216796875,4.2551
-0.5190839694656488,-37.404580152671755,-2.931297709923664,0.067138671875,-0.013916015625,-0.643310546875,4.2568
-0.4580152671755725,-37.83206106870229,-2.8702290076335877,0.0625,-0.014404296875,-0.64404296875,4.2585
-0.48854961832061067,-38.19847328244275,-2.8244274809160306,0.06396484375,-0.016357421875,-0.64794921875,4.260199999999999
-0.44274809160305345,-38.595419847328245,-2.6564885496183206,0.06689453125,-0.01904296875,-0.6484375,4.2619
-0.44274809160305345,-39.06870229007634,-2.50381679389313,0.060302734375,-0.015869140625,-0.654296875,4.263599999999999
-0.549618320610687,-39.465648854961835,-2.3053435114503817,0.0634765625,-0.01904296875,-0.6533203125,4.2653
-0.6412213740458015,-39.725190839694655,-2.2900763358778624,0.065185546875,-0.019287109375,-0.64892578125,4.2669999999999995
-0.6106870229007634,-40.2442748091603,-2.198473282442748,0.06005859375,-0.01318359375,-0.64892578125,4.2687
-0.4122137404580153,-40.50381679389313,-1.8015267175572518,0.06201171875,-0.013671875,-0.6494140625,4.2703999999999995
-0.3969465648854962,-40.82442748091603,-1.9236641221374047,0.062744140625,-0.014404296875,-0.654296875,4.2721
-0.3816793893129771,-41.465648854961835,-2.0,0.0654296875,-0.01123046875,-0.645751953125,4.2738
-0.21374045801526717,-41.70992366412214,-1.8778625954198473,0.0634765625,-0.01171875,-0.64453125,4.2755
0.12213740458015267,-42.42748091603053,-1.9083969465648856,0.064697265625,-0.0068359375,-0.652099609375,4.2772
0.10687022900763359,-42.961832061068705,-1.8778625954198473,0.0654296875,-0.006103515625,-0.638916015625,4.2789
0.5801526717557252,-43.6793893129771,-1.7709923664122138,0.06689453125,-0.0009765625,-0.640869140625,4.2806
0.7022900763358778,-44.36641221374046,-1.8778625954198473,0.070068359375,-0.00244140625,-0.646484375,4.282299999999999
0.7480916030534351,-44.99236641221374,-1.8625954198473282,0.067626953125,0.002685546875,-0.639892578125,4.284
0.9007633587786259,-45.66412213740458,-1.6946564885496183,0.06884765625,-0.00439453125,-0.6435546875,4.285699999999999
1.1908396946564885,-46.2442748091603,-1.4961832061068703,0.0625,-0.0029296875,-0.642578125,4.2874
1.297709923664122,-47.23664122137404,-1.7709923664122138,0.068359375,-0.005126953125,-0.63134765625,4.2890999999999995
1.5114503816793894,-47.93893129770992,-1.6946564885496183,0.06787109375,-0.001953125,-0.642578125,4.2908
1.786259541984733,-48.48854961832061,-1.4809160305343512,0.06884765625,-0.00048828125,-0.6435546875,4.2924999999999995
1.9236641221374047,-49.3587786259542,-1.5419847328244274,0.0693359375,-0.00537109375,-0.640380859375,4.2942
1.9694656488549618,-49.9236641221374,-1.4961832061068703,0.061767578125,-0.003173828125,-0.63134765625,4.2959
1.9236641221374047,-50.62595419847328,-1.3282442748091603,0.0625,-0.005126953125,-0.63525390625,4.2976
2.2442748091603053,-51.14503816793893,-1.3129770992366412,0.06005859375,0.0,-0.63330078125,4.2993
2.3053435114503817,-51.87786259541985,-1.1603053435114503,0.0556640625,-0.0029296875,-0.637451171875,4.301
2.519083969465649,-52.48854961832061,-1.1603053435114503,0.0556640625,-0.001220703125,-0.639892578125,4.3027
2.8091603053435112,-52.900763358778626,-1.1908396946564885,0.061767578125,0.004150390625,-0.637451171875,4.304399999999999
2.854961832061069,-53.725190839694655,-1.1450381679389312,0.0517578125,0.0029296875,-0.64111328125,4.3061
3.282442748091603,-54.29007633587786,-1.1145038167938932,0.05029296875,0.003173828125,-0.63037109375,4.307799999999999
3.4656488549618323,-54.85496183206107,-0.9923664122137404,0.04833984375,0.000732421875,-0.63525390625,4.3095
3.4198473282442747,-55.64885496183206,-1.083969465648855,0.04248046875,0.00048828125,-0.632568359375,4.3111999999999995
3.801526717557252,-56.13740458015267,-1.4045801526717556,0.045654296875,0.005859375,-0.639892578125,4.3129
4.122137404580153,-56.67175572519084,-1.2671755725190839,0.044189453125,0.003662109375,-0.637451171875,4.3145999999999995
4.488549618320611,-57.02290076335878,-1.1450381679389312,0.04296875,0.001708984375,-0.63720703125,4.3163
4.625954198473282,-57.19083969465649,-0.8854961832061069,0.040771484375,0.001953125,-0.638916015625,4.318
4.656488549618321,-57.66412213740458,-1.0076335877862594,0.041748046875,0.001708984375,-0.629638671875,4.3197
4.824427480916031,-58.030534351145036,-0.8396946564885496,0.037109375,-0.000732421875,-0.634521484375,4.3214
5.022900763358779,-58.0763358778626,-0.7175572519083969,0.0380859375,0.000244140625,-0.635986328125,4.3231
5.129770992366412,-58.58015267175573,-0.6106870229007634,0.037841796875,0.003662109375,-0.6259765625,4.3248
5.206106870229007,-58.76335877862596,-0.7022900763358778,0.035400390625,-0.00244140625,-0.624755859375,4.326499999999999
5.343511450381679,-59.41984732824427,-0.2595419847328244,0.031005859375,0.00244140625,-0.629638671875,4.3282
5.480916030534351,-59.86259541984733,-0.33587786259541985,0.03759765625,-0.001953125,-0.627197265625,4.329899999999999
5.587786259541985,-60.229007633587784,-0.2748091603053435,0.03564453125,0.000732421875,-0.6279296875,4.3316
5.9541984732824424,-60.76335877862596,-0.21374045801526717,0.031982421875,-0.00341796875,-0.6318359375,4.3332999999999995
6.122137404580153,-61.25190839694657,-0.13740458015267176,0.037353515625,0.00244140625,-0.63916015625,4.335
6.198473282442748,-62.12213740458015,-0.24427480916030533,0.032958984375,0.001708984375,-0.6376953125,4.3366999999999996
6.458015267175573,-62.79389312977099,-0.22900763358778625,0.031005859375,-0.00244140625,-0.627197265625,4.3384
6.488549618320611,-63.55725190839695,-0.549618320610687,0.032958984375,-0.001220703125,-0.622802734375,4.3401
6.5038167938931295,-64.09160305343511,-0.366412213740458,0.031005859375,-0.00537109375,-0.62060546875,4.3418
6.763358778625954,-64.56488549618321,-0.3969465648854962,0.029296875,-0.007568359375,-0.620849609375,4.3435
6.900763358778626,-65.19083969465649,-0.42748091603053434,0.0263671875,-0.01025390625,-0.627685546875,4.3452
6.900763358778626,-65.80152671755725,-0.366412213740458,0.023193359375,-0.012939453125,-0.62646484375,4.3469
6.916030534351145,-66.21374045801527,-0.015267175572519083,0.0185546875,-0.010498046875,-0.621826171875,4.348599999999999
6.870229007633588,-66.7175572519084,-0.22900763358778625,0.02197265625,-0.0126953125,-0.62548828125,4.3503
6.717557251908397,-67.23664122137404,0.07633587786259542,0.0185546875,-0.015625,-0.62060546875,4.351999999999999
6.885496183206107,-67.61832061068702,0.0916030534351145,0.020263671875,-0.020263671875,-0.625,4.3537
6.687022900763359,-68.04580152671755,0.32061068702290074,0.01123046875,-0.014892578125,-0.632568359375,4.3553999999999995
6.534351145038168,-68.38167938931298,0.6259541984732825,0.01025390625,-0.01611328125,-0.629638671875,4.3571
6.6106870229007635,-68.59541984732824,0.7175572519083969,0.0009765625,-0.0234375,-0.626220703125,4.3588
6.442748091603053,-68.7175572519084,0.6564885496183206,0.000732421875,-0.014892578125,-0.627685546875,4.3605
6.137404580152672,-68.94656488549619,0.8854961832061069,-0.002197265625,-0.012939453125,-0.625,4.3622
6.183206106870229,-69.17557251908397,0.8854961832061069,-0.002197265625,-0.01513671875,-0.62353515625,4.3639
6.091603053435114,-69.17557251908397,1.1450381679389312,-0.000732421875,-0.01513671875,-0.6298828125,4.3656
6.198473282442748,-69.19083969465649,1.099236641221374,-0.00634765625,-0.012451171875,-0.614013671875,4.3673
6.259541984732825,-69.20610687022901,1.282442748091603,-0.00830078125,-0.010009765625,-0.6201171875,4.369
6.488549618320611,-69.49618320610686,1.297709923664122,-0.0126953125,-0.01220703125,-0.617431640625,4.370699999999999
6.748091603053435,-69.46564885496183,1.3129770992366412,-0.012939453125,-0.013671875,-0.618896484375,4.3724
6.67175572519084,-69.61832061068702,1.3893129770992367,-0.0126953125,-0.0087890625,-0.62109375,4.374099999999999
6.793893129770993,-69.6793893129771,1.450381679389313,-0.01416015625,-0.00732421875,-0.623046875,4.3758
6.793893129770993,-69.86259541984732,1.465648854961832,-0.019775390625,-0.004638671875,-0.619873046875,4.3774999999999995
7.00763358778626,-70.10687022900764,1.618320610687023,-0.020263671875,-0.0107421875,-0.6103515625,4.3792
7.251908396946565,-70.21374045801527,1.4351145038167938,-0.019287109375,-0.002685546875,-0.616943359375,4.3809
7.419847328244275,-70.13740458015268,1.3893129770992367,-0.022705078125,-0.0009765625,-0.616943359375,4.3826
7.7251908396946565,-70.4885496183206,1.1297709923664123,-0.02197265625,0.003173828125,-0.607177734375,4.3843
7.938931297709924,-70.56488549618321,1.3587786259541985,-0.025634765625,-0.004150390625,-0.6005859375,4.386
8.106870229007633,-70.73282442748092,1.1755725190839694,-0.024658203125,0.001708984375,-0.60107421875,4.3877
8.274809160305344,-70.97709923664122,0.9923664122137404,-0.02587890625,-0.001220703125,-0.604248046875,4.3894
8.595419847328245,-71.19083969465649,0.6717557251908397,-0.030517578125,-0.001220703125,-0.599365234375,4.3911
8.641221374045802,-71.25190839694656,0.6259541984732825,-0.029296875,-0.001953125,-0.606201171875,4.392799999999999
8.870229007633588,-71.46564885496183,0.7633587786259542,-0.03173828125,0.0,-0.603271484375,4.3945
9.221374045801527,-71.57251908396947,0.7175572519083969,-0.037109375,-0.0048828125,-0.612060546875,4.396199999999999
9.129770992366412,-71.7557251908397,0.5801526717557252,-0.040771484375,-0.003662109375,-0.6015625,4.3979
9.236641221374045,-71.81679389312977,0.7480916030534351,-0.042236328125,-0.00537109375,-0.594970703125,4.3995999999999995
9.312977099236642,-71.6793893129771,0.7175572519083969,-0.03759765625,-0.00634765625,-0.60595703125,4.4013
9.312977099236642,-71.90839694656489,0.7175572519083969,-0.04296875,-0.01416015625,-0.596923828125,4.403
9.282442748091603,-71.70992366412214,0.9312977099236641,-0.04443359375,-0.0078125,-0.599853515625,4.4047
9.083969465648854,-71.74045801526718,1.0229007633587786,-0.047607421875,-0.013916015625,-0.6005859375,4.4064
9.129770992366412,-71.64885496183206,0.9007633587786259,-0.048583984375,-0.02099609375,-0.596923828125,4.4081
8.65648854961832,-71.6793893129771,1.099236641221374,-0.0498046875,-0.019775390625,-0.596923828125,4.4098
8.641221374045802,-71.54198473282443,1.465648854961832,-0.05712890625,-0.01953125,-0.59326171875,4.411499999999999
8.381679389312977,-71.5114503816794,1.6030534351145038,-0.055419921875,-0.025146484375,-0.58837890625,4.4132
8.061068702290076,-71.29770992366412,1.6488549618320612,-0.057373046875,-0.02783203125,-0.59326171875,4.414899999999999
7.908396946564886,-71.2824427480916,2.0610687022900764,-0.054931640625,-0.027099609375,-0.59814453125,4.4166
7.648854961832061,-71.22137404580153,2.16793893129771,-0.05859375,-0.02392578125,-0.599853515625,4.4182999999999995
7.450381679389313,-71.22137404580153,2.549618320610687,-0.062744140625,-0.02392578125,-0.590576171875,4.42
7.1603053435114505,-70.97709923664122,2.6412213740458017,-0.064697265625,-0.026611328125,-0.59619140625,4.4216999999999995
6.931297709923665,-70.83969465648855,2.732824427480916,-0.06396484375,-0.0283203125,-0.597900390625,4.4234
6.793893129770993,-70.56488549618321,2.732824427480916,-0.068359375,-0.024658203125,-0.600830078125,4.4251
6.793893129770993,-70.62595419847328,2.946564885496183,-0.0703125,-0.018798828125,-0.60107421875,4.4268
6.8396946564885495,-70.41221374045801,3.0381679389312977,-0.072265625,-0.0205078125,-0.5888671875,4.4285
6.412213740458015,-70.18320610687023,2.931297709923664,-0.074951171875,-0.0224609375,-0.59912109375,4.4302
6.702290076335878,-70.13740458015268,2.931297709923664,-0.076416015625,-0.0205078125,-0.592529296875,4.4319
6.564885496183206,-69.86259541984732,2.8244274809160306,-0.077392578125,-0.01953125,-0.598388671875,4.433599999999999
6.473282442748092,-69.77099236641222,2.732824427480916,-0.0791015625,-0.0166015625,-0.593994140625,4.4353
6.717557251908397,-69.54198473282443,2.717557251908397,-0.079345703125,-0.01611328125,-0.600341796875,4.436999999999999
6.580152671755725,-69.32824427480917,2.549618320610687,-0.07568359375,-0.017333984375,-0.59814453125,4.4387
6.519083969465649,-69.43511450381679,2.4122137404580153,-0.081298828125,-0.013427734375,-0.595947265625,4.4403999999999995
6.458015267175573,-69.43511450381679,2.3206106870229006,-0.081787109375,-0.01123046875,-0.590087890625,4.4421
6.641221374045801,-69.34351145038168,2.2748091603053435,-0.087158203125,-0.015625,-0.585205078125,4.4437999999999995
6.580152671755725,-68.9618320610687,2.2595419847328246,-0.08056640625,-0.011474609375,-0.58447265625,4.4455
6.534351145038168,-69.05343511450381,2.0763358778625953,-0.087890625,-0.017822265625,-0.59423828125,4.4472
6.6106870229007635,-68.90076335877863,2.015267175572519,-0.08935546875,-0.015380859375,-0.593017578125,4.4489
6.473282442748092,-68.68702290076335,1.984732824427481,-0.087890625,-0.018798828125,-0.592529296875,4.4506
6.564885496183206,-68.59541984732824,1.9236641221374047,-0.091552734375,-0.02587890625,-0.59423828125,4.4523
6.5038167938931295,-68.76335877862596,1.8778625954198473,-0.095947265625,-0.021240234375,-0.58642578125,4.454
6.5038167938931295,-68.67175572519083,1.6641221374045803,-0.09228515625,-0.0224609375,-0.59375,4.455699999999999
6.351145038167939,-68.35114503816794,1.8473282442748091,-0.0888671875,-0.019287109375,-0.59423828125,4.4574
6.1679389312977095,-68.41221374045801,1.8473282442748091,-0.089599609375,-0.022705078125,-0.5859375,4.459099999999999
6.091603053435114,-68.50381679389314,1.786259541984733,-0.08642578125,-0.022705078125,-0.58740234375,4.4608
5.694656488549619,-68.76335877862596,1.786259541984733,-0.09326171875,-0.030029296875,-0.59521484375,4.4624999999999995
5.786259541984733,-68.87022900763358,1.5877862595419847,-0.093994140625,-0.027587890625,-0.58154296875,4.4642
5.694656488549619,-68.90076335877863,1.6793893129770991,-0.093505859375,-0.02978515625,-0.5849609375,4.4658999999999995
5.633587786259542,-68.80916030534351,1.6030534351145038,-0.09912109375,-0.02587890625,-0.59130859375,4.4676
5.236641221374046,-68.79389312977099,1.6641221374045803,-0.09912109375,-0.021728515625,-0.59423828125,4.4693
5.068702290076335,-68.90076335877863,1.5114503816793894,-0.0966796875,-0.024658203125,-0.59619140625,4.471
5.068702290076335,-68.9618320610687,1.4961832061068703,-0.099609375,-0.02685546875,-0.59423828125,4.4727
4.763358778625954,-68.6412213740458,1.4351145038167938,-0.099609375,-0.0244140625,-0.587890625,4.4744
4.763358778625954,-68.6412213740458,1.4809160305343512,-0.10302734375,-0.025634765625,-0.58642578125,4.4761
4.67175572519084,-68.74809160305344,1.0229007633587786,-0.0986328125,-0.02978515625,-0.581787109375,4.477799999999999
4.458015267175573,-68.87022900763358,1.0076335877862594,-0.106689453125,-0.02783203125,-0.582763671875,4.4795
4.290076335877862,-68.91603053435115,1.0687022900763359,-0.105712890625,-0.025390625,-0.585205078125,4.481199999999999
4.3816793893129775,-68.9618320610687,1.099236641221374,-0.10546875,-0.024169921875,-0.591552734375,4.4829
4.076335877862595,-69.1145038167939,0.9770992366412213,-0.109130859375,-0.022705078125,-0.585693359375,4.4845999999999995
3.984732824427481,-69.0381679389313,1.0229007633587786,-0.10791015625,-0.028564453125,-0.58203125,4.4863
3.9389312977099236,-69.19083969465649,1.1755725190839694,-0.105712890625,-0.0224609375,-0.580810546875,4.4879999999999995
3.6793893129770994,-69.41984732824427,1.282442748091603,-0.1123046875,-0.025634765625,-0.58544921875,4.4897
3.618320610687023,-69.63358778625954,1.0534351145038168,-0.111083984375,-0.02587890625,-0.583251953125,4.4914
3.450381679389313,-69.70992366412214,0.9465648854961832,-0.111572265625,-0.021240234375,-0.58154296875,4.4931
3.2519083969465647,-69.77099236641222,1.1755725190839694,-0.115478515625,-0.027587890625,-0.587158203125,4.4948
3.3587786259541983,-69.80152671755725,1.282442748091603,-0.10791015625,-0.02490234375,-0.582275390625,4.4965
3.2519083969465647,-69.95419847328245,1.1450381679389312,-0.1162109375,-0.02392578125,-0.584228515625,4.4982
2.9160305343511452,-70.04580152671755,1.4198473282442747,-0.118408203125,-0.029541015625,-0.58056640625,4.499899999999999
2.763358778625954,-70.09160305343511,1.1145038167938932,-0.122314453125,-0.02783203125,-0.584716796875,4.5016
2.5801526717557253,-70.1526717557252,1.4809160305343512,-0.121337890625,-0.02880859375,-0.583984375,4.503299999999999
2.3969465648854964,-70.41221374045801,1.618320610687023,-0.12451171875,-0.029052734375,-0.584228515625,4.505
2.3206106870229006,-70.4885496183206,1.5572519083969465,-0.118896484375,-0.029541015625,-0.58154296875,4.5066999999999995
2.1526717557251906,-70.33587786259542,1.4045801526717556,-0.12255859375,-0.030029296875,-0.580322265625,4.5084
2.0,-70.29007633587786,1.7557251908396947,-0.124267578125,-0.0302734375,-0.583984375,4.5100999999999996
1.6793893129770991,-70.59541984732824,1.8015267175572518,-0.127197265625,-0.029541015625,-0.586669921875,4.5118
1.3893129770992367,-70.56488549618321,1.9389312977099236,-0.122802734375,-0.02734375,-0.584716796875,4.5135
1.4198473282442747,-70.6412213740458,1.9083969465648856,-0.1337890625,-0.023193359375,-0.573974609375,4.5152
1.297709923664122,-70.93129770992367,2.1068702290076335,-0.130859375,-0.02734375,-0.572509765625,4.5169
1.0381679389312977,-70.94656488549619,1.8931297709923665,-0.133544921875,-0.029296875,-0.580078125,4.5186
0.9312977099236641,-71.00763358778626,2.0,-0.1337890625,-0.025390625,-0.58251953125,4.5203
1.1603053435114503,-71.16030534351145,1.9541984732824427,-0.1376953125,-0.023681640625,-0.579345703125,4.521999999999999
0.9465648854961832,-70.99236641221374,1.9236641221374047,-0.129638671875,-0.021240234375,-0.569580078125,4.5237
1.0687022900763359,-71.06870229007633,1.9541984732824427,-0.134033203125,-0.017333984375,-0.58251953125,4.525399999999999
1.1297709923664123,-71.09923664122137,2.0610687022900764,-0.136962890625,-0.01953125,-0.571044921875,4.5271
0.9923664122137404,-71.17557251908397,1.9541984732824427,-0.138671875,-0.025634765625,-0.572021484375,4.5287999999999995
0.9007633587786259,-71.32824427480917,2.0,-0.14208984375,-0.015625,-0.569091796875,4.5305
0.9770992366412213,-71.1145038167939,1.984732824427481,-0.140625,-0.015869140625,-0.56591796875,4.5322
0.9923664122137404,-70.94656488549619,2.015267175572519,-0.137939453125,-0.015380859375,-0.578125,4.5339
1.1450381679389312,-70.73282442748092,1.8931297709923665,-0.1494140625,-0.019287109375,-0.56982421875,4.5356
1.2061068702290076,-70.54961832061069,2.015267175572519,-0.140625,-0.0146484375,-0.564453125,4.5373
1.0534351145038168,-70.53435114503817,1.816793893129771,-0.141845703125,-0.012451171875,-0.56689453125,4.539
1.282442748091603,-70.50381679389314,2.0,-0.145263671875,-0.01513671875,-0.569580078125,4.5407
1.2366412213740459,-70.30534351145039,2.030534351145038,-0.1435546875,-0.01318359375,-0.57666015625,4.5424
1.3587786259541985,-70.21374045801527,2.122137404580153,-0.132080078125,-0.01171875,-0.57275390625,4.544099999999999
1.618320610687023,-70.21374045801527,1.8625954198473282,-0.146484375,-0.01220703125,-0.5703125,4.5458
1.6641221374045803,-70.1526717557252,2.0763358778625953,-0.14111328125,-0.006591796875,-0.569091796875,4.547499999999999
1.7557251908396947,-70.18320610687023,1.7251908396946565,-0.140869140625,-0.00830078125,-0.562255859375,4.5492
2.030534351145038,-70.44274809160305,1.6641221374045803,-0.14111328125,-0.0107421875,-0.58203125,4.5508999999999995
2.213740458015267,-70.73282442748092,1.6030534351145038,-0.1416015625,-0.0048828125,-0.57763671875,4.5526
2.2748091603053435,-70.67175572519083,1.465648854961832,-0.1416015625,-0.001220703125,-0.57275390625,4.5543
2.519083969465649,-70.90076335877863,1.1297709923664123,-0.14306640625,0.0,-0.572998046875,4.556
2.687022900763359,-71.31297709923665,1.1145038167938932,-0.13720703125,-0.00732421875,-0.572509765625,4.5577
2.931297709923664,-71.74045801526718,0.9923664122137404,-0.13427734375,-0.011962890625,-0.568115234375,4.5594
3.068702290076336,-71.96946564885496,0.7938931297709924,-0.138427734375,-0.00048828125,-0.56787109375,4.5611
3.145038167938931,-72.56488549618321,0.7633587786259542,-0.135009765625,-0.007568359375,-0.568603515625,4.5628
3.3435114503816794,-72.9618320610687,0.7175572519083969,-0.14111328125,-0.010009765625,-0.569091796875,4.5645
3.435114503816794,-73.43511450381679,0.549618320610687,-0.1396484375,-0.0087890625,-0.564208984375,4.566199999999999
3.7251908396946565,-74.07633587786259,0.5801526717557252,-0.1376953125,-0.0087890625,-0.5703125,4.5679
3.9389312977099236,-74.44274809160305,0.366412213740458,-0.144287109375,-0.0107421875,-0.569091796875,4.569599999999999
3.801526717557252,-74.99236641221374,0.366412213740458,-0.14453125,-0.007080078125,-0.573486328125,4.5713
4.076335877862595,-75.48091603053435,-0.12213740458015267,-0.1484375,-0.01318359375,-0.5615234375,4.5729999999999995
4.320610687022901,-75.93893129770993,0.12213740458015267,-0.14208984375,-0.01025390625,-0.5673828125,4.5747
4.625954198473282,-76.19847328244275,-0.04580152671755725,-0.152099609375,-0.01416015625,-0.564697265625,4.5764
4.580152671755725,-76.68702290076335,-0.015267175572519083,-0.147216796875,-0.01220703125,-0.5615234375,4.5781
4.656488549618321,-77.14503816793894,-0.2595419847328244,-0.142822265625,-0.007568359375,-0.568603515625,4.5798
4.702290076335878,-77.6030534351145,-0.15267175572519084,-0.151611328125,-0.008544921875,-0.5625,4.5815
5.145038167938932,-77.89312977099236,-0.48854961832061067,-0.153564453125,-0.008544921875,-0.561767578125,4.5832
5.267175572519084,-78.38167938931298,-0.4580152671755725,-0.1455078125,-0.0087890625,-0.562255859375,4.584899999999999
5.465648854961832,-78.97709923664122,-0.5954198473282443,-0.1484375,-0.007080078125,-0.565185546875,4.5866
5.694656488549619,-79.55725190839695,-0.7633587786259542,-0.153076171875,-0.010009765625,-0.5693359375,4.588299999999999
6.030534351145038,-80.16793893129771,-0.9770992366412213,-0.152099609375,-0.0107421875,-0.568603515625,4.59
6.198473282442748,-80.83969465648855,-0.9618320610687023,-0.147216796875,-0.006591796875,-0.563720703125,4.5916999999999994
6.320610687022901,-81.25190839694656,-1.2213740458015268,-0.15185546875,-0.002197265625,-0.55859375,4.5934
6.549618320610687,-81.89312977099236,-1.2366412213740459,-0.152099609375,-0.00634765625,-0.55615234375,4.5950999999999995
6.625954198473282,-82.3206106870229,-1.3893129770992367,-0.14990234375,-0.011962890625,-0.5537109375,4.5968
6.961832061068702,-82.8854961832061,-1.4198473282442747,-0.153076171875,-0.00927734375,-0.5478515625,4.5985
7.343511450381679,-83.57251908396947,-1.7404580152671756,-0.1533203125,-0.01123046875,-0.55126953125,4.6002
7.4961832061068705,-84.21374045801527,-1.7709923664122138,-0.1513671875,-0.01171875,-0.554931640625,4.6019
7.862595419847328,-85.2824427480916,-2.030534351145038,-0.157470703125,-0.011962890625,-0.55908203125,4.6036
7.694656488549619,-85.81679389312977,-2.2290076335877864,-0.15673828125,-0.014404296875,-0.558837890625,4.6053
7.816793893129771,-86.54961832061069,-2.2900763358778624,-0.15478515625,-0.01611328125,-0.553466796875,4.606999999999999
8.0,-87.29770992366412,-2.351145038167939,-0.158203125,-0.018310546875,-0.547607421875,4.6087
8.122137404580153,-88.25954198473282,-2.4427480916030535,-0.16162109375,-0.015380859375,-0.554931640625,4.610399999999999
8.305343511450381,-88.83969465648855,-2.7938931297709924,-0.166015625,-0.014892578125,-0.549072265625,4.6121
8.366412213740459,-89.74045801526718,-2.717557251908397,-0.162109375,-0.020263671875,-0.546875,4.6137999999999995
8.335877862595419,-90.33587786259542,-2.6564885496183206,-0.164794921875,-0.0166015625,-0.553466796875,4.6155
8.702290076335878,-90.82442748091603,-2.8396946564885495,-0.165771484375,-0.0185546875,-0.5517578125,4.6171999999999995
8.610687022900763,-91.6030534351145,-2.8091603053435112,-0.164794921875,-0.027587890625,-0.546630859375,4.6189
8.549618320610687,-92.2442748091603,-2.8091603053435112,-0.171875,-0.0283203125,-0.540771484375,4.6206
8.717557251908397,-92.68702290076335,-2.931297709923664,-0.17626953125,-0.02587890625,-0.54736328125,4.6223
8.564885496183207,-93.23664122137404,-3.0076335877862594,-0.178955078125,-0.029052734375,-0.54150390625,4.624
8.625954198473282,-93.52671755725191,-3.0381679389312977,-0.17822265625,-0.03466796875,-0.54833984375,4.6257
8.717557251908397,-94.03053435114504,-2.9923664122137406,-0.18212890625,-0.028564453125,-0.546630859375,4.6274
8.763358778625955,-94.27480916030534,-2.9618320610687023,-0.1806640625,-0.0302734375,-0.546630859375,4.629099999999999
8.534351145038167,-94.3969465648855,-3.1908396946564888,-0.185791015625,-0.031494140625,-0.541259765625,4.6308
8.610687022900763,-94.68702290076335,-3.3435114503816794,-0.189453125,-0.03515625,-0.548095703125,4.632499999999999
8.50381679389313,-94.91603053435115,-3.2213740458015265,-0.18603515625,-0.03125,-0.544189453125,4.6342
8.183206106870228,-94.9618320610687,-3.2977099236641223,-0.187255859375,-0.029541015625,-0.5390625,4.6358999999999995
8.335877862595419,-95.06870229007633,-3.404580152671756,-0.18408203125,-0.03369140625,-0.537841796875,4.6376
8.396946564885496,-95.25190839694656,-3.435114503816794,-0.186767578125,-0.028564453125,-0.5322265625,4.6392999999999995
7.9541984732824424,-95.45038167938931,-3.2519083969465647,-0.196533203125,-0.033935546875,-0.537353515625,4.641
7.938931297709924,-95.77099236641222,-3.5572519083969465,-0.19140625,-0.035888671875,-0.532958984375,4.6427
7.541984732824427,-95.95419847328245,-3.6946564885496183,-0.193115234375,-0.03173828125,-0.53466796875,4.6444
7.541984732824427,-96.33587786259542,-3.786259541984733,-0.194091796875,-0.03369140625,-0.53125,4.6461
7.312977099236641,-96.70229007633588,-3.7404580152671754,-0.190185546875,-0.03759765625,-0.5419921875,4.6478
7.145038167938932,-97.16030534351145,-3.801526717557252,-0.1923828125,-0.038818359375,-0.5439453125,4.6495
6.824427480916031,-97.52671755725191,-3.9083969465648853,-0.186767578125,-0.03857421875,-0.533935546875,4.651199999999999
6.549618320610687,-98.04580152671755,-3.9236641221374047,-0.19482421875,-0.0419921875,-0.528076171875,4.6529
6.259541984732825,-98.51908396946565,-3.954198473282443,-0.193603515625,-0.043701171875,-0.520751953125,4.654599999999999
5.938931297709924,-98.93129770992367,-4.0458015267175576,-0.194580078125,-0.040771484375,-0.5244140625,4.6563
5.587786259541985,-99.64885496183206,-4.030534351145038,-0.19873046875,-0.044677734375,-0.528076171875,4.6579999999999995
5.358778625954199,-100.1526717557252,-4.152671755725191,-0.20458984375,-0.042236328125,-0.531494140625,4.6597
5.0534351145038165,-100.80916030534351,-4.244274809160306,-0.203369140625,-0.04345703125,-0.523681640625,4.6613999999999995
4.977099236641221,-101.29770992366412,-4.351145038167939,-0.20849609375,-0.04345703125,-0.534912109375,4.6631
4.595419847328245,-101.86259541984732,-4.366412213740458,-0.215576171875,-0.04052734375,-0.52880859375,4.6648
4.259541984732825,-102.12213740458016,-4.5038167938931295,-0.2177734375,-0.034423828125,-0.52880859375,4.6665
3.969465648854962,-102.42748091603053,-4.519083969465649,-0.221435546875,-0.0390625,-0.525390625,4.6682
3.435114503816794,-102.47328244274809,-4.763358778625954,-0.23193359375,-0.039794921875,-0.5283203125,4.6699
3.114503816793893,-102.18320610687023,-4.595419847328245,-0.23095703125,-0.042724609375,-0.5244140625,4.6716
2.931297709923664,-102.19847328244275,-4.656488549618321,-0.2353515625,-0.0400390625,-0.527587890625,4.673299999999999
2.5343511450381677,-101.81679389312977,-4.595419847328245,-0.236572265625,-0.037109375,-0.521240234375,4.675
2.381679389312977,-101.38931297709924,-4.687022900763359,-0.24169921875,-0.042236328125,-0.524658203125,4.676699999999999
2.015267175572519,-100.76335877862596,-4.580152671755725,-0.25244140625,-0.038330078125,-0.52978515625,4.6784
1.83206106870229,-100.29007633587786,-4.6106870229007635,-0.2470703125,-0.039306640625,-0.525146484375,4.6800999999999995
1.6793893129770991,-99.96946564885496,-4.427480916030534,-0.2490234375,-0.035400390625,-0.524169921875,4.6818
1.1145038167938932,-99.22137404580153,-4.412213740458015,-0.249267578125,-0.035888671875,-0.519775390625,4.6834999999999996
0.8396946564885496,-98.74809160305344,-4.412213740458015,-0.252685546875,-0.035888671875,-0.5234375,4.6852
0.7175572519083969,-98.45801526717557,-4.473282442748092,-0.253173828125,-0.038330078125,-0.516357421875,4.6869
0.5038167938931297,-98.07633587786259,-4.3816793893129775,-0.254150390625,-0.033447265625,-0.52197265625,4.6886
0.3511450381679389,-97.72519083969466,-4.412213740458015,-0.25390625,-0.032470703125,-0.51708984375,4.6903
0.0,-97.23664122137404,-4.351145038167939,-0.255126953125,-0.0283203125,-0.509521484375,4.692
-0.12213740458015267,-97.02290076335878,-4.625954198473282,-0.257080078125,-0.027587890625,-0.515380859375,4.6937
-0.030534351145038167,-96.70229007633588,-4.564885496183206,-0.254150390625,-0.0283203125,-0.514404296875,4.695399999999999
-0.21374045801526717,-96.58015267175573,-4.778625954198473,-0.25439453125,-0.029296875,-0.5107421875,4.6971
-0.2748091603053435,-96.30534351145039,-4.778625954198473,-0.2548828125,-0.02880859375,-0.507080078125,4.698799999999999
-0.2900763358778626,-96.12213740458016,-4.931297709923665,-0.255126953125,-0.027099609375,-0.508056640625,4.7005
-0.2748091603053435,-95.87786259541984,-5.068702290076335,-0.26025390625,-0.0244140625,-0.5078125,4.7021999999999995
-0.3511450381679389,-95.74045801526718,-5.114503816793893,-0.26318359375,-0.0205078125,-0.509033203125,4.7039
-0.2900763358778626,-95.48091603053435,-4.885496183206107,-0.260009765625,-0.01708984375,-0.506591796875,4.7056
-0.2900763358778626,-95.3587786259542,-5.221374045801527,-0.267822265625,-0.019287109375,-0.5009765625,4.7073
-0.24427480916030533,-95.1145038167939,-5.312977099236641,-0.2587890625,-0.021484375,-0.506591796875,4.709
-0.2595419847328244,-95.1145038167939,-5.236641221374046,-0.267578125,-0.01953125,-0.504150390625,4.7107
-0.21374045801526717,-94.58015267175573,-5.32824427480916,-0.267333984375,-0.02392578125,-0.49853515625,4.7124
-0.3816793893129771,-94.3969465648855,-5.343511450381679,-0.265380859375,-0.021240234375,-0.497314453125,4.7141
-0.16793893129770993,-93.86259541984732,-5.099236641221374,-0.2744140625,-0.017578125,-0.48583984375,4.7158
-0.10687022900763359,-93.6793893129771,-5.206106870229007,-0.276611328125,-0.02099609375,-0.48779296875,4.717499999999999
-0.061068702290076333,-93.41984732824427,-5.0534351145038165,-0.27978515625,-0.0166015625,-0.4970703125,4.7192
-0.183206106870229,-93.05343511450381,-5.145038167938932,-0.27978515625,-0.020751953125,-0.49560546875,4.720899999999999
-0.04580152671755725,-92.61068702290076,-4.977099236641221,-0.28271484375,-0.02392578125,-0.4951171875,4.7226
-0.13740458015267176,-92.04580152671755,-5.145038167938932,-0.286865234375,-0.017578125,-0.49658203125,4.7242999999999995
0.0,-91.77099236641222,-4.9465648854961835,-0.27978515625,-0.019775390625,-0.49267578125,4.726
0.24427480916030533,-91.16030534351145,-4.870229007633588,-0.285888671875,-0.022216796875,-0.500732421875,4.7277
0.21374045801526717,-90.50381679389314,-4.702290076335878,-0.281494140625,-0.0205078125,-0.5,4.7294
0.24427480916030533,-90.10687022900764,-4.67175572519084,-0.286865234375,-0.017333984375,-0.48291015625,4.7311
0.48854961832061067,-89.64885496183206,-4.564885496183206,-0.287353515625,-0.018310546875,-0.4853515625,4.7328
0.5343511450381679,-89.0381679389313,-4.519083969465649,-0.293701171875,-0.017578125,-0.487548828125,4.7345
0.6717557251908397,-88.42748091603053,-4.1679389312977095,-0.293701171875,-0.023193359375,-0.489501953125,4.736199999999999
0.5343511450381679,-88.13740458015268,-4.152671755725191,-0.287109375,-0.01953125,-0.491943359375,4.7379
0.5801526717557252,-87.6793893129771,-4.0458015267175576,-0.29248046875,-0.021240234375,-0.49072265625,4.739599999999999
0.7633587786259542,-87.22137404580153,-3.954198473282443,-0.2958984375,-0.023681640625,-0.48876953125,4.7413
0.9465648854961832,-86.68702290076335,-3.7404580152671754,-0.29736328125,-0.020263671875,-0.489990234375,4.742999999999999
0.8396946564885496,-86.19847328244275,-3.633587786259542,-0.298583984375,-0.020263671875,-0.49853515625,4.7447
0.9923664122137404,-85.81679389312977,-3.480916030534351,-0.296875,-0.0224609375,-0.4794921875,4.7463999999999995
1.0381679389312977,-85.3587786259542,-3.282442748091603,-0.303466796875,-0.024658203125,-0.48779296875,4.7481
1.1908396946564885,-84.99236641221374,-3.1603053435114505,-0.30126953125,-0.025146484375,-0.483642578125,4.7498
1.0534351145038168,-84.2442748091603,-3.0381679389312977,-0.2978515625,-0.024658203125,-0.4873046875,4.7515
1.3587786259541985,-84.16793893129771,-2.7786259541984735,-0.300048828125,-0.027099609375,-0.477294921875,4.7532
1.4809160305343512,-83.61832061068702,-2.519083969465649,-0.30517578125,-0.020751953125,-0.491455078125,4.7549
1.4198473282442747,-83.05343511450381,-2.2442748091603053,-0.304443359375,-0.0263671875,-0.484375,4.7566
1.6793893129770991,-82.77862595419847,-2.3053435114503817,-0.30419921875,-0.02978515625,-0.476806640625,4.758299999999999
1.6793893129770991,-82.3969465648855,-2.1068702290076335,-0.30859375,-0.025634765625,-0.481201171875,4.76
1.8931297709923665,-82.03053435114504,-2.1526717557251906,-0.309814453125,-0.017578125,-0.48779296875,4.761699999999999
1.8778625954198473,-81.58778625954199,-1.8625954198473282,-0.30322265625,-0.02197265625,-0.4755859375,4.7634
2.015267175572519,-81.22137404580153,-1.786259541984733,-0.30859375,-0.02197265625,-0.47509765625,4.7650999999999994
1.8778625954198473,-80.68702290076335,-1.4961832061068703,-0.307373046875,-0.018798828125,-0.47998046875,4.7668
1.9694656488549618,-80.36641221374046,-1.3740458015267176,-0.308837890625,-0.02294921875,-0.47265625,4.7684999999999995
2.4427480916030535,-80.0,-1.1603053435114503,-0.30712890625,-0.02587890625,-0.4794921875,4.7702
2.366412213740458,-79.52671755725191,-1.083969465648855,-0.3076171875,-0.02392578125,-0.478271484375,4.7719
2.4427480916030535,-79.26717557251908,-0.916030534351145,-0.3125,-0.025146484375,-0.4794921875,4.7736
3.0076335877862594,-79.05343511450381,-0.6259541984732825,-0.305908203125,-0.015625,-0.474853515625,4.7753
2.717557251908397,-78.44274809160305,-0.5190839694656488,-0.314697265625,-0.022216796875,-0.4736328125,4.777
2.9770992366412212,-78.4885496183206,-0.3816793893129771,-0.312255859375,-0.02294921875,-0.4736328125,4.7787
3.068702290076336,-78.22900763358778,-0.2595419847328244,-0.3125,-0.021240234375,-0.47265625,4.780399999999999
3.0076335877862594,-78.01526717557252,-0.12213740458015267,-0.315673828125,-0.02685546875,-0.47314453125,4.7821
3.282442748091603,-77.72519083969466,0.04580152671755725,-0.31884765625,-0.023193359375,-0.472412109375,4.783799999999999
3.480916030534351,-77.49618320610686,0.15267175572519084,-0.318115234375,-0.027587890625,-0.474365234375,4.7855
3.404580152671756,-77.43511450381679,0.32061068702290074,-0.31494140625,-0.022216796875,-0.47216796875,4.7871999999999995
3.633587786259542,-77.3587786259542,0.5648854961832062,-0.31201171875,-0.028076171875,-0.46435546875,4.7889
3.6030534351145036,-76.93129770992367,0.8549618320610687,-0.311767578125,-0.02294921875,-0.466552734375,4.7905999999999995
3.7251908396946565,-76.99236641221374,0.9618320610687023,-0.31884765625,-0.02734375,-0.466064453125,4.7923
3.83206106870229,-76.82442748091603,1.1755725190839694,-0.31591796875,-0.01806640625,-0.4775390625,4.794
3.877862595419847,-76.65648854961832,1.3893129770992367,-0.31787109375,-0.02294921875,-0.4697265625,4.7957
4.152671755725191,-76.36641221374046,1.465648854961832,-0.322998046875,-0.02001953125,-0.4716796875,4.7974
4.2748091603053435,-76.16793893129771,1.465648854961832,-0.318359375,-0.01953125,-0.469970703125,4.7991
4.33587786259542,-76.01526717557252,1.7557251908396947,-0.317626953125,-0.0234375,-0.465087890625,4.8008
4.320610687022901,-75.8473282442748,1.9236641221374047,-0.31591796875,-0.0205078125,-0.4658203125,4.802499999999999
4.259541984732825,-75.7557251908397,2.0763358778625953,-0.318359375,-0.016845703125,-0.462890625,4.8042
4.33587786259542,-75.6030534351145,1.9541984732824427,-0.314697265625,-0.01806640625,-0.458984375,4.805899999999999
4.67175572519084,-75.49618320610686,2.1068702290076335,-0.3173828125,-0.0244140625,-0.462890625,4.8076
4.717557251908397,-75.40458015267176,2.213740458015267,-0.318603515625,-0.02685546875,-0.47314453125,4.8092999999999995
4.854961832061068,-75.38931297709924,2.519083969465649,-0.324951171875,-0.016845703125,-0.457763671875,4.811
4.793893129770993,-75.38931297709924,2.549618320610687,-0.323974609375,-0.026611328125,-0.4580078125,4.8126999999999995
4.9465648854961835,-75.09923664122137,2.6564885496183206,-0.3203125,-0.0224609375,-0.45947265625,4.8144
4.687022900763359,-74.99236641221374,3.0229007633587788,-0.321533203125,-0.022705078125,-0.461669921875,4.8161
5.038167938931298,-74.94656488549619,3.053435114503817,-0.323974609375,-0.025634765625,-0.458740234375,4.8178
4.931297709923665,-74.74809160305344,3.1603053435114505,-0.331787109375,-0.02099609375,-0.456298828125,4.8195
4.8396946564885495,-74.74809160305344,3.282442748091603,-0.323974609375,-0.026611328125,-0.448486328125,4.8212
5.022900763358779,-74.6412213740458,3.49618320610687,-0.32666015625,-0.02392578125,-0.454345703125,4.8229
5.0534351145038165,-74.70229007633588,3.7557251908396947,-0.32470703125,-0.0224609375,-0.45166015625,4.824599999999999
4.8396946564885495,-74.56488549618321,3.7709923664122136,-0.330810546875,-0.02294921875,-0.457763671875,4.8263
4.8396946564885495,-74.53435114503817,4.015267175572519,-0.33154296875,-0.022705078125,-0.453125,4.827999999999999
4.99236641221374,-74.21374045801527,4.33587786259542,-0.3310546875,-0.0244140625,-0.461669921875,4.8297
5.236641221374046,-74.04580152671755,4.320610687022901,-0.33056640625,-0.01953125,-0.455322265625,4.8313999999999995
5.206106870229007,-73.89312977099236,4.412213740458015,-0.333251953125,-0.0185546875,-0.448974609375,4.8331
5.267175572519084,-73.8473282442748,4.595419847328245,-0.332763671875,-0.014892578125,-0.453369140625,4.8347999999999995
5.1603053435114505,-73.61832061068702,4.67175572519084,-0.337158203125,-0.017822265625,-0.449951171875,4.8365
5.267175572519084,-73.40458015267176,4.641221374045801,-0.33349609375,-0.016357421875,-0.451416015625,4.8382
5.587786259541985,-73.32824427480917,4.67175572519084,-0.336181640625,-0.017822265625,-0.4521484375,4.8399
5.435114503816794,-73.19083969465649,4.778625954198473,-0.3369140625,-0.0166015625,-0.447509765625,4.8416
5.4961832061068705,-72.91603053435115,4.687022900763359,-0.33837890625,-0.01904296875,-0.44921875,4.8433
5.633587786259542,-72.68702290076335,4.717557251908397,-0.334716796875,-0.02197265625,-0.454345703125,4.845
6.061068702290076,-72.59541984732824,4.702290076335878,-0.3388671875,-0.017822265625,-0.44921875,4.846699999999999
5.770992366412214,-72.36641221374046,4.625954198473282,-0.3388671875,-0.016357421875,-0.443603515625,4.8484
5.709923664122138,-72.3969465648855,4.6106870229007635,-0.338134765625,-0.02197265625,-0.44091796875,4.850099999999999
5.984732824427481,-72.27480916030534,4.549618320610687,-0.33935546875,-0.0146484375,-0.44287109375,4.8518
6.213740458015267,-72.22900763358778,4.488549618320611,-0.33935546875,-0.01904296875,-0.44189453125,4.8534999999999995
6.305343511450381,-71.92366412213741,4.549618320610687,-0.339111328125,-0.0126953125,-0.442138671875,4.8552
6.183206106870229,-71.98473282442748,4.717557251908397,-0.335693359375,-0.010498046875,-0.440673828125,4.8568999999999996
6.305343511450381,-71.8473282442748,4.534351145038168,-0.336181640625,-0.012939453125,-0.43798828125,4.8586
6.641221374045801,-71.86259541984732,4.5038167938931295,-0.335693359375,-0.012939453125,-0.44677734375,4.8603
6.656488549618321,-71.63358778625954,4.229007633587786,-0.335693359375,-0.01416015625,-0.441650390625,4.862
6.67175572519084,-71.92366412213741,4.488549618320611,-0.332763671875,-0.01416015625,-0.44091796875,4.8637
6.824427480916031,-72.03053435114504,4.290076335877862,-0.33251953125,-0.008056640625,-0.43212890625,4.8654
6.885496183206107,-72.12213740458016,4.320610687022901,-0.33642578125,-0.01318359375,-0.428466796875,4.8671
7.206106870229007,-72.45801526717557,4.030534351145038,-0.33447265625,-0.01123046875,-0.42822265625,4.868799999999999
7.267175572519084,-72.54961832061069,4.198473282442748,-0.333984375,-0.011962890625,-0.43310546875,4.8705
7.00763358778626,-72.7175572519084,4.015267175572519,-0.334716796875,-0.018798828125,-0.4296875,4.872199999999999
7.129770992366412,-72.85496183206106,3.954198473282443,-0.336669921875,-0.011962890625,-0.43310546875,4.8739
7.343511450381679,-73.12977099236642,3.7557251908396947,-0.3369140625,-0.014404296875,-0.424072265625,4.8755999999999995
7.541984732824427,-73.38931297709924,3.801526717557252,-0.340087890625,-0.01611328125,-0.439697265625,4.8773
7.740458015267175,-73.41984732824427,3.5114503816793894,-0.337890625,-0.0107421875,-0.430419921875,4.879
7.603053435114504,-73.5114503816794,3.7557251908396947,-0.339599609375,-0.013427734375,-0.419189453125,4.8807
7.709923664122138,-73.58778625954199,3.7404580152671754,-0.34423828125,-0.017578125,-0.433837890625,4.8824
7.786259541984733,-73.80152671755725,3.3893129770992365,-0.343017578125,-0.015625,-0.4287109375,4.8841
7.755725190839694,-73.81679389312977,3.3282442748091605,-0.33935546875,-0.01708984375,-0.422119140625,4.8858
7.755725190839694,-74.18320610687023,3.2977099236641223,-0.3388671875,-0.020263671875,-0.41845703125,4.887499999999999
7.984732824427481,-74.50381679389314,3.267175572519084,-0.346923828125,-0.021728515625,-0.4208984375,4.8892
8.076335877862595,-74.61068702290076,3.312977099236641,-0.3447265625,-0.024169921875,-0.420654296875,4.890899999999999
8.030534351145038,-74.94656488549619,3.068702290076336,-0.34375,-0.021728515625,-0.428955078125,4.8926
7.9541984732824424,-75.2824427480916,3.1908396946564888,-0.343505859375,-0.015380859375,-0.420166015625,4.894299999999999
8.076335877862595,-75.41984732824427,3.0381679389312977,-0.34228515625,-0.020263671875,-0.410888671875,4.896
7.923664122137405,-75.58778625954199,2.9923664122137406,-0.351806640625,-0.0205078125,-0.42236328125,4.8976999999999995
7.9541984732824424,-75.81679389312977,2.8702290076335877,-0.345947265625,-0.0234375,-0.416015625,4.8994
8.0,-75.93893129770993,2.9770992366412212,-0.35107421875,-0.0185546875,-0.4130859375,4.9011
7.984732824427481,-76.13740458015268,2.854961832061069,-0.35400390625,-0.02734375,-0.40576171875,4.9028
8.076335877862595,-76.27480916030534,2.8091603053435112,-0.353515625,-0.02294921875,-0.413330078125,4.9045
8.106870229007633,-76.35114503816794,2.7786259541984735,-0.353515625,-0.02197265625,-0.415771484375,4.9062
7.786259541984733,-76.44274809160305,2.8091603053435112,-0.35107421875,-0.02490234375,-0.413330078125,4.9079
8.091603053435115,-76.62595419847328,2.854961832061069,-0.353271484375,-0.024169921875,-0.410888671875,4.909599999999999
7.984732824427481,-76.90076335877863,2.717557251908397,-0.3544921875,-0.02001953125,-0.412353515625,4.9113
7.938931297709924,-76.93129770992367,2.549618320610687,-0.356201171875,-0.025390625,-0.411865234375,4.912999999999999
7.893129770992366,-77.0381679389313,2.595419847328244,-0.3564453125,-0.022216796875,-0.404541015625,4.9147
7.755725190839694,-77.20610687022901,2.4427480916030535,-0.356201171875,-0.0263671875,-0.409912109375,4.916399999999999
7.847328244274809,-77.2824427480916,2.427480916030534,-0.359619140625,-0.021728515625,-0.40283203125,4.9181
7.984732824427481,-77.48091603053435,2.427480916030534,-0.361083984375,-0.026611328125,-0.407470703125,4.9197999999999995
7.66412213740458,-77.40458015267176,2.381679389312977,-0.364990234375,-0.02197265625,-0.401611328125,4.9215
7.404580152671755,-77.48091603053435,2.3206106870229006,-0.36474609375,-0.0302734375,-0.402099609375,4.9232
7.603053435114504,-77.45038167938931,2.519083969465649,-0.36669921875,-0.0283203125,-0.400146484375,4.9249
7.4961832061068705,-77.46564885496183,2.3206106870229006,-0.369384765625,-0.025146484375,-0.4013671875,4.9266
7.297709923664122,-77.41984732824427,2.4122137404580153,-0.37109375,-0.029541015625,-0.39404296875,4.9283
7.1603053435114505,-77.3587786259542,2.4427480916030535,-0.37158203125,-0.0283203125,-0.394287109375,4.93
6.99236641221374,-77.32824427480917,2.4885496183206106,-0.37646484375,-0.02734375,-0.399658203125,4.931699999999999
7.129770992366412,-77.20610687022901,2.3206106870229006,-0.369140625,-0.029541015625,-0.40380859375,4.9334
6.793893129770993,-77.02290076335878,2.549618320610687,-0.370849609375,-0.02978515625,-0.393798828125,4.935099999999999
6.396946564885496,-77.0381679389313,2.4732824427480917,-0.378662109375,-0.03173828125,-0.3984375,4.9368
6.442748091603053,-77.0381679389313,2.3969465648854964,-0.37890625,-0.03369140625,-0.400634765625,4.9384999999999994
6.458015267175573,-76.79389312977099,2.50381679389313,-0.379150390625,-0.034423828125,-0.39404296875,4.9402
6.137404580152672,-76.65648854961832,2.732824427480916,-0.37890625,-0.031982421875,-0.39111328125,4.9418999999999995
6.183206106870229,-76.45801526717557,2.6106870229007635,-0.3857421875,-0.033447265625,-0.399169921875,4.9436
5.908396946564886,-76.09160305343511,2.6717557251908395,-0.3818359375,-0.03173828125,-0.388916015625,4.9453
5.3893129770992365,-75.93893129770993,2.3969465648854964,-0.3837890625,-0.037109375,-0.385986328125,4.947
5.66412213740458,-75.55725190839695,2.5801526717557253,-0.38818359375,-0.038330078125,-0.39599609375,4.9487
5.343511450381679,-75.22137404580153,2.549618320610687,-0.38818359375,-0.03515625,-0.3876953125,4.9504
5.251908396946565,-75.02290076335878,2.4580152671755724,-0.388427734375,-0.032958984375,-0.387939453125,4.9521
4.977099236641221,-74.70229007633588,2.4580152671755724,-0.38916015625,-0.037109375,-0.3896484375,4.953799999999999
4.763358778625954,-74.03053435114504,2.5343511450381677,-0.391357421875,-0.0380859375,-0.384521484375,4.9555
4.595419847328245,-73.86259541984732,2.4122137404580153,-0.396240234375,-0.03076171875,-0.392333984375,4.957199999999999
4.473282442748092,-73.55725190839695,2.50381679389313,-0.392333984375,-0.038818359375,-0.37890625,4.9589
4.458015267175573,-72.94656488549619,2.4732824427480917,-0.396484375,-0.0361328125,-0.387939453125,4.9605999999999995
4.33587786259542,-72.47328244274809,2.519083969465649,-0.398193359375,-0.03662109375,-0.386474609375,4.9623
4.0,-72.2442748091603,2.564885496183206,-0.39990234375,-0.034912109375,-0.380615234375,4.9639999999999995
4.0458015267175576,-71.83206106870229,2.595419847328244,-0.40380859375,-0.03466796875,-0.379638671875,4.9657
3.8625954198473282,-71.17557251908397,2.549618320610687,-0.402587890625,-0.03466796875,-0.384521484375,4.9674
3.5572519083969465,-70.90076335877863,2.6259541984732824,-0.39892578125,-0.039794921875,-0.380615234375,4.9691
3.1297709923664123,-70.27480916030534,2.6412213740458017,-0.402587890625,-0.03271484375,-0.378173828125,4.9708
3.053435114503817,-69.63358778625954,2.763358778625954,-0.402099609375,-0.03857421875,-0.387451171875,4.9725
2.6106870229007635,-69.45038167938931,2.5801526717557253,-0.40869140625,-0.038330078125,-0.376953125,4.9742
2.6412213740458017,-68.97709923664122,2.8702290076335877,-0.402587890625,-0.032958984375,-0.386962890625,4.975899999999999
2.4122137404580153,-68.47328244274809,3.0076335877862594,-0.4052734375,-0.037841796875,-0.377685546875,4.9776
2.0610687022900764,-68.22900763358778,3.1297709923664123,-0.406494140625,-0.034912109375,-0.37939453125,4.979299999999999
1.9694656488549618,-67.92366412213741,3.145038167938931,-0.408203125,-0.035888671875,-0.381103515625,4.981
1.7709923664122138,-67.3587786259542,3.0381679389312977,-0.406494140625,-0.034423828125,-0.370849609375,4.9826999999999995
1.5267175572519085,-66.97709923664122,3.2519083969465647,-0.405029296875,-0.032958984375,-0.37158203125,4.9844
1.1145038167938932,-66.67175572519083,3.099236641221374,-0.40625,-0.035400390625,-0.366943359375,4.9860999999999995
1.1450381679389312,-66.25954198473282,3.1603053435114505,-0.40771484375,-0.037353515625,-0.37744140625,4.9878
0.7938931297709924,-65.90839694656489,3.2213740458015265,-0.41015625,-0.032470703125,-0.37890625,4.9895
0.6870229007633588,-65.63358778625954,3.4656488549618323,-0.4072265625,-0.030029296875,-0.375244140625,4.9912
0.7786259541984732,-65.25190839694656,3.404580152671756,-0.41015625,-0.0341796875,-0.3818359375,4.9929
0.6259541984732825,-64.91603053435115,3.450381679389313,-0.40966796875,-0.031005859375,-0.360595703125,4.9946
0.3816793893129771,-64.53435114503817,3.312977099236641,-0.41357421875,-0.03271484375,-0.36572265625,4.9963
0.12213740458015267,-64.21374045801527,3.404580152671756,-0.406982421875,-0.0263671875,-0.37548828125,4.997999999999999
0.07633587786259542,-63.57251908396947,3.3740458015267176,-0.411865234375,-0.02685546875,-0.3759765625,4.9997
-0.1984732824427481,-63.465648854961835,3.2519083969465647,-0.4140625,-0.0341796875,-0.38330078125,5.001399999999999
-0.2900763358778626,-63.11450381679389,3.1908396946564888,-0.407470703125,-0.02978515625,-0.368408203125,5.0031
-0.5190839694656488,-62.656488549618324,3.236641221374046,-0.41162109375,-0.02783203125,-0.364990234375,5.0047999999999995
-0.2748091603053435,-62.30534351145038,2.9770992366412212,-0.409912109375,-0.032958984375,-0.365478515625,5.0065
-0.8549618320610687,-62.18320610687023,3.114503816793893,-0.412353515625,-0.029541015625,-0.365234375,5.0081999999999995
-0.6717557251908397,-61.69465648854962,2.7022900763358777,-0.413818359375,-0.027099609375,-0.36767578125,5.0099
-0.8702290076335878,-61.23664122137404,2.7938931297709924,-0.4130859375,-0.027099609375,-0.364013671875,5.0116
-0.916030534351145,-60.83969465648855,2.5801526717557253,-0.4140625,-0.023193359375,-0.355712890625,5.0133
-1.1145038167938932,-60.58015267175573,2.5343511450381677,-0.41259765625,-0.032470703125,-0.362548828125,5.015
-1.3435114503816794,-60.30534351145038,2.3053435114503817,-0.42041015625,-0.023681640625,-0.357666015625,5.0167
-1.2061068702290076,-59.87786259541985,2.213740458015267,-0.419921875,-0.02734375,-0.363037109375,5.0184
-1.3740458015267176,-59.48091603053435,2.183206106870229,-0.41796875,-0.0234375,-0.369873046875,5.020099999999999
-1.465648854961832,-59.11450381679389,2.1068702290076335,-0.412841796875,-0.0283203125,-0.360107421875,5.0218
-1.5114503816793894,-58.717557251908396,1.8473282442748091,-0.417236328125,-0.029296875,-0.351318359375,5.023499999999999
-1.5267175572519085,-58.274809160305345,1.9541984732824427,-0.4208984375,-0.025634765625,-0.362060546875,5.0252
-1.465648854961832,-57.9236641221374,1.7404580152671756,-0.424560546875,-0.01904296875,-0.357421875,5.0268999999999995
-1.5572519083969465,-57.48091603053435,1.8473282442748091,-0.4228515625,-0.02294921875,-0.360595703125,5.0286
-1.5419847328244274,-56.916030534351144,1.7557251908396947,-0.420654296875,-0.022216796875,-0.35986328125,5.0302999999999995
-1.465648854961832,-56.54961832061068,1.618320610687023,-0.41552734375,-0.019287109375,-0.361083984375,5.032
-1.7709923664122138,-55.98473282442748,1.3129770992366412,-0.42578125,-0.025146484375,-0.36572265625,5.0337
-1.633587786259542,-55.52671755725191,1.5419847328244274,-0.423828125,-0.02587890625,-0.35986328125,5.0354
-1.5419847328244274,-55.083969465648856,1.3129770992366412,-0.42138671875,-0.0205078125,-0.361083984375,5.0371
-1.6946564885496183,-54.50381679389313,1.2061068702290076,-0.42431640625,-0.0185546875,-0.352294921875,5.038799999999999
-1.786259541984733,-53.954198473282446,1.099236641221374,-0.4306640625,-0.01953125,-0.358642578125,5.0405
-1.6030534351145038,-53.404580152671755,1.0534351145038168,-0.428466796875,-0.017333984375,-0.35595703125,5.042199999999999
-1.5419847328244274,-52.70229007633588,0.9312977099236641,-0.435302734375,-0.021728515625,-0.35986328125,5.0439
-1.3740458015267176,-51.98473282442748,1.0687022900763359,-0.436767578125,-0.02197265625,-0.35986328125,5.045599999999999
-1.633587786259542,-51.32824427480916,0.8854961832061069,-0.432373046875,-0.01904296875,-0.35693359375,5.0473
-1.1603053435114503,-50.74809160305343,0.8854961832061069,-0.43603515625,-0.016357421875,-0.350341796875,5.0489999999999995
-1.282442748091603,-50.0763358778626,0.6870229007633588,-0.435302734375,-0.01220703125,-0.359375,5.0507
-1.5419847328244274,-49.43511450381679,0.7022900763358778,-0.437744140625,-0.018798828125,-0.358642578125,5.0524
-1.4809160305343512,-48.80916030534351,0.7175572519083969,-0.440185546875,-0.022705078125,-0.35302734375,5.0541
-1.083969465648855,-48.152671755725194,0.7786259541984732,-0.44091796875,-0.0185546875,-0.354248046875,5.0558
-1.251908396946565,-47.43511450381679,0.732824427480916,-0.43798828125,-0.020263671875,-0.354736328125,5.0575
-1.083969465648855,-46.85496183206107,0.7175572519083969,-0.43701171875,-0.01708984375,-0.3505859375,5.0592
-1.0229007633587786,-46.19847328244275,0.6717557251908397,-0.43994140625,-0.019287109375,-0.356201171875,5.060899999999999
-1.083969465648855,-45.48091603053435,0.6717557251908397,-0.43359375,-0.017578125,-0.34912109375,5.0626
-1.099236641221374,-45.02290076335878,0.5954198473282443,-0.437255859375,-0.01416015625,-0.347412109375,5.064299999999999
-1.2366412213740459,-44.29007633587786,0.8396946564885496,-0.43359375,-0.01611328125,-0.34912109375,5.066
-1.0381679389312977,-43.86259541984733,0.7938931297709924,-0.434814453125,-0.01953125,-0.34423828125,5.067699999999999
-1.083969465648855,-43.29770992366412,0.732824427480916,-0.435302734375,-0.016357421875,-0.350341796875,5.0694
-0.8396946564885496,-42.80916030534351,0.7633587786259542,-0.434326171875,-0.01904296875,-0.34765625,5.0710999999999995
-1.0534351145038168,-42.44274809160305,0.6717557251908397,-0.424560546875,-0.012939453125,-0.347412109375,5.0728
-0.732824427480916,-41.83206106870229,0.6106870229007634,-0.424072265625,-0.011474609375,-0.341552734375,5.0745
-0.7022900763358778,-41.603053435114504,0.7022900763358778,-0.422607421875,-0.01904296875,-0.34423828125,5.0762
-0.7633587786259542,-41.25190839694657,0.6564885496183206,-0.427734375,-0.018310546875,-0.348388671875,5.0779
-0.8244274809160306,-40.82442748091603,0.6564885496183206,-0.42724609375,-0.01318359375,-0.34619140625,5.0796
-0.7175572519083969,-40.67175572519084,0.3816793893129771,-0.42431640625,-0.017578125,-0.341064453125,5.0813
-0.5190839694656488,-40.229007633587784,0.5190839694656488,-0.42919921875,-0.0068359375,-0.348876953125,5.082999999999999
-0.366412213740458,-40.12213740458015,0.3816793893129771,-0.422119140625,-0.017333984375,-0.35205078125,5.0847
-0.5648854961832062,-39.87786259541985,0.3969465648854962,-0.42236328125,-0.01904296875,-0.338134765625,5.086399999999999
-0.2748091603053435,-39.603053435114504,0.16793893129770993,-0.42529296875,-0.018798828125,-0.33984375,5.0881
-0.21374045801526717,-39.603053435114504,0.21374045801526717,-0.4248046875,-0.014404296875,-0.337158203125,5.089799999999999
-0.183206106870229,-39.25190839694657,-0.07633587786259542,-0.4287109375,-0.014892578125,-0.332763671875,5.0915
-0.07633587786259542,-38.900763358778626,0.061068702290076333,-0.423095703125,-0.0146484375,-0.34619140625,5.0931999999999995
-0.183206106870229,-38.83969465648855,-0.061068702290076333,-0.425048828125,-0.017578125,-0.330810546875,5.0949
-0.04580152671755725,-38.717557251908396,-0.22900763358778625,-0.42578125,-0.013671875,-0.340576171875,5.0966
0.13740458015267176,-38.458015267175576,-0.2900763358778626,-0.421630859375,-0.013671875,-0.3408203125,5.0983
0.0916030534351145,-38.25954198473283,-0.24427480916030533,-0.426513671875,-0.010986328125,-0.340087890625,5.1
0.16793893129770993,-38.030534351145036,-0.3053435114503817,-0.4248046875,-0.011962890625,-0.3427734375,5.1017
0.1984732824427481,-37.725190839694655,-0.24427480916030533,-0.42333984375,-0.015869140625,-0.34033203125,5.1034
0.2595419847328244,-37.57251908396947,-0.21374045801526717,-0.420166015625,-0.01806640625,-0.33642578125,5.105099999999999
0.2900763358778626,-37.603053435114504,-0.3511450381679389,-0.421630859375,-0.018310546875,-0.333740234375,5.1068
0.22900763358778625,-37.38931297709924,-0.3816793893129771,-0.4228515625,-0.0146484375,-0.3359375,5.108499999999999
0.1984732824427481,-37.083969465648856,-0.366412213740458,-0.42333984375,-0.01806640625,-0.3359375,5.1102
0.33587786259541985,-37.19083969465649,-0.366412213740458,-0.423828125,-0.02099609375,-0.335693359375,5.1118999999999994
0.549618320610687,-37.12977099236641,-0.061068702290076333,-0.41796875,-0.01806640625,-0.33349609375,5.1136
0.22900763358778625,-36.732824427480914,-0.2900763358778626,-0.423828125,-0.01513671875,-0.32861328125,5.1152999999999995
0.48854961832061067,-36.717557251908396,-0.15267175572519084,-0.41796875,-0.019287109375,-0.328857421875,5.117
0.4732824427480916,-36.74809160305343,-0.183206106870229,-0.4208984375,-0.01708984375,-0.332275390625,5.1187
0.2900763358778626,-36.595419847328245,-0.13740458015267176,-0.423095703125,-0.01904296875,-0.329345703125,5.1204
0.6259541984732825,-36.36641221374046,-0.1984732824427481,-0.41943359375,-0.015869140625,-0.325927734375,5.1221
0.5648854961832062,-36.36641221374046,-0.13740458015267176,-0.421875,-0.021728515625,-0.331787109375,5.1238
0.5801526717557252,-36.091603053435115,-0.15267175572519084,-0.42138671875,-0.01806640625,-0.32373046875,5.1255
0.5190839694656488,-36.229007633587784,-0.061068702290076333,-0.42236328125,-0.014404296875,-0.3271484375,5.127199999999999
0.4122137404580153,-36.30534351145038,-0.07633587786259542,-0.424072265625,-0.014892578125,-0.33154296875,5.1289
0.8244274809160306,-36.25954198473283,0.030534351145038167,-0.41748046875,-0.01806640625,-0.33251953125,5.130599999999999
0.9312977099236641,-36.16793893129771,-0.015267175572519083,-0.41845703125,-0.015625,-0.339599609375,5.1323
0.9770992366412213,-36.12213740458015,-0.10687022900763359,-0.420166015625,-0.0185546875,-0.32421875,5.1339999999999995
0.8854961832061069,-36.16793893129771,0.07633587786259542,-0.419921875,-0.020263671875,-0.3251953125,5.1357
0.9007633587786259,-36.06106870229008,0.2595419847328244,-0.416015625,-0.016845703125,-0.321044921875,5.1373999999999995
1.1450381679389312,-35.908396946564885,0.2595419847328244,-0.419189453125,-0.015869140625,-0.331298828125,5.1391
1.3435114503816794,-36.01526717557252,0.4122137404580153,-0.422607421875,-0.0126953125,-0.338623046875,5.1408
1.5572519083969465,-35.954198473282446,0.33587786259541985,-0.424072265625,-0.008056640625,-0.3349609375,5.1425
1.633587786259542,-35.786259541984734,0.42748091603053434,-0.422607421875,-0.01025390625,-0.33154296875,5.1442
1.5877862595419847,-35.6793893129771,0.5190839694656488,-0.42236328125,-0.012451171875,-0.321533203125,5.1459
1.786259541984733,-35.70992366412214,0.6106870229007634,-0.423095703125,-0.01416015625,-0.322265625,5.1476
1.9083969465648856,-35.57251908396947,0.5801526717557252,-0.421630859375,-0.012939453125,-0.3330078125,5.149299999999999
2.2748091603053435,-35.43511450381679,0.6412213740458015,-0.429931640625,-0.011474609375,-0.32666015625,5.151
2.3969465648854964,-35.32824427480916,0.732824427480916,-0.42578125,-0.009765625,-0.332275390625,5.152699999999999
2.4885496183206106,-35.38931297709924,0.7786259541984732,-0.423828125,-0.008544921875,-0.330322265625,5.1544
2.4732824427480917,-35.12977099236641,0.9465648854961832,-0.423095703125,-0.00732421875,-0.32958984375,5.1560999999999995
2.732824427480916,-35.00763358778626,0.916030534351145,-0.42431640625,-0.006591796875,-0.322021484375,5.1578
3.1603053435114505,-34.88549618320611,0.9770992366412213,-0.421142578125,-0.010986328125,-0.325439453125,5.1594999999999995
3.3587786259541983,-34.76335877862596,0.8091603053435115,-0.42431640625,-0.005859375,-0.326416015625,5.1612
3.3587786259541983,-34.656488549618324,0.8854961832061069,-0.42724609375,-0.00732421875,-0.326904296875,5.1629
3.49618320610687,-34.51908396946565,0.916030534351145,-0.426025390625,-0.00732421875,-0.332763671875,5.1646
3.8625954198473282,-34.42748091603053,0.9312977099236641,-0.421142578125,-0.009765625,-0.33056640625,5.1663
3.9236641221374047,-34.16793893129771,0.9923664122137404,-0.419921875,-0.013671875,-0.328369140625,5.168
4.030534351145038,-34.44274809160305,0.9007633587786259,-0.42626953125,-0.009521484375,-0.32861328125,5.1697
4.5038167938931295,-34.396946564885496,0.9465648854961832,-0.42431640625,-0.0068359375,-0.31787109375,5.171399999999999
4.534351145038168,-34.47328244274809,0.9465648854961832,-0.418701171875,-0.00927734375,-0.321533203125,5.1731
4.6106870229007635,-34.44274809160305,0.8091603053435115,-0.415771484375,-0.010009765625,-0.316162109375,5.174799999999999
4.900763358778626,-34.458015267175576,1.0381679389312977,-0.420166015625,-0.0107421875,-0.322021484375,5.1765
5.1603053435114505,-34.44274809160305,1.0229007633587786,-0.4130859375,-0.006591796875,-0.32470703125,5.1781999999999995
5.114503816793893,-34.47328244274809,0.9007633587786259,-0.416748046875,-0.005126953125,-0.321044921875,5.1799
5.572519083969466,-34.62595419847328,0.8091603053435115,-0.42041015625,-0.00830078125,-0.318603515625,5.1815999999999995
5.893129770992366,-34.67175572519084,1.0076335877862594,-0.41259765625,-0.0029296875,-0.315185546875,5.1833
5.938931297709924,-34.961832061068705,0.9923664122137404,-0.4140625,-0.00439453125,-0.314697265625,5.185
6.2748091603053435,-34.97709923664122,0.9923664122137404,-0.407958984375,-0.0048828125,-0.32373046875,5.1867
6.290076335877862,-35.12977099236641,0.8549618320610687,-0.40576171875,-0.00634765625,-0.312744140625,5.1884
6.564885496183206,-35.80152671755725,0.732824427480916,-0.404296875,-0.00048828125,-0.308837890625,5.190099999999999
6.809160305343512,-35.87786259541985,0.7022900763358778,-0.405029296875,-0.003173828125,-0.3125,5.1918
7.175572519083969,-36.274809160305345,0.8854961832061069,-0.40576171875,-0.00341796875,-0.3134765625,5.193499999999999
7.236641221374046,-36.74809160305343,0.6412213740458015,-0.40380859375,-0.003173828125,-0.311279296875,5.1952
7.66412213740458,-37.282442748091604,0.5648854961832062,-0.40283203125,-0.00341796875,-0.310546875,5.196899999999999
8.13740458015267,-37.63358778625954,0.5190839694656488,-0.400634765625,0.0009765625,-0.313232421875,5.1986
7.984732824427481,-38.19847328244275,0.5038167938931297,-0.404541015625,-0.002197265625,-0.318359375,5.2002999999999995
8.381679389312977,-38.74809160305343,0.4732824427480916,-0.4013671875,-0.00341796875,-0.311279296875,5.202
8.67175572519084,-39.16030534351145,0.3969465648854962,-0.400634765625,-0.003662109375,-0.31494140625,5.2036999999999995
8.778625954198473,-39.908396946564885,0.1984732824427481,-0.39990234375,-0.004150390625,-0.31396484375,5.2054
9.053435114503817,-40.16793893129771,0.22900763358778625,-0.40380859375,-0.004638671875,-0.302734375,5.2071
9.297709923664122,-40.83969465648855,0.12213740458015267,-0.40380859375,-0.003173828125,-0.306640625,5.2088
9.541984732824428,-41.37404580152672,0.22900763358778625,-0.403564453125,-0.00390625,-0.307861328125,5.2105
9.725190839694656,-41.786259541984734,0.1984732824427481,-0.39892578125,-0.002197265625,-0.312744140625,5.212199999999999
9.725190839694656,-42.30534351145038,0.13740458015267176,-0.406982421875,-0.001708984375,-0.304931640625,5.2139
9.908396946564885,-43.02290076335878,0.0916030534351145,-0.406494140625,-0.003173828125,-0.300048828125,5.215599999999999
9.98473282442748,-43.41984732824427,0.12213740458015267,-0.4013671875,-0.007568359375,-0.30322265625,5.2173
10.259541984732824,-43.89312977099237,0.15267175572519084,-0.40380859375,-0.006591796875,-0.308349609375,5.218999999999999
10.442748091603054,-44.35114503816794,0.13740458015267176,-0.406982421875,-0.0087890625,-0.307861328125,5.2207
10.83969465648855,-44.58015267175573,0.07633587786259542,-0.412841796875,-0.00732421875,-0.302978515625,5.2223999999999995
11.007633587786259,-45.05343511450382,0.015267175572519083,-0.411865234375,-0.005615234375,-0.30029296875,5.2241
11.053435114503817,-45.38931297709924,-0.183206106870229,-0.413818359375,-0.011962890625,-0.298095703125,5.2258
11.038167938931299,-45.55725190839695,0.030534351145038167,-0.412353515625,-0.00830078125,-0.302978515625,5.2275
10.977099236641221,-45.86259541984733,-0.061068702290076333,-0.415771484375,-0.0087890625,-0.298828125,5.2292
11.358778625954198,-46.16793893129771,-0.13740458015267176,-0.418212890625,-0.010986328125,-0.307373046875,5.2309
11.664122137404581,-46.30534351145038,-0.1984732824427481,-0.414794921875,-0.00830078125,-0.306884765625,5.2326
11.49618320610687,-46.48854961832061,-0.015267175572519083,-0.41748046875,-0.005859375,-0.3037109375,5.234299999999999
11.679389312977099,-46.83969465648855,-0.13740458015267176,-0.4189453125,-0.0048828125,-0.303955078125,5.236
11.557251908396946,-47.038167938931295,0.12213740458015267,-0.4130859375,-0.010986328125,-0.2958984375,5.237699999999999
11.740458015267176,-47.221374045801525,-0.12213740458015267,-0.417236328125,-0.012451171875,-0.306640625,5.2394
12.076335877862595,-47.404580152671755,-0.183206106870229,-0.423095703125,-0.013671875,-0.303466796875,5.241099999999999
11.893129770992367,-47.48091603053435,-0.04580152671755725,-0.42431640625,-0.009521484375,-0.299072265625,5.2428
12.091603053435115,-47.80152671755725,-0.07633587786259542,-0.420654296875,-0.0107421875,-0.3056640625,5.2444999999999995
12.076335877862595,-47.93893129770992,-0.061068702290076333,-0.426025390625,-0.012939453125,-0.301513671875,5.2462
12.198473282442748,-47.908396946564885,-0.061068702290076333,-0.421142578125,-0.0146484375,-0.295654296875,5.2479
12.15267175572519,-48.0763358778626,-0.10687022900763359,-0.426513671875,-0.02001953125,-0.3046875,5.2496
12.213740458015268,-48.13740458015267,0.0916030534351145,-0.42431640625,-0.014404296875,-0.304443359375,5.2513
12.122137404580153,-48.30534351145038,-0.07633587786259542,-0.425048828125,-0.0146484375,-0.30078125,5.253
12.259541984732824,-48.44274809160305,-0.015267175572519083,-0.427001953125,-0.017578125,-0.293212890625,5.2547
12.473282442748092,-48.50381679389313,-0.15267175572519084,-0.4296875,-0.020263671875,-0.29248046875,5.256399999999999
12.290076335877863,-48.3206106870229,-0.10687022900763359,-0.4287109375,-0.018310546875,-0.295654296875,5.2581
12.381679389312977,-48.595419847328245,-0.061068702290076333,-0.433837890625,-0.017578125,-0.29345703125,5.259799999999999
12.412213740458014,-48.61068702290076,0.0,-0.435791015625,-0.019775390625,-0.294677734375,5.2615
12.442748091603054,-48.35114503816794,-0.183206106870229,-0.43359375,-0.025390625,-0.30322265625,5.263199999999999
12.412213740458014,-48.47328244274809,0.22900763358778625,-0.432861328125,-0.0263671875,-0.29248046875,5.2649
12.366412213740459,-48.412213740458014,-0.12213740458015267,-0.436767578125,-0.013671875,-0.29248046875,5.2665999999999995
12.122137404580153,-48.3206106870229,-0.030534351145038167,-0.43359375,-0.023681640625,-0.294921875,5.2683
12.381679389312977,-47.954198473282446,-0.22900763358778625,-0.435546875,-0.0224609375,-0.2919921875,5.27
12.244274809160306,-48.152671755725194,0.015267175572519083,-0.4326171875,-0.021728515625,-0.290771484375,5.2717
12.106870229007633,-48.0763358778626,-0.10687022900763359,-0.43505859375,-0.0185546875,-0.298095703125,5.2734
12.091603053435115,-47.7557251908397,-0.24427480916030533,-0.434326171875,-0.021240234375,-0.300048828125,5.2751
12.213740458015268,-47.87786259541985,-0.21374045801526717,-0.444091796875,-0.021728515625,-0.294189453125,5.2768
12.030534351145038,-47.55725190839695,-0.07633587786259542,-0.439208984375,-0.0234375,-0.295654296875,5.278499999999999
11.98473282442748,-47.43511450381679,-0.3816793893129771,-0.446044921875,-0.022705078125,-0.295166015625,5.2802
11.893129770992367,-47.29770992366412,-0.21374045801526717,-0.4423828125,-0.0224609375,-0.290771484375,5.281899999999999
11.755725190839694,-47.11450381679389,-0.366412213740458,-0.44091796875,-0.02783203125,-0.29541015625,5.2836
11.664122137404581,-47.06870229007634,-0.183206106870229,-0.44287109375,-0.0244140625,-0.286376953125,5.285299999999999
11.374045801526718,-46.93129770992366,-0.2748091603053435,-0.446533203125,-0.0263671875,-0.277587890625,5.287
11.450381679389313,-46.62595419847328,-0.3969465648854962,-0.44873046875,-0.025146484375,-0.281494140625,5.2886999999999995
11.419847328244275,-46.29007633587786,-0.33587786259541985,-0.44677734375,-0.02490234375,-0.280029296875,5.2904
11.374045801526718,-46.2442748091603,-0.2595419847328244,-0.4501953125,-0.02783203125,-0.279052734375,5.2921
11.34351145038168,-45.98473282442748,-0.44274809160305345,-0.4482421875,-0.023193359375,-0.284423828125,5.2938
11.114503816793894,-45.587786259541986,-0.4580152671755725,-0.44970703125,-0.02392578125,-0.2783203125,5.2955
10.977099236641221,-45.404580152671755,-0.4122137404580153,-0.447021484375,-0.02587890625,-0.2900390625,5.2972
10.67175572519084,-45.267175572519086,-0.3816793893129771,-0.447509765625,-0.02880859375,-0.28271484375,5.2989
10.625954198473282,-45.00763358778626,-0.6564885496183206,-0.449462890625,-0.029296875,-0.28857421875,5.300599999999999
10.625954198473282,-44.68702290076336,-0.4122137404580153,-0.455322265625,-0.031982421875,-0.274169921875,5.3023
10.381679389312977,-44.44274809160305,-0.44274809160305345,-0.45361328125,-0.025634765625,-0.266357421875,5.303999999999999
10.290076335877863,-44.091603053435115,-0.6259541984732825,-0.450927734375,-0.02587890625,-0.270751953125,5.3057
10.335877862595419,-44.06106870229008,-0.8091603053435115,-0.450927734375,-0.028564453125,-0.279541015625,5.3073999999999995
10.13740458015267,-43.51145038167939,-0.6870229007633588,-0.450439453125,-0.03125,-0.279052734375,5.3091
9.83206106870229,-43.12977099236641,-0.6717557251908397,-0.453857421875,-0.024658203125,-0.27685546875,5.3107999999999995
9.84732824427481,-42.99236641221374,-0.8396946564885496,-0.460205078125,-0.03564453125,-0.277099609375,5.3125
9.450381679389313,-42.68702290076336,-0.7022900763358778,-0.458251953125,-0.03125,-0.27490234375,5.3142
9.49618320610687,-42.13740458015267,-0.6106870229007634,-0.45458984375,-0.030029296875,-0.278564453125,5.3159
9.114503816793894,-41.7557251908397,-0.5801526717557252,-0.453125,-0.033447265625,-0.267822265625,5.3176
9.068702290076336,-41.465648854961835,-0.6106870229007634,-0.455810546875,-0.029541015625,-0.272216796875,5.3193
8.732824427480915,-41.083969465648856,-0.6412213740458015,-0.45703125,-0.023681640625,-0.275390625,5.321
8.534351145038167,-40.82442748091603,-0.6412213740458015,-0.450927734375,-0.029541015625,-0.274658203125,5.322699999999999
8.51908396946565,-40.19847328244275,-0.7175572519083969,-0.453857421875,-0.029541015625,-0.259521484375,5.3244
8.564885496183207,-40.06106870229008,-0.732824427480916,-0.458740234375,-0.031005859375,-0.27490234375,5.326099999999999
8.274809160305344,-39.541984732824424,-0.6412213740458015,-0.456787109375,-0.033447265625,-0.26220703125,5.3278
7.908396946564886,-39.099236641221374,-0.7175572519083969,-0.4599609375,-0.028564453125,-0.27001953125,5.3294999999999995
7.8320610687022905,-38.94656488549618,-0.7633587786259542,-0.460205078125,-0.03173828125,-0.266845703125,5.3312
7.755725190839694,-38.61068702290076,-0.6259541984732825,-0.460693359375,-0.03271484375,-0.271728515625,5.3328999999999995
7.66412213740458,-38.10687022900763,-0.5954198473282443,-0.46484375,-0.030029296875,-0.267333984375,5.3346
7.404580152671755,-37.770992366412216,-0.5801526717557252,-0.464111328125,-0.0322265625,-0.270751953125,5.3363
7.1603053435114505,-37.25190839694657,-0.4732824427480916,-0.46337890625,-0.03369140625,-0.267822265625,5.338
6.824427480916031,-37.099236641221374,-0.5648854961832062,-0.461181640625,-0.034912109375,-0.26611328125,5.3397
6.793893129770993,-36.48854961832061,-0.48854961832061067,-0.467041015625,-0.0322265625,-0.268798828125,5.341399999999999
6.580152671755725,-36.35114503816794,-0.183206106870229,-0.466796875,-0.035888671875,-0.260009765625,5.3431
6.320610687022901,-35.83206106870229,-0.5190839694656488,-0.464599609375,-0.032470703125,-0.2685546875,5.344799999999999
6.137404580152672,-35.29770992366412,-0.2748091603053435,-0.46337890625,-0.03369140625,-0.267578125,5.3465
6.076335877862595,-35.16030534351145,0.015267175572519083,-0.46337890625,-0.0322265625,-0.267333984375,5.348199999999999
5.801526717557252,-34.595419847328245,-0.10687022900763359,-0.465087890625,-0.029541015625,-0.26904296875,5.3499
5.679389312977099,-33.98473282442748,0.061068702290076333,-0.4638671875,-0.036376953125,-0.2587890625,5.3515999999999995
5.66412213740458,-33.51145038167939,0.0916030534351145,-0.46435546875,-0.0341796875,-0.270751953125,5.3533
5.221374045801527,-33.41984732824427,-0.030534351145038167,-0.465087890625,-0.03076171875,-0.263671875,5.3549999999999995
5.190839694656488,-33.00763358778626,0.12213740458015267,-0.468017578125,-0.029541015625,-0.263427734375,5.3567
4.99236641221374,-32.42748091603053,0.2900763358778626,-0.467041015625,-0.034423828125,-0.259765625,5.3584
4.931297709923665,-32.091603053435115,0.2595419847328244,-0.464111328125,-0.03173828125,-0.25927734375,5.3601
4.67175572519084,-31.84732824427481,0.4122137404580153,-0.46435546875,-0.03173828125,-0.259521484375,5.3618
4.625954198473282,-31.52671755725191,0.5038167938931297,-0.46630859375,-0.02978515625,-0.267333984375,5.363499999999999
4.458015267175573,-30.931297709923665,0.42748091603053434,-0.464599609375,-0.029541015625,-0.25732421875,5.3652
4.290076335877862,-30.65648854961832,0.3053435114503817,-0.46533203125,-0.02294921875,-0.259033203125,5.366899999999999
4.076335877862595,-30.33587786259542,0.4122137404580153,-0.4658203125,-0.03662109375,-0.259033203125,5.3686
3.969465648854962,-30.03053435114504,0.44274809160305345,-0.462890625,-0.034423828125,-0.255615234375,5.370299999999999
4.0,-29.69465648854962,0.4580152671755725,-0.465087890625,-0.029296875,-0.260498046875,5.372
3.786259541984733,-29.236641221374047,0.32061068702290074,-0.462158203125,-0.0283203125,-0.250244140625,5.3736999999999995
3.7251908396946565,-28.778625954198475,0.549618320610687,-0.471923828125,-0.030029296875,-0.257568359375,5.3754
3.5267175572519083,-28.641221374045802,0.6106870229007634,-0.46826171875,-0.03515625,-0.25,5.3770999999999995
3.5572519083969465,-28.3206106870229,0.5801526717557252,-0.4677734375,-0.02978515625,-0.249755859375,5.3788
3.4656488549618323,-27.61832061068702,0.6564885496183206,-0.4658203125,-0.025634765625,-0.25,5.3805
3.1755725190839694,-27.419847328244273,0.732824427480916,-0.46630859375,-0.032958984375,-0.248779296875,5.3822
3.267175572519084,-27.16030534351145,0.7633587786259542,-0.462890625,-0.0244140625,-0.26171875,5.3839
2.8091603053435112,-26.793893129770993,0.8549618320610687,-0.4638671875,-0.02880859375,-0.25390625,5.385599999999999
2.9160305343511452,-26.442748091603054,0.7175572519083969,-0.4677734375,-0.02734375,-0.257568359375,5.3873
2.763358778625954,-26.12213740458015,0.8702290076335878,-0.46240234375,-0.031005859375,-0.255615234375,5.388999999999999
2.7938931297709924,-25.603053435114504,0.8854961832061069,-0.461181640625,-0.025390625,-0.2529296875,5.3907
2.687022900763359,-25.541984732824428,0.9770992366412213,-0.464111328125,-0.028564453125,-0.252197265625,5.392399999999999
2.5801526717557253,-25.267175572519083,0.7786259541984732,-0.46435546875,-0.0244140625,-0.25634765625,5.3941
2.4580152671755724,-24.931297709923665,1.0687022900763359,-0.46875,-0.026123046875,-0.2470703125,5.3957999999999995
2.351145038167939,-24.442748091603054,1.1297709923664123,-0.46728515625,-0.02490234375,-0.247314453125,5.3975
2.2900763358778624,-24.213740458015266,1.2213740458015268,-0.462890625,-0.028076171875,-0.250244140625,5.3991999999999996
2.0763358778625953,-24.12213740458015,1.1908396946564885,-0.461669921875,-0.031005859375,-0.24560546875,5.4009
2.030534351145038,-23.66412213740458,1.3893129770992367,-0.4609375,-0.02294921875,-0.243408203125,5.4026
2.183206106870229,-23.480916030534353,1.3129770992366412,-0.46337890625,-0.0234375,-0.24267578125,5.4043
2.0,-23.251908396946565,1.450381679389313,-0.46240234375,-0.030029296875,-0.2529296875,5.406
1.9694656488549618,-22.870229007633586,1.5572519083969465,-0.46337890625,-0.02001953125,-0.25390625,5.407699999999999
1.7709923664122138,-22.564885496183205,1.5725190839694656,-0.463623046875,-0.025634765625,-0.25048828125,5.4094
1.8015267175572518,-22.3206106870229,1.5725190839694656,-0.465087890625,-0.033447265625,-0.23583984375,5.411099999999999
1.6641221374045803,-22.137404580152673,1.6488549618320612,-0.464599609375,-0.025634765625,-0.235595703125,5.4128
1.618320610687023,-21.81679389312977,1.4809160305343512,-0.459228515625,-0.02197265625,-0.24609375,5.414499999999999
1.6946564885496183,-21.72519083969466,1.8931297709923665,-0.464111328125,-0.021484375,-0.2451171875,5.4162
1.5267175572519085,-21.52671755725191,1.618320610687023,-0.4609375,-0.0234375,-0.23974609375,5.4178999999999995
1.297709923664122,-21.31297709923664,1.6946564885496183,-0.464599609375,-0.023681640625,-0.240478515625,5.4196
1.3893129770992367,-21.221374045801525,1.6030534351145038,-0.458984375,-0.025634765625,-0.24658203125,5.4213
1.3893129770992367,-21.053435114503817,1.5725190839694656,-0.458984375,-0.02294921875,-0.244140625,5.423
1.633587786259542,-20.702290076335878,1.6488549618320612,-0.45751953125,-0.025634765625,-0.240966796875,5.4247
1.3587786259541985,-20.549618320610687,1.8778625954198473,-0.459228515625,-0.024658203125,-0.243408203125,5.4264
1.251908396946565,-20.47328244274809,1.5114503816793894,-0.459716796875,-0.021484375,-0.24267578125,5.4281
1.3282442748091603,-20.30534351145038,1.7709923664122138,-0.46240234375,-0.020751953125,-0.23291015625,5.429799999999999
1.297709923664122,-20.061068702290076,1.5725190839694656,-0.45703125,-0.02099609375,-0.239501953125,5.4315
1.3587786259541985,-19.87786259541985,1.6793893129770991,-0.459716796875,-0.019775390625,-0.24560546875,5.433199999999999
1.3893129770992367,-19.66412213740458,1.465648854961832,-0.46044921875,-0.017578125,-0.241943359375,5.4349
1.3435114503816794,-19.72519083969466,1.618320610687023,-0.4599609375,-0.021728515625,-0.242431640625,5.436599999999999
1.3129770992366412,-19.51145038167939,1.465648854961832,-0.4638671875,-0.02880859375,-0.249267578125,5.4383
1.2061068702290076,-19.251908396946565,1.6488549618320612,-0.458984375,-0.02392578125,-0.244873046875,5.4399999999999995
1.4809160305343512,-19.068702290076335,1.465648854961832,-0.46044921875,-0.02392578125,-0.24560546875,5.4417
1.4198473282442747,-18.778625954198475,1.618320610687023,-0.456787109375,-0.02294921875,-0.24755859375,5.4434
1.2213740458015268,-18.580152671755727,1.450381679389313,-0.457275390625,-0.018798828125,-0.239990234375,5.4451
1.465648854961832,-18.65648854961832,1.4961832061068703,-0.45751953125,-0.02001953125,-0.242919921875,5.4468
1.5572519083969465,-18.27480916030534,1.4045801526717556,-0.454345703125,-0.021484375,-0.240966796875,5.4485
1.3587786259541985,-18.091603053435115,1.2671755725190839,-0.4619140625,-0.0146484375,-0.24072265625,5.4502
1.633587786259542,-17.954198473282442,1.3740458015267176,-0.456298828125,-0.018798828125,-0.229248046875,5.451899999999999
1.6030534351145038,-17.81679389312977,1.3740458015267176,-0.460205078125,-0.018798828125,-0.242431640625,5.4536
1.6641221374045803,-17.72519083969466,1.099236641221374,-0.462646484375,-0.01611328125,-0.242431640625,5.455299999999999
1.6946564885496183,-17.64885496183206,1.4809160305343512,-0.45849609375,-0.01318359375,-0.240478515625,5.457
1.633587786259542,-17.435114503816795,1.2671755725190839,-0.462646484375,-0.011962890625,-0.232421875,5.458699999999999
1.816793893129771,-17.358778625954198,1.3129770992366412,-0.460693359375,-0.017578125,-0.241455078125,5.4604
2.015267175572519,-17.236641221374047,1.1603053435114503,-0.459228515625,-0.013671875,-0.235595703125,5.4620999999999995
1.8778625954198473,-16.885496183206108,1.0229007633587786,-0.456787109375,-0.01611328125,-0.23388671875,5.4638
1.7709923664122138,-16.900763358778626,0.7480916030534351,-0.462646484375,-0.016845703125,-0.240234375,5.4655
1.6641221374045803,-16.82442748091603,1.0534351145038168,-0.45263671875,-0.015869140625,-0.2314453125,5.4672
1.8473282442748091,-16.702290076335878,0.5954198473282443,-0.458740234375,-0.02099609375,-0.2333984375,5.4689
1.8625954198473282,-16.702290076335878,0.7938931297709924,-0.45458984375,-0.021728515625,-0.233642578125,5.4706
1.83206106870229,-16.625954198473284,0.5190839694656488,-0.455322265625,-0.01416015625,-0.23193359375,5.4723
2.030534351145038,-16.68702290076336,0.48854961832061067,-0.451416015625,-0.014892578125,-0.24072265625,5.473999999999999
2.122137404580153,-16.549618320610687,0.4580152671755725,-0.4541015625,-0.017822265625,-0.232421875,5.4757
1.984732824427481,-16.427480916030536,0.3816793893129771,-0.4560546875,-0.02294921875,-0.233154296875,5.477399999999999
1.8778625954198473,-16.38167938931298,0.2748091603053435,-0.4541015625,-0.012451171875,-0.22705078125,5.4791
2.0,-16.30534351145038,0.183206106870229,-0.455078125,-0.0185546875,-0.235107421875,5.4807999999999995
2.0763358778625953,-16.33587786259542,0.12213740458015267,-0.456787109375,-0.017578125,-0.237548828125,5.4825
2.183206106870229,-16.213740458015266,0.24427480916030533,-0.457763671875,-0.01416015625,-0.23046875,5.4841999999999995
2.366412213740458,-16.3206106870229,0.0916030534351145,-0.451171875,-0.018798828125,-0.237548828125,5.4859
2.213740458015267,-16.30534351145038,-0.015267175572519083,-0.45751953125,-0.015625,-0.237060546875,5.4876
2.16793893129771,-16.03053435114504,-0.33587786259541985,-0.453369140625,-0.017333984375,-0.23046875,5.4893
2.3053435114503817,-15.969465648854962,-0.3511450381679389,-0.44970703125,-0.01904296875,-0.23486328125,5.491
2.4122137404580153,-15.908396946564885,-0.366412213740458,-0.452392578125,-0.01220703125,-0.23046875,5.4927
2.4885496183206106,-16.106870229007633,-0.4580152671755725,-0.454345703125,-0.012939453125,-0.228515625,5.4944
2.3969465648854964,-16.03053435114504,-0.5801526717557252,-0.45703125,-0.015625,-0.228515625,5.496099999999999
2.351145038167939,-15.893129770992367,-0.3969465648854962,-0.458251953125,-0.02001953125,-0.226806640625,5.4978
2.4427480916030535,-16.061068702290076,-0.549618320610687,-0.45751953125,-0.016845703125,-0.231201171875,5.499499999999999
2.595419847328244,-15.969465648854962,-0.7175572519083969,-0.4560546875,-0.020263671875,-0.23046875,5.5012
2.4885496183206106,-15.84732824427481,-0.8244274809160306,-0.4560546875,-0.01318359375,-0.229736328125,5.5028999999999995
2.6717557251908395,-15.755725190839694,-0.7786259541984732,-0.45654296875,-0.013671875,-0.228515625,5.5046
2.564885496183206,-15.801526717557252,-0.8549618320610687,-0.461669921875,-0.011474609375,-0.22900390625,5.5062999999999995
2.7022900763358777,-15.648854961832061,-1.1450381679389312,-0.4599609375,-0.016357421875,-0.235107421875,5.508
2.4732824427480917,-15.694656488549619,-1.2213740458015268,-0.4599609375,-0.01318359375,-0.2275390625,5.5097
2.6717557251908395,-15.526717557251908,-0.8549618320610687,-0.45556640625,-0.017333984375,-0.223388671875,5.5114
2.931297709923664,-15.603053435114504,-1.251908396946565,-0.45361328125,-0.01611328125,-0.22802734375,5.5131
2.7938931297709924,-15.48091603053435,-1.282442748091603,-0.452880859375,-0.017333984375,-0.232421875,5.514799999999999
2.7022900763358777,-15.282442748091603,-1.3893129770992367,-0.456787109375,-0.016845703125,-0.2275390625,5.5165
2.6412213740458017,-15.297709923664122,-1.1755725190839694,-0.453857421875,-0.01806640625,-0.23779296875,5.518199999999999
2.6259541984732824,-15.068702290076336,-1.251908396946565,-0.458740234375,-0.0166015625,-0.221923828125,5.5199
2.717557251908397,-14.961832061068701,-1.5114503816793894,-0.462646484375,-0.012939453125,-0.227783203125,5.521599999999999
2.6564885496183206,-14.992366412213741,-1.5419847328244274,-0.46240234375,-0.0185546875,-0.223876953125,5.5233
2.7022900763358777,-14.885496183206106,-1.4351145038167938,-0.4560546875,-0.0234375,-0.225341796875,5.5249999999999995
2.9618320610687023,-14.870229007633588,-1.297709923664122,-0.456298828125,-0.0205078125,-0.217529296875,5.5267
2.9160305343511452,-14.732824427480915,-1.4198473282442747,-0.45556640625,-0.014404296875,-0.225830078125,5.5283999999999995
2.717557251908397,-14.702290076335878,-1.4198473282442747,-0.460205078125,-0.017333984375,-0.22021484375,5.5301
2.6412213740458017,-14.442748091603054,-1.4809160305343512,-0.463623046875,-0.02197265625,-0.22216796875,5.5318
2.931297709923664,-14.213740458015268,-1.3893129770992367,-0.457763671875,-0.015625,-0.222412109375,5.5335
3.053435114503817,-14.366412213740459,-1.5114503816793894,-0.46142578125,-0.014892578125,-0.22412109375,5.5352
3.0839694656488548,-14.13740458015267,-1.4809160305343512,-0.460205078125,-0.01513671875,-0.2294921875,5.536899999999999
2.8396946564885495,-13.938931297709924,-1.5267175572519085,-0.460205078125,-0.021728515625,-0.229248046875,5.5386
2.946564885496183,-13.86259541984733,-1.3282442748091603,-0.46142578125,-0.01220703125,-0.23291015625,5.540299999999999
2.763358778625954,-13.572519083969466,-1.4045801526717556,-0.462158203125,-0.025634765625,-0.22705078125,5.542
2.9618320610687023,-13.664122137404581,-1.3435114503816794,-0.460205078125,-0.025634765625,-0.225830078125,5.543699999999999
2.7480916030534353,-13.465648854961833,-1.5114503816793894,-0.45849609375,-0.017333984375,-0.222900390625,5.5454
2.9160305343511452,-13.587786259541986,-1.2366412213740459,-0.45703125,-0.015380859375,-0.2236328125,5.5470999999999995
2.717557251908397,-13.404580152671755,-1.0687022900763359,-0.46142578125,-0.021728515625,-0.225341796875,5.5488
3.099236641221374,-13.053435114503817,-1.2671755725190839,-0.46044921875,-0.0185546875,-0.225830078125,5.5504999999999995
3.0229007633587788,-12.961832061068701,-1.251908396946565,-0.461669921875,-0.018310546875,-0.2255859375,5.5522
2.8091603053435112,-12.931297709923664,-1.2671755725190839,-0.4619140625,-0.020263671875,-0.2197265625,5.5539
2.763358778625954,-13.007633587786259,-1.3587786259541985,-0.462890625,-0.01953125,-0.227294921875,5.5556
2.9618320610687023,-12.82442748091603,-1.2366412213740459,-0.45703125,-0.0224609375,-0.22998046875,5.5573
2.9770992366412212,-12.50381679389313,-1.1603053435114503,-0.4619140625,-0.021484375,-0.224365234375,5.558999999999999
2.931297709923664,-12.51908396946565,-1.099236641221374,-0.461181640625,-0.01953125,-0.229736328125,5.5607
2.8244274809160306,-12.335877862595419,-1.2213740458015268,-0.455322265625,-0.021240234375,-0.22314453125,5.562399999999999
2.900763358778626,-12.366412213740459,-1.083969465648855,-0.45849609375,-0.02001953125,-0.219482421875,5.5641
2.763358778625954,-12.396946564885496,-1.251908396946565,-0.45751953125,-0.018310546875,-0.21630859375,5.565799999999999
2.931297709923664,-12.229007633587786,-1.1450381679389312,-0.45263671875,-0.020263671875,-0.223388671875,5.5675
2.900763358778626,-12.122137404580153,-1.3129770992366412,-0.459716796875,-0.0185546875,-0.216796875,5.5691999999999995
2.7786259541984735,-12.030534351145038,-1.251908396946565,-0.464599609375,-0.018310546875,-0.22216796875,5.5709
2.6564885496183206,-12.01526717557252,-1.2671755725190839,-0.461669921875,-0.017578125,-0.22021484375,5.5725999999999996
2.885496183206107,-12.106870229007633,-1.3282442748091603,-0.456298828125,-0.020751953125,-0.21533203125,5.5743
2.854961832061069,-12.122137404580153,-1.2366412213740459,-0.452880859375,-0.01806640625,-0.219482421875,5.576
2.8702290076335877,-11.938931297709924,-1.2671755725190839,-0.455322265625,-0.02294921875,-0.221435546875,5.5777
2.763358778625954,-12.183206106870228,-1.282442748091603,-0.45458984375,-0.022216796875,-0.21923828125,5.5794
2.732824427480916,-12.030534351145038,-1.282442748091603,-0.451416015625,-0.02392578125,-0.216552734375,5.581099999999999
2.9618320610687023,-12.091603053435115,-1.4809160305343512,-0.450927734375,-0.02587890625,-0.214111328125,5.5828
2.8091603053435112,-12.13740458015267,-1.3587786259541985,-0.453857421875,-0.019287109375,-0.22216796875,5.584499999999999
2.6717557251908395,-12.076335877862595,-1.4045801526717556,-0.454833984375,-0.015380859375,-0.221435546875,5.5862
2.763358778625954,-12.488549618320612,-1.3129770992366412,-0.45361328125,-0.01953125,-0.217529296875,5.587899999999999
2.6717557251908395,-12.473282442748092,-1.4809160305343512,-0.4521484375,-0.021728515625,-0.2197265625,5.5896
2.885496183206107,-12.610687022900763,-1.2213740458015268,-0.447998046875,-0.01904296875,-0.220947265625,5.5912999999999995
2.6259541984732824,-12.488549618320612,-1.5267175572519085,-0.4521484375,-0.01611328125,-0.21826171875,5.593
2.732824427480916,-12.778625954198473,-1.5725190839694656,-0.44970703125,-0.018798828125,-0.22119140625,5.5947
2.717557251908397,-12.977099236641221,-1.5114503816793894,-0.452392578125,-0.018798828125,-0.226318359375,5.5964
2.8702290076335877,-12.931297709923664,-1.3740458015267176,-0.453369140625,-0.021484375,-0.2197265625,5.5981
2.6412213740458017,-13.022900763358779,-1.4351145038167938,-0.452392578125,-0.022216796875,-0.214111328125,5.5998
2.717557251908397,-13.19083969465649,-1.4809160305343512,-0.44580078125,-0.025146484375,-0.210693359375,5.6015
2.6564885496183206,-13.450381679389313,-1.7099236641221374,-0.44775390625,-0.019287109375,-0.218017578125,5.603199999999999
2.6717557251908395,-13.49618320610687,-1.297709923664122,-0.44970703125,-0.02392578125,-0.212646484375,5.6049
2.5801526717557253,-13.450381679389313,-1.633587786259542,-0.44921875,-0.01171875,-0.228271484375,5.606599999999999
2.4580152671755724,-13.587786259541986,-1.4961832061068703,-0.4482421875,-0.016357421875,-0.220703125,5.6083
2.366412213740458,-13.664122137404581,-1.5725190839694656,-0.44677734375,-0.021240234375,-0.2197265625,5.609999999999999
2.4427480916030535,-13.587786259541986,-1.3587786259541985,-0.447998046875,-0.020751953125,-0.211669921875,5.6117
2.4580152671755724,-13.587786259541986,-1.465648854961832,-0.450927734375,-0.021484375,-0.216796875,5.6133999999999995
2.2442748091603053,-13.83206106870229,-1.633587786259542,-0.4541015625,-0.021728515625,-0.223388671875,5.6151
2.33587786259542,-14.15267175572519,-1.6946564885496183,-0.447998046875,-0.019775390625,-0.218505859375,5.6168
2.4580152671755724,-14.259541984732824,-1.4351145038167938,-0.450439453125,-0.01806640625,-0.220703125,5.6185
2.3053435114503817,-14.183206106870228,-1.633587786259542,-0.44677734375,-0.024658203125,-0.20751953125,5.6202
2.1374045801526718,-14.274809160305344,-1.5419847328244274,-0.447998046875,-0.02099609375,-0.21240234375,5.6219
1.9083969465648856,-14.641221374045802,-2.0763358778625953,-0.44873046875,-0.0205078125,-0.211669921875,5.6236
2.198473282442748,-14.763358778625955,-1.7557251908396947,-0.45263671875,-0.019775390625,-0.22119140625,5.625299999999999
2.183206106870229,-14.82442748091603,-1.7709923664122138,-0.446044921875,-0.018798828125,-0.215087890625,5.627
2.1374045801526718,-14.854961832061068,-1.8931297709923665,-0.451171875,-0.022705078125,-0.225341796875,5.628699999999999
1.8625954198473282,-14.916030534351146,-1.9389312977099236,-0.455322265625,-0.02392578125,-0.2158203125,5.6304
1.9389312977099236,-14.916030534351146,-1.9236641221374047,-0.455078125,-0.02197265625,-0.21240234375,5.632099999999999
2.015267175572519,-15.053435114503817,-1.9541984732824427,-0.452392578125,-0.0205078125,-0.20654296875,5.6338
1.9083969465648856,-15.16030534351145,-2.0916030534351147,-0.456298828125,-0.01708984375,-0.216064453125,5.6354999999999995
1.8473282442748091,-14.977099236641221,-2.198473282442748,-0.4541015625,-0.02001953125,-0.21484375,5.6372
2.1068702290076335,-14.992366412213741,-2.183206106870229,-0.44873046875,-0.02001953125,-0.218017578125,5.6389
1.7709923664122138,-15.16030534351145,-2.3053435114503817,-0.456787109375,-0.020751953125,-0.21484375,5.6406
1.633587786259542,-15.053435114503817,-2.366412213740458,-0.455322265625,-0.02392578125,-0.22119140625,5.6423
1.6030534351145038,-15.022900763358779,-2.4122137404580153,-0.45263671875,-0.024658203125,-0.210205078125,5.644
1.8473282442748091,-14.931297709923664,-2.427480916030534,-0.463134765625,-0.021240234375,-0.21484375,5.6457
1.618320610687023,-15.129770992366412,-2.4427480916030535,-0.46044921875,-0.018310546875,-0.21337890625,5.647399999999999
1.786259541984733,-15.297709923664122,-2.595419847328244,-0.458251953125,-0.0224609375,-0.220458984375,5.6491
1.465648854961832,-14.946564885496183,-2.549618320610687,-0.462158203125,-0.022705078125,-0.21435546875,5.650799999999999
1.618320610687023,-15.099236641221374,-2.5801526717557253,-0.465576171875,-0.0205078125,-0.219482421875,5.6525
1.6030534351145038,-14.916030534351146,-2.6564885496183206,-0.463623046875,-0.022216796875,-0.21630859375,5.6541999999999994
1.4961832061068703,-14.854961832061068,-2.687022900763359,-0.4638671875,-0.024169921875,-0.217529296875,5.6559
1.6030534351145038,-14.687022900763358,-2.687022900763359,-0.46484375,-0.02197265625,-0.223388671875,5.6575999999999995
1.5114503816793894,-14.580152671755725,-2.9160305343511452,-0.4638671875,-0.020751953125,-0.20947265625,5.6593
1.618320610687023,-14.442748091603054,-3.0076335877862594,-0.459716796875,-0.019287109375,-0.2138671875,5.661
1.633587786259542,-14.183206106870228,-2.854961832061069,-0.467041015625,-0.022705078125,-0.2119140625,5.6627
1.5572519083969465,-14.198473282442748,-2.946564885496183,-0.464111328125,-0.020263671875,-0.212158203125,5.6644
1.2671755725190839,-13.86259541984733,-2.9160305343511452,-0.468994140625,-0.02685546875,-0.21044921875,5.666099999999999
1.3435114503816794,-13.740458015267176,-2.9923664122137406,-0.4658203125,-0.017333984375,-0.215087890625,5.6678
1.297709923664122,-13.541984732824428,-3.053435114503817,-0.466552734375,-0.01953125,-0.216552734375,5.669499999999999
1.297709923664122,-13.419847328244275,-3.1297709923664123,-0.46923828125,-0.016357421875,-0.21630859375,5.6712
1.3282442748091603,-13.099236641221374,-3.1755725190839694,-0.466552734375,-0.02001953125,-0.2109375,5.672899999999999
1.2671755725190839,-13.068702290076336,-3.236641221374046,-0.463134765625,-0.016845703125,-0.22412109375,5.6746
1.1755725190839694,-12.977099236641221,-3.053435114503817,-0.466796875,-0.019775390625,-0.218017578125,5.6762999999999995
1.0687022900763359,-12.793893129770993,-3.2213740458015265,-0.466064453125,-0.02197265625,-0.212158203125,5.678
0.8091603053435115,-12.67175572519084,-3.2519083969465647,-0.4638671875,-0.021240234375,-0.204833984375,5.6796999999999995
1.1908396946564885,-12.67175572519084,-3.267175572519084,-0.4638671875,-0.026123046875,-0.212158203125,5.6814
0.9312977099236641,-12.549618320610687,-3.267175572519084,-0.466064453125,-0.02880859375,-0.212890625,5.6831
1.0534351145038168,-12.381679389312977,-3.404580152671756,-0.458984375,-0.024169921875,-0.210693359375,5.6848
1.099236641221374,-12.229007633587786,-3.4198473282442747,-0.468505859375,-0.018798828125,-0.21435546875,5.6865
0.9007633587786259,-12.106870229007633,-3.7251908396946565,-0.466796875,-0.02099609375,-0.21630859375,5.688199999999999
0.8549618320610687,-11.83206106870229,-3.4656488549618323,-0.467041015625,-0.02294921875,-0.214599609375,5.6899
0.7175572519083969,-11.755725190839694,-3.6030534351145036,-0.472900390625,-0.0244140625,-0.212646484375,5.691599999999999
0.6412213740458015,-11.557251908396946,-3.618320610687023,-0.46728515625,-0.025634765625,-0.208251953125,5.6933
0.8244274809160306,-11.297709923664122,-3.5572519083969465,-0.46875,-0.022216796875,-0.2099609375,5.694999999999999
0.7633587786259542,-11.17557251908397,-3.801526717557252,-0.46728515625,-0.0244140625,-0.21337890625,5.6967
0.7633587786259542,-10.992366412213741,-3.786259541984733,-0.468994140625,-0.023193359375,-0.215087890625,5.6983999999999995
0.6106870229007634,-10.610687022900763,-3.8473282442748094,-0.46484375,-0.0185546875,-0.214111328125,5.7001
0.549618320610687,-10.549618320610687,-4.106870229007634,-0.4677734375,-0.02099609375,-0.206298828125,5.7017999999999995
0.7175572519083969,-10.412213740458014,-4.106870229007634,-0.467529296875,-0.023193359375,-0.21484375,5.7035
0.6106870229007634,-10.061068702290076,-4.106870229007634,-0.467529296875,-0.0224609375,-0.209228515625,5.7052
0.5801526717557252,-9.923664122137405,-4.198473282442748,-0.4697265625,-0.016845703125,-0.20263671875,5.7069
0.6412213740458015,-9.725190839694656,-4.091603053435114,-0.468505859375,-0.022216796875,-0.207275390625,5.7086
0.6870229007633588,-9.572519083969466,-4.351145038167939,-0.466552734375,-0.0185546875,-0.21240234375,5.710299999999999
0.5343511450381679,-9.267175572519085,-4.427480916030534,-0.468017578125,-0.018310546875,-0.216796875,5.712
0.4122137404580153,-9.19083969465649,-4.351145038167939,-0.4697265625,-0.022216796875,-0.210693359375,5.713699999999999
0.6259541984732825,-8.992366412213741,-4.488549618320611,-0.46826171875,-0.021484375,-0.20947265625,5.7154
0.732824427480916,-8.610687022900763,-4.412213740458015,-0.4716796875,-0.01904296875,-0.2080078125,5.717099999999999
0.6259541984732825,-8.396946564885496,-4.549618320610687,-0.468017578125,-0.013671875,-0.211669921875,5.7188
0.732824427480916,-8.030534351145038,-4.778625954198473,-0.474365234375,-0.018310546875,-0.214599609375,5.7204999999999995
0.7786259541984732,-7.938931297709924,-4.6106870229007635,-0.472900390625,-0.01953125,-0.20849609375,5.7222
0.7633587786259542,-7.847328244274809,-4.396946564885496,-0.471435546875,-0.01904296875,-0.20849609375,5.7238999999999995
0.7633587786259542,-7.175572519083969,-4.2748091603053435,-0.468994140625,-0.02197265625,-0.213134765625,5.7256
0.8702290076335878,-6.961832061068702,-4.473282442748092,-0.4755859375,-0.01904296875,-0.20751953125,5.7273
1.0076335877862594,-6.687022900763359,-4.320610687022901,-0.47705078125,-0.0185546875,-0.203857421875,5.729
1.0076335877862594,-6.290076335877862,-4.259541984732825,-0.47412109375,-0.0205078125,-0.2138671875,5.7307
0.9618320610687023,-6.015267175572519,-4.122137404580153,-0.474853515625,-0.020263671875,-0.203125,5.732399999999999
0.8854961832061069,-5.587786259541985,-4.198473282442748,-0.47216796875,-0.022216796875,-0.200439453125,5.7341
1.083969465648855,-5.3893129770992365,-4.061068702290076,-0.473388671875,-0.02197265625,-0.208251953125,5.735799999999999
0.9923664122137404,-5.00763358778626,-3.8931297709923665,-0.47509765625,-0.021484375,-0.213134765625,5.7375
1.1908396946564885,-4.549618320610687,-3.9083969465648853,-0.4736328125,-0.01806640625,-0.2109375,5.739199999999999
1.297709923664122,-4.33587786259542,-3.9389312977099236,-0.4697265625,-0.01611328125,-0.201171875,5.7409
1.450381679389313,-4.015267175572519,-3.633587786259542,-0.470703125,-0.021240234375,-0.204345703125,5.7425999999999995
1.4045801526717556,-3.6946564885496183,-3.618320610687023,-0.46533203125,-0.02197265625,-0.207763671875,5.7443
1.4198473282442747,-3.3282442748091605,-3.5877862595419847,-0.474609375,-0.0185546875,-0.20458984375,5.7459999999999996
1.3282442748091603,-3.236641221374046,-3.5877862595419847,-0.47607421875,-0.026123046875,-0.20458984375,5.7477
1.5267175572519085,-2.946564885496183,-3.282442748091603,-0.468994140625,-0.022705078125,-0.205810546875,5.7494
1.5877862595419847,-2.549618320610687,-3.236641221374046,-0.470458984375,-0.021728515625,-0.205078125,5.7511
1.633587786259542,-2.3053435114503817,-3.2061068702290076,-0.466064453125,-0.023193359375,-0.211669921875,5.7528
1.4351145038167938,-2.213740458015267,-3.2061068702290076,-0.465576171875,-0.02294921875,-0.203125,5.754499999999999
1.786259541984733,-1.9083969465648856,-2.854961832061069,-0.4658203125,-0.023193359375,-0.2080078125,5.7562
1.6641221374045803,-1.786259541984733,-3.114503816793893,-0.4697265625,-0.0224609375,-0.2060546875,5.757899999999999
1.8473282442748091,-1.6793893129770991,-2.8244274809160306,-0.466064453125,-0.02001953125,-0.210693359375,5.7596
1.6030534351145038,-1.5267175572519085,-2.732824427480916,-0.465087890625,-0.017578125,-0.2060546875,5.761299999999999
1.8015267175572518,-1.297709923664122,-2.5343511450381677,-0.466552734375,-0.0205078125,-0.205810546875,5.763
1.9694656488549618,-1.282442748091603,-2.5343511450381677,-0.465087890625,-0.02001953125,-0.205810546875,5.7646999999999995
2.045801526717557,-1.2213740458015268,-2.3053435114503817,-0.4638671875,-0.019775390625,-0.197509765625,5.7664
1.984732824427481,-0.916030534351145,-2.3969465648854964,-0.465576171875,-0.016845703125,-0.195068359375,5.7681
1.8473282442748091,-0.9465648854961832,-2.122137404580153,-0.4638671875,-0.021728515625,-0.2021484375,5.7698
2.045801526717557,-1.0076335877862594,-2.0916030534351147,-0.460693359375,-0.029052734375,-0.201416015625,5.7715
2.0763358778625953,-0.8091603053435115,-1.8778625954198473,-0.460693359375,-0.025634765625,-0.20458984375,5.7732
2.183206106870229,-0.7022900763358778,-1.8625954198473282,-0.466552734375,-0.0234375,-0.203857421875,5.7749
2.2900763358778624,-0.8549618320610687,-1.83206106870229,-0.463134765625,-0.020263671875,-0.203125,5.776599999999999
2.351145038167939,-0.7175572519083969,-1.6946564885496183,-0.4619140625,-0.017333984375,-0.207763671875,5.7783
2.2900763358778624,-0.8702290076335878,-1.465648854961832,-0.462890625,-0.020263671875,-0.202880859375,5.779999999999999
2.4427480916030535,-0.7022900763358778,-1.5114503816793894,-0.46484375,-0.020263671875,-0.19970703125,5.7817
2.564885496183206,-0.7022900763358778,-1.297709923664122,-0.461669921875,-0.01513671875,-0.199462890625,5.783399999999999
2.5801526717557253,-0.7175572519083969,-1.251908396946565,-0.465576171875,-0.02734375,-0.1943359375,5.7851
2.50381679389313,-0.5343511450381679,-0.9923664122137404,-0.461181640625,-0.02734375,-0.200439453125,5.7867999999999995
2.564885496183206,-0.5801526717557252,-0.8702290076335878,-0.464111328125,-0.021484375,-0.205810546875,5.7885
2.564885496183206,-0.6106870229007634,-0.549618320610687,-0.46337890625,-0.023681640625,-0.209228515625,5.7902
2.6564885496183206,-0.5190839694656488,-0.732824427480916,-0.462646484375,-0.0224609375,-0.20166015625,5.7919
2.4427480916030535,-0.4122137404580153,-0.5190839694656488,-0.464599609375,-0.02734375,-0.195068359375,5.7936
2.564885496183206,-0.48854961832061067,-0.3816793893129771,-0.45947265625,-0.0234375,-0.202880859375,5.7953
2.7022900763358777,-0.4122137404580153,-0.1984732824427481,-0.4619140625,-0.019287109375,-0.203369140625,5.797
2.8091603053435112,-0.4122137404580153,-0.33587786259541985,-0.459228515625,-0.024169921875,-0.2060546875,5.798699999999999
2.595419847328244,-0.32061068702290074,-0.1984732824427481,-0.46337890625,-0.02392578125,-0.200927734375,5.8004
2.7022900763358777,-0.366412213740458,-0.3511450381679389,-0.456298828125,-0.0283203125,-0.21240234375,5.802099999999999
2.5801526717557253,-0.3969465648854962,0.10687022900763359,-0.46435546875,-0.02392578125,-0.20849609375,5.8038
2.7786259541984735,-0.3053435114503817,0.015267175572519083,-0.45849609375,-0.022705078125,-0.202392578125,5.805499999999999
2.7480916030534353,-0.2595419847328244,0.3053435114503817,-0.46142578125,-0.02392578125,-0.20068359375,5.8072
2.7786259541984735,-0.3053435114503817,0.0,-0.4619140625,-0.025634765625,-0.20263671875,5.8088999999999995
2.7786259541984735,-0.33587786259541985,0.04580152671755725,-0.46337890625,-0.027099609375,-0.209228515625,5.8106
2.6717557251908395,-0.21374045801526717,0.10687022900763359,-0.4638671875,-0.0205078125,-0.2158203125,5.8123
2.763358778625954,-0.015267175572519083,0.4732824427480916,-0.46240234375,-0.019775390625,-0.20263671875,5.814
2.717557251908397,-0.030534351145038167,0.3816793893129771,-0.467529296875,-0.0224609375,-0.19140625,5.8157
2.6259541984732824,-0.07633587786259542,0.5190839694656488,-0.4619140625,-0.0283203125,-0.195556640625,5.817399999999999
2.4732824427480917,-0.0916030534351145,0.5801526717557252,-0.45849609375,-0.0283203125,-0.206298828125,5.8191
2.687022900763359,0.0,0.7633587786259542,-0.454345703125,-0.02294921875,-0.2060546875,5.820799999999999
2.595419847328244,0.0,0.4732824427480916,-0.45947265625,-0.023193359375,-0.1953125,5.8225
2.427480916030534,0.12213740458015267,0.8244274809160306,-0.4638671875,-0.0224609375,-0.2001953125,5.824199999999999
2.4427480916030535,0.030534351145038167,0.5954198473282443,-0.462890625,-0.027587890625,-0.206787109375,5.8259
2.4580152671755724,0.183206106870229,0.7633587786259542,-0.46533203125,-0.021728515625,-0.204833984375,5.8275999999999994
2.4122137404580153,0.3053435114503817,0.8091603053435115,-0.463134765625,-0.023681640625,-0.211669921875,5.8293
2.4732824427480917,0.4122137404580153,0.8854961832061069,-0.462890625,-0.024658203125,-0.201416015625,5.8309999999999995
2.4885496183206106,0.48854961832061067,0.6564885496183206,-0.46142578125,-0.015869140625,-0.198974609375,5.8327
2.030534351145038,0.7022900763358778,0.8244274809160306,-0.462890625,-0.0205078125,-0.198486328125,5.8344
2.381679389312977,0.7938931297709924,0.9465648854961832,-0.460693359375,-0.02392578125,-0.20751953125,5.8361
2.2290076335877864,0.6412213740458015,1.1755725190839694,-0.464111328125,-0.029296875,-0.20458984375,5.8378
2.2442748091603053,0.7022900763358778,0.9312977099236641,-0.46240234375,-0.0263671875,-0.212890625,5.839499999999999
2.045801526717557,0.9923664122137404,1.0229007633587786,-0.460205078125,-0.025146484375,-0.198486328125,5.8412
2.045801526717557,0.9770992366412213,0.8702290076335878,-0.464599609375,-0.026123046875,-0.204345703125,5.842899999999999
2.213740458015267,1.0687022900763359,1.0229007633587786,-0.4619140625,-0.025146484375,-0.2080078125,5.8446
2.045801526717557,1.0381679389312977,1.0534351145038168,-0.460693359375,-0.0234375,-0.203857421875,5.846299999999999
1.9083969465648856,1.0381679389312977,1.1603053435114503,-0.46435546875,-0.026123046875,-0.1962890625,5.848
1.8625954198473282,1.099236641221374,0.9618320610687023,-0.46044921875,-0.0224609375,-0.208984375,5.8496999999999995
1.8778625954198473,1.5419847328244274,1.0076335877862594,-0.46484375,-0.024169921875,-0.19873046875,5.8514
1.6641221374045803,1.465648854961832,1.0076335877862594,-0.458251953125,-0.024169921875,-0.2021484375,5.8530999999999995
1.7099236641221374,1.5114503816793894,1.3893129770992367,-0.46240234375,-0.027099609375,-0.21044921875,5.8548
1.6488549618320612,1.4809160305343512,1.1603053435114503,-0.46337890625,-0.02294921875,-0.20458984375,5.8565
1.4198473282442747,1.5572519083969465,0.9923664122137404,-0.462158203125,-0.029541015625,-0.203369140625,5.8582
1.5267175572519085,1.450381679389313,1.083969465648855,-0.465087890625,-0.029541015625,-0.2041015625,5.8599
1.3587786259541985,1.7099236641221374,1.0229007633587786,-0.458740234375,-0.025146484375,-0.2041015625,5.861599999999999
1.1145038167938932,1.633587786259542,1.0381679389312977,-0.45849609375,-0.02392578125,-0.2109375,5.8633
1.3282442748091603,1.6946564885496183,1.1297709923664123,-0.46240234375,-0.029052734375,-0.211669921875,5.864999999999999
0.9465648854961832,1.8473282442748091,0.8396946564885496,-0.4619140625,-0.02783203125,-0.202392578125,5.8667
0.9618320610687023,1.6793893129770991,0.8396946564885496,-0.458740234375,-0.02783203125,-0.205810546875,5.868399999999999
0.916030534351145,1.7709923664122138,0.8244274809160306,-0.462158203125,-0.02392578125,-0.19970703125,5.8701
0.9465648854961832,1.9389312977099236,0.8549618320610687,-0.458740234375,-0.0205078125,-0.2021484375,5.8717999999999995
0.8702290076335878,1.9236641221374047,0.9770992366412213,-0.4580078125,-0.02490234375,-0.203125,5.8735
0.6259541984732825,1.7404580152671756,0.9007633587786259,-0.4609375,-0.024169921875,-0.194580078125,5.8751999999999995
0.5954198473282443,2.030534351145038,0.8549618320610687,-0.4599609375,-0.0244140625,-0.201416015625,5.8769
0.549618320610687,2.045801526717557,0.8549618320610687,-0.461181640625,-0.02783203125,-0.208984375,5.8786
0.7175572519083969,2.0916030534351147,0.6717557251908397,-0.458740234375,-0.02587890625,-0.20947265625,5.8803
0.5190839694656488,1.9236641221374047,0.6717557251908397,-0.462158203125,-0.022216796875,-0.20458984375,5.882
0.4732824427480916,1.9236641221374047,0.732824427480916,-0.459228515625,-0.024169921875,-0.20263671875,5.883699999999999
0.2748091603053435,2.1526717557251906,0.732824427480916,-0.462646484375,-0.022216796875,-0.204345703125,5.8854
0.030534351145038167,2.0610687022900764,0.6106870229007634,-0.45849609375,-0.030029296875,-0.200439453125,5.887099999999999
0.32061068702290074,1.7557251908396947,0.6106870229007634,-0.462890625,-0.02734375,-0.205322265625,5.8888
0.0,1.9694656488549618,0.44274809160305345,-0.463134765625,-0.025390625,-0.199951171875,5.890499999999999
-0.16793893129770993,2.0916030534351147,0.5954198473282443,-0.461669921875,-0.023681640625,-0.19873046875,5.8922
-0.030534351145038167,1.984732824427481,0.5038167938931297,-0.462158203125,-0.025146484375,-0.2109375,5.8938999999999995
-0.16793893129770993,1.9541984732824427,0.32061068702290074,-0.45654296875,-0.025390625,-0.206298828125,5.8956
-0.16793893129770993,2.122137404580153,0.5038167938931297,-0.4609375,-0.024658203125,-0.19921875,5.8972999999999995
-0.5038167938931297,1.984732824427481,0.42748091603053434,-0.458984375,-0.025634765625,-0.206298828125,5.899
-0.3816793893129771,2.2900763358778624,0.2900763358778626,-0.46337890625,-0.025146484375,-0.203857421875,5.9007
-0.6259541984732825,2.50381679389313,0.33587786259541985,-0.459716796875,-0.020751953125,-0.206298828125,5.9024
-0.7175572519083969,2.3969465648854964,0.5190839694656488,-0.459716796875,-0.025146484375,-0.199462890625,5.9041
-0.7022900763358778,2.519083969465649,0.3969465648854962,-0.466064453125,-0.01953125,-0.20361328125,5.905799999999999
-0.8702290076335878,2.4732824427480917,0.3053435114503817,-0.4677734375,-0.021728515625,-0.203369140625,5.9075
-0.8396946564885496,2.519083969465649,0.2748091603053435,-0.462890625,-0.027587890625,-0.202392578125,5.909199999999999
-1.1603053435114503,2.549618320610687,0.4122137404580153,-0.46435546875,-0.023681640625,-0.20458984375,5.9109
-1.3587786259541985,2.717557251908397,0.4732824427480916,-0.467529296875,-0.02490234375,-0.205322265625,5.912599999999999
-1.2061068702290076,2.7480916030534353,0.42748091603053434,-0.466552734375,-0.02392578125,-0.203369140625,5.9143
-1.3740458015267176,2.6717557251908395,0.3511450381679389,-0.4619140625,-0.0283203125,-0.206787109375,5.9159999999999995
-1.5267175572519085,2.6717557251908395,0.32061068702290074,-0.463134765625,-0.022705078125,-0.2080078125,5.9177
-1.5114503816793894,2.7786259541984735,0.22900763358778625,-0.462646484375,-0.02392578125,-0.20703125,5.9193999999999996
-1.6488549618320612,2.6259541984732824,0.366412213740458,-0.4658203125,-0.02294921875,-0.209716796875,5.9211
-1.7709923664122138,2.885496183206107,0.2595419847328244,-0.46240234375,-0.02587890625,-0.201171875,5.9228
-1.83206106870229,2.8244274809160306,0.366412213740458,-0.463134765625,-0.024169921875,-0.200439453125,5.9245
-1.7557251908396947,2.8244274809160306,0.33587786259541985,-0.4619140625,-0.0224609375,-0.206298828125,5.9262
-1.9694656488549618,2.9770992366412212,0.10687022900763359,-0.4619140625,-0.02490234375,-0.200927734375,5.927899999999999
-1.7404580152671756,2.854961832061069,0.04580152671755725,-0.46337890625,-0.0224609375,-0.212158203125,5.9296
-2.045801526717557,2.946564885496183,0.16793893129770993,-0.462158203125,-0.01904296875,-0.20703125,5.931299999999999
-1.9389312977099236,2.9770992366412212,0.10687022900763359,-0.45751953125,-0.021484375,-0.206787109375,5.933
-2.0763358778625953,3.1908396946564888,0.2748091603053435,-0.458984375,-0.021484375,-0.20361328125,5.934699999999999
-2.198473282442748,3.1603053435114505,0.183206106870229,-0.466064453125,-0.01904296875,-0.205322265625,5.9364
-2.213740458015267,2.931297709923664,0.12213740458015267,-0.46142578125,-0.0146484375,-0.20166015625,5.9380999999999995
-2.2900763358778624,2.9160305343511452,0.10687022900763359,-0.4619140625,-0.020263671875,-0.199462890625,5.9398
-2.030534351145038,3.053435114503817,0.030534351145038167,-0.455078125,-0.01513671875,-0.204345703125,5.9415
-2.122137404580153,3.0839694656488548,-0.0916030534351145,-0.45556640625,-0.01513671875,-0.20166015625,5.9432
-2.3206106870229006,3.2061068702290076,-0.12213740458015267,-0.458740234375,-0.01513671875,-0.2060546875,5.9449
-2.366412213740458,3.099236641221374,-0.12213740458015267,-0.454833984375,-0.0146484375,-0.202880859375,5.9466
-2.0916030534351147,3.068702290076336,-0.07633587786259542,-0.45361328125,-0.01953125,-0.206787109375,5.9483
-2.1526717557251906,3.0839694656488548,-0.33587786259541985,-0.458740234375,-0.014892578125,-0.206787109375,5.949999999999999
-2.213740458015267,3.099236641221374,-0.3969465648854962,-0.4580078125,-0.01904296875,-0.2021484375,5.9517
-2.1526717557251906,3.1297709923664123,-0.4732824427480916,-0.45263671875,-0.014892578125,-0.197265625,5.953399999999999
-2.0916030534351147,3.282442748091603,-0.5801526717557252,-0.455322265625,-0.0185546875,-0.21044921875,5.9551
-2.0,3.282442748091603,-0.9007633587786259,-0.453857421875,-0.019287109375,-0.210693359375,5.956799999999999
-1.984732824427481,3.2977099236641223,-0.7938931297709924,-0.45556640625,-0.01123046875,-0.20263671875,5.9585
-1.8931297709923665,3.4198473282442747,-1.1450381679389312,-0.45654296875,-0.017578125,-0.2060546875,5.9601999999999995
-1.8625954198473282,3.404580152671756,-1.2061068702290076,-0.45361328125,-0.011474609375,-0.208984375,5.9619
-1.618320610687023,3.3282442748091605,-1.4045801526717556,-0.454833984375,-0.0126953125,-0.2119140625,5.9636
-1.5572519083969465,3.3435114503816794,-1.4198473282442747,-0.453857421875,-0.01318359375,-0.204833984375,5.9653
-1.4809160305343512,3.4198473282442747,-1.8625954198473282,-0.453857421875,-0.01806640625,-0.204345703125,5.967
-1.1297709923664123,3.435114503816794,-1.8473282442748091,-0.455322265625,-0.014404296875,-0.213623046875,5.968699999999999
-1.1908396946564885,3.3587786259541983,-2.0916030534351147,-0.454345703125,-0.014892578125,-0.2060546875,5.9704
-1.0229007633587786,3.3435114503816794,-2.1374045801526718,-0.458984375,-0.015869140625,-0.205322265625,5.972099999999999
-0.9923664122137404,3.3740458015267176,-2.50381679389313,-0.45458984375,-0.015625,-0.209228515625,5.9738
-0.7022900763358778,3.1755725190839694,-2.549618320610687,-0.4560546875,-0.014892578125,-0.19775390625,5.975499999999999
-0.6259541984732825,3.236641221374046,-2.7022900763358777,-0.454833984375,-0.013671875,-0.202880859375,5.9772
-0.3511450381679389,3.145038167938931,-2.8702290076335877,-0.455078125,-0.010986328125,-0.20849609375,5.978899999999999
-0.33587786259541985,2.9770992366412212,-2.7938931297709924,-0.458251953125,-0.019287109375,-0.19970703125,5.9806
-0.2748091603053435,3.114503816793893,-2.9618320610687023,-0.451416015625,-0.017333984375,-0.203857421875,5.9822999999999995
0.061068702290076333,3.1297709923664123,-3.0229007633587788,-0.45458984375,-0.013916015625,-0.20947265625,5.984
-0.04580152671755725,3.0381679389312977,-3.1297709923664123,-0.450927734375,-0.020263671875,-0.2109375,5.9857
0.0916030534351145,3.099236641221374,-3.1297709923664123,-0.457275390625,-0.015625,-0.20458984375,5.9874
0.2900763358778626,3.053435114503817,-3.145038167938931,-0.456298828125,-0.0126953125,-0.206298828125,5.9891
0.24427480916030533,3.099236641221374,-3.236641221374046,-0.461181640625,-0.01123046875,-0.2119140625,5.990799999999999
0.7786259541984732,3.0076335877862594,-3.1297709923664123,-0.456298828125,-0.014404296875,-0.207763671875,5.9925
0.9923664122137404,2.9770992366412212,-3.435114503816794,-0.46337890625,-0.01513671875,-0.206298828125,5.994199999999999
0.9465648854961832,2.8702290076335877,-3.267175572519084,-0.45947265625,-0.0126953125,-0.209716796875,5.9959
0.9465648854961832,3.114503816793893,-3.3282442748091605,-0.457763671875,-0.012939453125,-0.21044921875,5.997599999999999
1.0229007633587786,2.9923664122137406,-3.282442748091603,-0.45556640625,-0.01416015625,-0.20458984375,5.9993
1.2366412213740459,3.114503816793893,-3.5267175572519083,-0.45556640625,-0.012451171875,-0.208740234375,6.0009999999999994
1.4351145038167938,2.854961832061069,-3.267175572519084,-0.455078125,-0.013427734375,-0.208740234375,6.0027
1.5725190839694656,2.8396946564885495,-3.2213740458015265,-0.448974609375,-0.01806640625,-0.214111328125,6.0043999999999995
1.450381679389313,2.946564885496183,-3.1755725190839694,-0.4521484375,-0.013671875,-0.218505859375,6.0061
1.6641221374045803,2.8702290076335877,-3.2213740458015265,-0.4609375,-0.01953125,-0.208740234375,6.0078
1.7557251908396947,2.732824427480916,-3.1297709923664123,-0.455322265625,-0.017578125,-0.206298828125,6.0095
1.9236641221374047,2.8091603053435112,-2.9923664122137406,-0.45849609375,-0.019287109375,-0.20458984375,6.0112
1.9541984732824427,2.8396946564885495,-3.068702290076336,-0.455322265625,-0.013671875,-0.208251953125,6.012899999999999
2.2748091603053435,2.717557251908397,-2.9618320610687023,-0.4541015625,-0.01318359375,-0.21044921875,6.0146
2.213740458015267,2.5343511450381677,-2.885496183206107,-0.457275390625,-0.01416015625,-0.203369140625,6.016299999999999
2.2442748091603053,2.351145038167939,-2.717557251908397,-0.4560546875,-0.012451171875,-0.202392578125,6.018
2.4427480916030535,2.564885496183206,-2.6106870229007635,-0.453369140625,-0.019287109375,-0.208251953125,6.019699999999999
2.2442748091603053,2.3969465648854964,-2.6564885496183206,-0.455322265625,-0.010986328125,-0.20947265625,6.0214
2.3969465648854964,2.2900763358778624,-2.4427480916030535,-0.45556640625,-0.019775390625,-0.20556640625,6.0230999999999995
2.5343511450381677,2.351145038167939,-2.4427480916030535,-0.45263671875,-0.015380859375,-0.20458984375,6.0248
2.564885496183206,2.2900763358778624,-2.519083969465649,-0.456298828125,-0.017578125,-0.2041015625,6.0264999999999995
2.4885496183206106,2.3053435114503817,-2.50381679389313,-0.4541015625,-0.018798828125,-0.21826171875,6.0282
2.7480916030534353,2.0916030534351147,-2.198473282442748,-0.4580078125,-0.014892578125,-0.215576171875,6.0299
2.946564885496183,2.1526717557251906,-2.366412213740458,-0.461181640625,-0.0146484375,-0.210693359375,6.0316
2.854961832061069,1.9389312977099236,-2.0916030534351147,-0.4501953125,-0.02001953125,-0.218505859375,6.0333
2.8396946564885495,1.8625954198473282,-1.9236641221374047,-0.453857421875,-0.017822265625,-0.212158203125,6.034999999999999
2.6564885496183206,1.7709923664122138,-2.030534351145038,-0.453125,-0.01318359375,-0.2080078125,6.0367
3.053435114503817,1.9083969465648856,-1.9694656488549618,-0.455322265625,-0.017578125,-0.20751953125,6.038399999999999
3.0839694656488548,1.6793893129770991,-1.984732824427481,-0.458984375,-0.01904296875,-0.207763671875,6.0401
2.931297709923664,1.7251908396946565,-1.9083969465648856,-0.459228515625,-0.01611328125,-0.20458984375,6.041799999999999
3.0076335877862594,1.786259541984733,-1.8473282442748091,-0.458740234375,-0.01171875,-0.21142578125,6.0435
3.2519083969465647,1.7099236641221374,-1.7251908396946565,-0.452392578125,-0.015869140625,-0.2080078125,6.0451999999999995
3.068702290076336,1.6793893129770991,-1.9083969465648856,-0.45556640625,-0.018310546875,-0.21923828125,6.0469
3.2061068702290076,1.5877862595419847,-1.6793893129770991,-0.45703125,-0.015625,-0.21044921875,6.0485999999999995
3.2213740458015265,1.9389312977099236,-1.7557251908396947,-0.45361328125,-0.019775390625,-0.215576171875,6.0503
3.2977099236641223,1.9236641221374047,-1.6030534351145038,-0.452880859375,-0.0205078125,-0.20947265625,6.052
3.267175572519084,1.7099236641221374,-1.633587786259542,-0.459228515625,-0.016357421875,-0.197021484375,6.0537
3.2519083969465647,1.6641221374045803,-1.6641221374045803,-0.45751953125,-0.0166015625,-0.21240234375,6.0554
3.2519083969465647,1.6793893129770991,-1.6793893129770991,-0.455078125,-0.016845703125,-0.20703125,6.057099999999999
3.3893129770992365,1.618320610687023,-1.8931297709923665,-0.4560546875,-0.017578125,-0.21142578125,6.0588
3.2519083969465647,1.5877862595419847,-1.816793893129771,-0.45751953125,-0.015869140625,-0.213134765625,6.060499999999999
3.145038167938931,1.4351145038167938,-1.7251908396946565,-0.458251953125,-0.017333984375,-0.20947265625,6.0622
3.145038167938931,1.450381679389313,-1.7557251908396947,-0.460205078125,-0.01708984375,-0.2021484375,6.063899999999999
3.2977099236641223,1.3435114503816794,-1.6793893129770991,-0.45703125,-0.019287109375,-0.2109375,6.0656
3.4198473282442747,1.3129770992366412,-1.6641221374045803,-0.460693359375,-0.01904296875,-0.2099609375,6.0672999999999995
3.5267175572519083,1.465648854961832,-1.6946564885496183,-0.456298828125,-0.017333984375,-0.203125,6.069
3.6030534351145036,1.450381679389313,-1.5267175572519085,-0.457275390625,-0.011474609375,-0.212890625,6.0706999999999995
3.404580152671756,1.3587786259541985,-1.7099236641221374,-0.457763671875,-0.015625,-0.207763671875,6.0724
3.236641221374046,1.3129770992366412,-1.7709923664122138,-0.45703125,-0.020751953125,-0.2041015625,6.0741
3.282442748091603,1.5877862595419847,-1.6488549618320612,-0.4599609375,-0.02099609375,-0.206298828125,6.0758
3.3282442748091605,1.618320610687023,-1.7404580152671756,-0.456298828125,-0.016845703125,-0.20849609375,6.0775
3.1297709923664123,1.7251908396946565,-1.816793893129771,-0.461181640625,-0.019775390625,-0.211669921875,6.079199999999999
3.1603053435114505,1.618320610687023,-1.8625954198473282,-0.46337890625,-0.01611328125,-0.20068359375,6.0809
3.1908396946564888,1.4809160305343512,-1.8015267175572518,-0.463134765625,-0.018310546875,-0.212646484375,6.082599999999999
3.267175572519084,1.7557251908396947,-1.9083969465648856,-0.462646484375,-0.0234375,-0.2216796875,6.0843
3.3740458015267176,1.7404580152671756,-2.0916030534351147,-0.461181640625,-0.0185546875,-0.20458984375,6.085999999999999
3.145038167938931,1.7099236641221374,-2.030534351145038,-0.45849609375,-0.02294921875,-0.205810546875,6.0877
3.2061068702290076,1.7557251908396947,-2.1068702290076335,-0.46337890625,-0.020751953125,-0.20849609375,6.0893999999999995
3.3587786259541983,1.8931297709923665,-2.0916030534351147,-0.46240234375,-0.021728515625,-0.20166015625,6.0911
3.282442748091603,1.8015267175572518,-1.9236641221374047,-0.4560546875,-0.0166015625,-0.208251953125,6.0927999999999995
3.3435114503816794,1.7557251908396947,-2.0916030534351147,-0.458740234375,-0.01708984375,-0.217041015625,6.0945
3.3435114503816794,1.7709923664122138,-2.3969465648854964,-0.454833984375,-0.01904296875,-0.212158203125,6.0962
3.3435114503816794,1.9389312977099236,-2.122137404580153,-0.459716796875,-0.016845703125,-0.206787109375,6.0979
3.0381679389312977,1.8625954198473282,-2.366412213740458,-0.462158203125,-0.026611328125,-0.196533203125,6.0996
3.0839694656488548,1.7404580152671756,-2.3206106870229006,-0.458984375,-0.02294921875,-0.2060546875,6.101299999999999
3.4198473282442747,1.9389312977099236,-2.3053435114503817,-0.459716796875,-0.017333984375,-0.207275390625,6.103
3.1755725190839694,1.8625954198473282,-2.5343511450381677,-0.462158203125,-0.020263671875,-0.20751953125,6.104699999999999
3.1908396946564888,1.7404580152671756,-2.6717557251908395,-0.455322265625,-0.01513671875,-0.20703125,6.1064
3.145038167938931,1.8931297709923665,-2.687022900763359,-0.462646484375,-0.015625,-0.2041015625,6.108099999999999
3.2213740458015265,1.8473282442748091,-2.900763358778626,-0.4619140625,-0.022705078125,-0.205078125,6.1098
3.312977099236641,1.9389312977099236,-2.8244274809160306,-0.459716796875,-0.02783203125,-0.20703125,6.1114999999999995
3.282442748091603,1.8778625954198473,-2.9618320610687023,-0.457275390625,-0.0234375,-0.21044921875,6.1132
3.145038167938931,1.8625954198473282,-3.1603053435114505,-0.4560546875,-0.023681640625,-0.2021484375,6.1149
3.0229007633587788,1.8778625954198473,-3.236641221374046,-0.460205078125,-0.021728515625,-0.2021484375,6.1166
3.1908396946564888,2.045801526717557,-3.3740458015267176,-0.458740234375,-0.021240234375,-0.208251953125,6.1183
3.267175572519084,1.83206106870229,-3.3282442748091605,-0.454833984375,-0.017578125,-0.207763671875,6.119999999999999
2.9618320610687023,1.7404580152671756,-3.404580152671756,-0.457763671875,-0.01806640625,-0.210693359375,6.1217
3.2061068702290076,1.9389312977099236,-3.572519083969466,-0.456787109375,-0.01806640625,-0.205078125,6.123399999999999
3.053435114503817,1.8931297709923665,-3.8473282442748094,-0.453369140625,-0.01611328125,-0.19970703125,6.1251
3.1755725190839694,2.213740458015267,-3.7557251908396947,-0.46240234375,-0.017822265625,-0.20556640625,6.126799999999999
3.1297709923664123,2.0,-3.6793893129770994,-0.462646484375,-0.025146484375,-0.2119140625,6.1285
3.282442748091603,2.122137404580153,-3.5419847328244276,-0.458984375,-0.023193359375,-0.20263671875,6.130199999999999
3.1603053435114505,2.1374045801526718,-4.122137404580153,-0.45849609375,-0.025634765625,-0.20947265625,6.1319
3.2213740458015265,2.1526717557251906,-4.106870229007634,-0.4609375,-0.01904296875,-0.205078125,6.1335999999999995
3.1297709923664123,2.122137404580153,-4.0458015267175576,-0.45947265625,-0.020751953125,-0.19921875,6.1353
3.1297709923664123,2.4122137404580153,-3.954198473282443,-0.45849609375,-0.020263671875,-0.21484375,6.137
3.1755725190839694,2.3053435114503817,-4.137404580152672,-0.45703125,-0.021728515625,-0.205322265625,6.1387
3.2977099236641223,2.351145038167939,-4.229007633587786,-0.458251953125,-0.026611328125,-0.207275390625,6.1404
3.0076335877862594,2.2900763358778624,-4.259541984732825,-0.458740234375,-0.0234375,-0.2021484375,6.142099999999999
2.931297709923664,2.2595419847328246,-4.213740458015267,-0.458740234375,-0.0205078125,-0.204833984375,6.1438
3.099236641221374,2.2900763358778624,-4.229007633587786,-0.46142578125,-0.021728515625,-0.20263671875,6.145499999999999
3.2061068702290076,2.3053435114503817,-4.366412213740458,-0.4619140625,-0.024658203125,-0.21044921875,6.1472
3.3587786259541983,2.50381679389313,-4.5038167938931295,-0.46533203125,-0.02099609375,-0.21044921875,6.148899999999999
3.1603053435114505,2.687022900763359,-4.396946564885496,-0.461669921875,-0.025634765625,-0.20556640625,6.1506
3.0839694656488548,2.7022900763358777,-4.549618320610687,-0.465087890625,-0.0234375,-0.2099609375,6.152299999999999
3.1908396946564888,2.7022900763358777,-4.427480916030534,-0.4599609375,-0.015869140625,-0.2177734375,6.154
3.236641221374046,2.763358778625954,-4.580152671755725,-0.4619140625,-0.0244140625,-0.211669921875,6.1556999999999995
3.1297709923664123,2.9618320610687023,-4.519083969465649,-0.45947265625,-0.025146484375,-0.20703125,6.1574
3.3435114503816794,3.099236641221374,-4.534351145038168,-0.458740234375,-0.02734375,-0.2109375,6.1591
3.3587786259541983,3.1755725190839694,-4.366412213740458,-0.460693359375,-0.025634765625,-0.211669921875,6.1608
3.3587786259541983,3.1755725190839694,-4.351145038167939,-0.460205078125,-0.024169921875,-0.20703125,6.1625
3.404580152671756,3.3740458015267176,-4.2748091603053435,-0.4609375,-0.0234375,-0.212890625,6.164199999999999
3.2519083969465647,3.2519083969465647,-4.2748091603053435,-0.462646484375,-0.024658203125,-0.205078125,6.1659
3.236641221374046,3.2213740458015265,-4.122137404580153,-0.463134765625,-0.01904296875,-0.21044921875,6.167599999999999
3.4198473282442747,3.282442748091603,-4.1679389312977095,-0.463623046875,-0.0283203125,-0.212890625,6.1693
3.49618320610687,3.572519083969466,-3.984732824427481,-0.459716796875,-0.02001953125,-0.2080078125,6.170999999999999
3.3587786259541983,3.5877862595419847,-3.8473282442748094,-0.460205078125,-0.0234375,-0.212890625,6.1727
3.49618320610687,3.6030534351145036,-3.648854961832061,-0.4609375,-0.022216796875,-0.209716796875,6.1743999999999994
3.435114503816794,3.786259541984733,-3.648854961832061,-0.467041015625,-0.02197265625,-0.2109375,6.1761
3.3893129770992365,3.648854961832061,-3.5572519083969465,-0.4638671875,-0.024658203125,-0.206298828125,6.1777999999999995
3.5572519083969465,3.786259541984733,-3.5877862595419847,-0.46044921875,-0.02587890625,-0.20703125,6.1795
3.2977099236641223,3.9236641221374047,-3.2519083969465647,-0.462890625,-0.026123046875,-0.20654296875,6.1812
3.3587786259541983,3.9389312977099236,-3.3740458015267176,-0.465576171875,-0.020263671875,-0.207763671875,6.1829
3.435114503816794,3.9236641221374047,-3.068702290076336,-0.45849609375,-0.03271484375,-0.213134765625,6.1846
3.3740458015267176,4.229007633587786,-3.0229007633587788,-0.461181640625,-0.025634765625,-0.209716796875,6.186299999999999
3.3587786259541983,4.351145038167939,-2.8091603053435112,-0.458984375,-0.02294921875,-0.212646484375,6.188
3.282442748091603,4.33587786259542,-2.8244274809160306,-0.461181640625,-0.02685546875,-0.211181640625,6.189699999999999
3.267175572519084,4.366412213740458,-2.6259541984732824,-0.45849609375,-0.026611328125,-0.208251953125,6.1914
3.435114503816794,4.549618320610687,-2.7022900763358777,-0.460693359375,-0.0263671875,-0.206298828125,6.193099999999999
3.5572519083969465,4.412213740458015,-2.427480916030534,-0.458740234375,-0.03076171875,-0.20849609375,6.1948
3.3893129770992365,4.458015267175573,-2.351145038167939,-0.464599609375,-0.02783203125,-0.21142578125,6.1964999999999995
3.1603053435114505,4.427480916030534,-2.198473282442748,-0.4638671875,-0.027099609375,-0.20751953125,6.1982
3.1755725190839694,4.5038167938931295,-2.198473282442748,-0.462646484375,-0.027099609375,-0.2021484375,6.1998999999999995
3.3587786259541983,4.656488549618321,-2.0763358778625953,-0.462158203125,-0.033203125,-0.203369140625,6.2016
3.2061068702290076,4.549618320610687,-1.9541984732824427,-0.463134765625,-0.02978515625,-0.207763671875,6.2033
3.2519083969465647,4.6106870229007635,-1.8931297709923665,-0.458984375,-0.0263671875,-0.209228515625,6.205
3.068702290076336,4.6106870229007635,-1.9694656488549618,-0.462158203125,-0.0244140625,-0.212890625,6.2067
2.8702290076335877,4.748091603053435,-1.7099236641221374,-0.46142578125,-0.026123046875,-0.213623046875,6.208399999999999
3.099236641221374,4.809160305343512,-1.9083969465648856,-0.4599609375,-0.025634765625,-0.207763671875,6.2101
2.946564885496183,4.885496183206107,-1.6030534351145038,-0.465576171875,-0.02734375,-0.205322265625,6.211799999999999
2.885496183206107,4.9465648854961835,-1.7404580152671756,-0.462158203125,-0.025634765625,-0.202880859375,6.2135
2.8091603053435112,4.885496183206107,-1.5114503816793894,-0.45703125,-0.0224609375,-0.203125,6.215199999999999
2.6412213740458017,4.916030534351145,-1.5419847328244274,-0.458984375,-0.029052734375,-0.21142578125,6.2169
2.8244274809160306,5.145038167938932,-1.3587786259541985,-0.458251953125,-0.030029296875,-0.207275390625,6.2185999999999995
2.732824427480916,4.793893129770993,-1.6641221374045803,-0.45947265625,-0.02734375,-0.20654296875,6.2203
2.6259541984732824,4.99236641221374,-1.3740458015267176,-0.4638671875,-0.024169921875,-0.199951171875,6.2219999999999995
2.519083969465649,4.9465648854961835,-1.4961832061068703,-0.45751953125,-0.02734375,-0.21240234375,6.2237
2.549618320610687,4.977099236641221,-1.4961832061068703,-0.45556640625,-0.030517578125,-0.210693359375,6.2254
2.427480916030534,4.900763358778626,-1.4809160305343512,-0.454345703125,-0.027587890625,-0.21484375,6.2271
2.519083969465649,4.8396946564885495,-1.282442748091603,-0.4580078125,-0.028076171875,-0.209228515625,6.2288
2.4122137404580153,4.8396946564885495,-1.4809160305343512,-0.45654296875,-0.029296875,-0.2177734375,6.230499999999999
2.6106870229007635,4.916030534351145,-1.3435114503816794,-0.45703125,-0.0224609375,-0.217041015625,6.2322
2.4122137404580153,4.961832061068702,-1.3435114503816794,-0.455322265625,-0.024658203125,-0.210205078125,6.233899999999999
2.0916030534351147,4.885496183206107,-1.3129770992366412,-0.454833984375,-0.03173828125,-0.20849609375,6.2356
2.3969465648854964,4.885496183206107,-1.4198473282442747,-0.45654296875,-0.028564453125,-0.21142578125,6.237299999999999
2.2748091603053435,4.732824427480916,-1.3282442748091603,-0.456787109375,-0.023681640625,-0.21240234375,6.239
2.045801526717557,4.885496183206107,-1.5572519083969465,-0.45703125,-0.029541015625,-0.213134765625,6.2406999999999995
2.2595419847328246,4.870229007633588,-1.5419847328244274,-0.463134765625,-0.026611328125,-0.210205078125,6.2424
2.2595419847328246,4.900763358778626,-1.5267175572519085,-0.456298828125,-0.022216796875,-0.200439453125,6.2440999999999995
2.0610687022900764,4.961832061068702,-1.3587786259541985,-0.458740234375,-0.026123046875,-0.21044921875,6.2458
2.0,5.114503816793893,-1.4809160305343512,-0.459228515625,-0.025146484375,-0.20361328125,6.2475
1.9083969465648856,4.916030534351145,-1.4045801526717556,-0.45361328125,-0.02685546875,-0.211669921875,6.2492
1.9541984732824427,4.8396946564885495,-1.5267175572519085,-0.457763671875,-0.021484375,-0.21923828125,6.2509
2.0763358778625953,4.961832061068702,-1.4809160305343512,-0.459716796875,-0.02685546875,-0.21826171875,6.252599999999999
1.83206106870229,4.687022900763359,-1.3740458015267176,-0.456298828125,-0.0322265625,-0.20849609375,6.2543
1.6030534351145038,4.885496183206107,-1.7099236641221374,-0.452880859375,-0.026123046875,-0.2158203125,6.255999999999999
1.6641221374045803,4.778625954198473,-1.5725190839694656,-0.450439453125,-0.02099609375,-0.21142578125,6.2577
1.5725190839694656,4.809160305343512,-1.5267175572519085,-0.455078125,-0.02587890625,-0.203125,6.259399999999999
1.7709923664122138,4.732824427480916,-1.3740458015267176,-0.456298828125,-0.025634765625,-0.206787109375,6.2611
1.6488549618320612,4.625954198473282,-1.5725190839694656,-0.454345703125,-0.02685546875,-0.205078125,6.2627999999999995
1.5725190839694656,4.519083969465649,-1.5877862595419847,-0.46044921875,-0.025146484375,-0.20703125,6.2645
1.4809160305343512,4.519083969465649,-1.6488549618320612,-0.455078125,-0.02880859375,-0.20703125,6.2661999999999995
1.3435114503816794,4.259541984732825,-1.5267175572519085,-0.45703125,-0.0283203125,-0.216796875,6.2679
1.3129770992366412,4.488549618320611,-1.4961832061068703,-0.45263671875,-0.025634765625,-0.21630859375,6.2696
1.3740458015267176,4.595419847328245,-1.5114503816793894,-0.454833984375,-0.02392578125,-0.218505859375,6.271299999999999
1.3893129770992367,4.534351145038168,-1.7404580152671756,-0.46142578125,-0.0224609375,-0.20703125,6.273
1.2213740458015268,4.351145038167939,-1.7099236641221374,-0.457275390625,-0.024169921875,-0.211669921875,6.274699999999999
1.3435114503816794,4.549618320610687,-1.6946564885496183,-0.451904296875,-0.02587890625,-0.21337890625,6.2764
1.3893129770992367,4.595419847328245,-1.5725190839694656,-0.458251953125,-0.0302734375,-0.205810546875,6.278099999999999
1.099236641221374,4.549618320610687,-1.6793893129770991,-0.451416015625,-0.0263671875,-0.208740234375,6.2798
1.1755725190839694,4.67175572519084,-1.83206106870229,-0.4609375,-0.026123046875,-0.20556640625,6.281499999999999
1.1908396946564885,4.534351145038168,-1.7709923664122138,-0.456298828125,-0.02685546875,-0.21044921875,6.2832
1.1297709923664123,4.549618320610687,-1.5725190839694656,-0.455322265625,-0.027099609375,-0.20458984375,6.2848999999999995
1.0687022900763359,4.458015267175573,-1.9694656488549618,-0.452880859375,-0.026123046875,-0.2099609375,6.2866
1.0687022900763359,4.290076335877862,-1.9389312977099236,-0.451416015625,-0.027099609375,-0.2138671875,6.2883
0.8549618320610687,4.290076335877862,-1.7099236641221374,-0.449951171875,-0.028076171875,-0.20703125,6.29
0.9007633587786259,4.33587786259542,-1.7709923664122138,-0.447998046875,-0.02783203125,-0.213623046875,6.2917
0.7480916030534351,4.290076335877862,-1.9236641221374047,-0.455322265625,-0.02197265625,-0.2138671875,6.293399999999999
0.7633587786259542,4.198473282442748,-2.0,-0.450439453125,-0.0234375,-0.218017578125,6.2951
0.9618320610687023,4.137404580152672,-1.83206106870229,-0.4521484375,-0.024169921875,-0.2109375,6.296799999999999
0.9770992366412213,4.1679389312977095,-1.9083969465648856,-0.452880859375,-0.02587890625,-0.215087890625,6.2985
0.7175572519083969,4.076335877862595,-1.8778625954198473,-0.455322265625,-0.02685546875,-0.216552734375,6.300199999999999
0.732824427480916,4.015267175572519,-1.83206106870229,-0.4560546875,-0.020263671875,-0.2158203125,6.3019
0.6870229007633588,3.8931297709923665,-2.0,-0.458740234375,-0.01806640625,-0.2080078125,6.303599999999999
0.7175572519083969,3.8625954198473282,-2.0,-0.454345703125,-0.0263671875,-0.216796875,6.3053
0.7175572519083969,3.877862595419847,-1.9083969465648856,-0.454345703125,-0.026123046875,-0.211181640625,6.3069999999999995
0.7022900763358778,3.9083969465648853,-2.0,-0.45361328125,-0.026123046875,-0.2177734375,6.3087
0.5648854961832062,3.9083969465648853,-2.0610687022900764,-0.453369140625,-0.02734375,-0.211181640625,6.3104
0.6412213740458015,3.9236641221374047,-1.8931297709923665,-0.454833984375,-0.026123046875,-0.216552734375,6.3121
0.5801526717557252,4.030534351145038,-1.984732824427481,-0.455322265625,-0.0244140625,-0.20751953125,6.3138
0.6412213740458015,3.816793893129771,-1.8473282442748091,-0.456298828125,-0.0283203125,-0.212890625,6.315499999999999
0.6412213740458015,3.7251908396946565,-1.9083969465648856,-0.453857421875,-0.0205078125,-0.22216796875,6.3172
0.7022900763358778,3.7099236641221376,-1.8625954198473282,-0.452392578125,-0.020263671875,-0.21435546875,6.318899999999999
0.6106870229007634,3.877862595419847,-1.9541984732824427,-0.454833984375,-0.0224609375,-0.21240234375,6.3206
0.5648854961832062,3.801526717557252,-2.0610687022900764,-0.454345703125,-0.0224609375,-0.213134765625,6.322299999999999
0.5190839694656488,3.6793893129770994,-2.1374045801526718,-0.455078125,-0.021728515625,-0.21533203125,6.324
0.6717557251908397,3.7251908396946565,-2.122137404580153,-0.45166015625,-0.0224609375,-0.211669921875,6.325699999999999
0.6870229007633588,3.3893129770992365,-2.2748091603053435,-0.45654296875,-0.022216796875,-0.21923828125,6.3274
0.7175572519083969,3.4656488549618323,-2.0610687022900764,-0.450927734375,-0.02294921875,-0.215576171875,6.3290999999999995
0.7175572519083969,3.480916030534351,-2.198473282442748,-0.454345703125,-0.02197265625,-0.212890625,6.3308
0.8244274809160306,3.3740458015267176,-2.213740458015267,-0.45751953125,-0.020751953125,-0.2197265625,6.3325
0.6717557251908397,3.450381679389313,-2.213740458015267,-0.455322265625,-0.019775390625,-0.216552734375,6.3342
0.6106870229007634,3.3893129770992365,-2.0916030534351147,-0.455078125,-0.02197265625,-0.21142578125,6.3359
0.9618320610687023,3.435114503816794,-2.16793893129771,-0.460205078125,-0.018798828125,-0.216552734375,6.337599999999999
0.8702290076335878,3.312977099236641,-2.1068702290076335,-0.455810546875,-0.023681640625,-0.22705078125,6.3393
0.9007633587786259,3.4656488549618323,-2.1374045801526718,-0.45751953125,-0.021484375,-0.213623046875,6.340999999999999
0.7786259541984732,3.4656488549618323,-2.122137404580153,-0.455322265625,-0.021484375,-0.21533203125,6.3427
0.8854961832061069,3.7099236641221376,-2.213740458015267,-0.457763671875,-0.0263671875,-0.219482421875,6.344399999999999
0.9770992366412213,3.2977099236641223,-2.16793893129771,-0.450439453125,-0.02099609375,-0.21533203125,6.3461
0.9465648854961832,3.450381679389313,-2.2900763358778624,-0.4501953125,-0.0205078125,-0.2060546875,6.347799999999999
1.0381679389312977,3.618320610687023,-2.1526717557251906,-0.46044921875,-0.0263671875,-0.2138671875,6.3495
1.0687022900763359,3.6946564885496183,-2.183206106870229,-0.460205078125,-0.02197265625,-0.2216796875,6.3511999999999995
1.1755725190839694,3.4198473282442747,-1.9694656488549618,-0.4599609375,-0.01806640625,-0.220947265625,6.3529
1.1755725190839694,3.480916030534351,-2.1068702290076335,-0.456787109375,-0.023681640625,-0.210205078125,6.3546
1.0534351145038168,3.5419847328244276,-2.122137404580153,-0.45947265625,-0.02197265625,-0.20849609375,6.3563
1.083969465648855,3.618320610687023,-2.015267175572519,-0.45556640625,-0.02197265625,-0.218994140625,6.358
1.1603053435114503,3.7404580152671754,-1.7709923664122138,-0.45458984375,-0.021484375,-0.2197265625,6.359699999999999
1.0534351145038168,3.618320610687023,-1.8778625954198473,-0.457275390625,-0.020263671875,-0.21484375,6.3614
1.1908396946564885,3.83206106870229,-1.9083969465648856,-0.452880859375,-0.025146484375,-0.218994140625,6.363099999999999
1.3282442748091603,3.7404580152671754,-1.9236641221374047,-0.460693359375,-0.020751953125,-0.212646484375,6.3648
1.1908396946564885,3.7404580152671754,-1.9236641221374047,-0.458251953125,-0.02880859375,-0.219970703125,6.366499999999999
1.1603053435114503,3.83206106870229,-1.8625954198473282,-0.45361328125,-0.026123046875,-0.216552734375,6.3682
1.1755725190839694,3.7404580152671754,-1.786259541984733,-0.45458984375,-0.02783203125,-0.20849609375,6.3698999999999995
1.4198473282442747,3.7404580152671754,-1.816793893129771,-0.45703125,-0.022705078125,-0.22705078125,6.3716
1.251908396946565,3.7404580152671754,-1.5572519083969465,-0.458251953125,-0.02392578125,-0.223388671875,6.3732999999999995
1.4809160305343512,3.83206106870229,-1.83206106870229,-0.4599609375,-0.019775390625,-0.2216796875,6.375
1.5114503816793894,3.801526717557252,-1.7404580152671756,-0.457763671875,-0.02197265625,-0.214599609375,6.3767
1.3129770992366412,3.984732824427481,-1.6641221374045803,-0.455322265625,-0.021728515625,-0.2138671875,6.3784
1.4961832061068703,3.969465648854962,-1.5725190839694656,-0.45703125,-0.021240234375,-0.218505859375,6.3801
1.4045801526717556,4.122137404580153,-1.5877862595419847,-0.4521484375,-0.018310546875,-0.2177734375,6.381799999999999
1.3129770992366412,4.015267175572519,-1.6030534351145038,-0.451904296875,-0.021240234375,-0.223876953125,6.3835
1.3893129770992367,3.9083969465648853,-1.7557251908396947,-0.45556640625,-0.02685546875,-0.21337890625,6.385199999999999
1.5114503816793894,4.0458015267175576,-1.8625954198473282,-0.454345703125,-0.0234375,-0.219482421875,6.3869
1.5877862595419847,3.8931297709923665,-1.984732824427481,-0.456787109375,-0.023193359375,-0.22509765625,6.388599999999999
1.7709923664122138,3.572519083969466,-1.8015267175572518,-0.451416015625,-0.024169921875,-0.22607421875,6.3903
1.6641221374045803,3.801526717557252,-1.9541984732824427,-0.453369140625,-0.021240234375,-0.20849609375,6.3919999999999995
1.618320610687023,3.816793893129771,-2.122137404580153,-0.454833984375,-0.0224609375,-0.212890625,6.3937
1.5419847328244274,3.648854961832061,-2.122137404580153,-0.453369140625,-0.0234375,-0.216796875,6.3953999999999995
1.8473282442748091,3.6946564885496183,-2.2442748091603053,-0.456298828125,-0.017333984375,-0.216552734375,6.3971
1.8625954198473282,3.5572519083969465,-2.4122137404580153,-0.45947265625,-0.02587890625,-0.21630859375,6.3988
1.8473282442748091,3.618320610687023,-2.33587786259542,-0.44970703125,-0.019775390625,-0.22021484375,6.4005
1.984732824427481,3.7099236641221376,-2.50381679389313,-0.453369140625,-0.027587890625,-0.21923828125,6.4022
2.2290076335877864,3.480916030534351,-2.3969465648854964,-0.453369140625,-0.0234375,-0.2158203125,6.403899999999999
1.9236641221374047,3.572519083969466,-2.595419847328244,-0.455810546875,-0.017822265625,-0.219970703125,6.4056
2.1374045801526718,3.404580152671756,-2.6412213740458017,-0.45166015625,-0.02294921875,-0.21630859375,6.407299999999999
2.16793893129771,3.3435114503816794,-2.6564885496183206,-0.460693359375,-0.021728515625,-0.22265625,6.409
2.2595419847328246,3.5419847328244276,-2.6717557251908395,-0.451171875,-0.024169921875,-0.224609375,6.410699999999999
2.2290076335877864,3.3435114503816794,-2.8702290076335877,-0.46044921875,-0.021240234375,-0.21630859375,6.4124
2.519083969465649,3.435114503816794,-2.6717557251908395,-0.455322265625,-0.023193359375,-0.215576171875,6.4140999999999995
2.183206106870229,3.435114503816794,-2.8396946564885495,-0.45849609375,-0.02294921875,-0.221435546875,6.4158
2.3969465648854964,3.4656488549618323,-2.8091603053435112,-0.456298828125,-0.019775390625,-0.220458984375,6.4174999999999995
2.4885496183206106,3.282442748091603,-2.732824427480916,-0.4560546875,-0.02783203125,-0.224365234375,6.4192
2.33587786259542,3.3893129770992365,-2.763358778625954,-0.4560546875,-0.025634765625,-0.21337890625,6.4209
2.381679389312977,3.282442748091603,-2.717557251908397,-0.45654296875,-0.0244140625,-0.212158203125,6.422599999999999
2.4732824427480917,3.1908396946564888,-2.8396946564885495,-0.45751953125,-0.029052734375,-0.2216796875,6.4243
2.5343511450381677,3.236641221374046,-2.931297709923664,-0.456298828125,-0.024658203125,-0.224365234375,6.425999999999999
2.595419847328244,3.1755725190839694,-2.931297709923664,-0.45263671875,-0.02001953125,-0.21142578125,6.4277
2.427480916030534,3.0229007633587788,-2.7022900763358777,-0.453125,-0.023193359375,-0.218994140625,6.429399999999999
2.50381679389313,3.0229007633587788,-2.732824427480916,-0.45458984375,-0.018310546875,-0.222900390625,6.4311
2.427480916030534,3.0229007633587788,-2.900763358778626,-0.4462890625,-0.025146484375,-0.217529296875,6.432799999999999
2.4732824427480917,2.854961832061069,-2.763358778625954,-0.44970703125,-0.02734375,-0.21044921875,6.4345
2.381679389312977,2.7480916030534353,-2.6412213740458017,-0.452880859375,-0.02490234375,-0.21728515625,6.4361999999999995
2.427480916030534,2.732824427480916,-2.732824427480916,-0.449951171875,-0.02392578125,-0.218994140625,6.4379
2.5343511450381677,2.6564885496183206,-2.854961832061069,-0.44921875,-0.02001953125,-0.21044921875,6.4395999999999995
2.50381679389313,2.366412213740458,-2.900763358778626,-0.45166015625,-0.0263671875,-0.22216796875,6.4413
2.4427480916030535,2.3053435114503817,-2.7022900763358777,-0.451904296875,-0.02294921875,-0.213623046875,6.443
2.4427480916030535,2.2900763358778624,-2.5343511450381677,-0.45068359375,-0.025390625,-0.21630859375,6.444699999999999
2.366412213740458,2.2595419847328246,-2.4732824427480917,-0.450927734375,-0.02783203125,-0.219482421875,6.4464
2.427480916030534,2.1374045801526718,-2.519083969465649,-0.45361328125,-0.032470703125,-0.216796875,6.448099999999999
2.6106870229007635,1.9236641221374047,-2.4885496183206106,-0.45361328125,-0.025634765625,-0.226806640625,6.4498
2.351145038167939,1.7251908396946565,-2.564885496183206,-0.4482421875,-0.024169921875,-0.220703125,6.451499999999999
2.3206106870229006,1.7251908396946565,-2.427480916030534,-0.449462890625,-0.029541015625,-0.21435546875,6.4532
2.198473282442748,1.633587786259542,-2.4732824427480917,-0.454833984375,-0.029541015625,-0.222412109375,6.454899999999999
2.381679389312977,1.7709923664122138,-2.381679389312977,-0.451416015625,-0.02685546875,-0.218017578125,6.4566
2.3053435114503817,1.618320610687023,-2.4122137404580153,-0.453125,-0.0244140625,-0.22119140625,6.4582999999999995
2.381679389312977,1.3740458015267176,-2.0916030534351147,-0.4482421875,-0.029052734375,-0.219970703125,6.46
2.366412213740458,1.4198473282442747,-2.0610687022900764,-0.455322265625,-0.029052734375,-0.215087890625,6.4616999999999996
2.183206106870229,1.1908396946564885,-2.0916030534351147,-0.45263671875,-0.02978515625,-0.21484375,6.4634
2.1526717557251906,1.1450381679389312,-2.2290076335877864,-0.453125,-0.026123046875,-0.214599609375,6.4651
2.015267175572519,0.9465648854961832,-2.1526717557251906,-0.451416015625,-0.032958984375,-0.224853515625,6.466799999999999
2.198473282442748,0.7022900763358778,-1.9541984732824427,-0.45703125,-0.028076171875,-0.21484375,6.4685
2.2595419847328246,0.732824427480916,-1.9236641221374047,-0.451904296875,-0.03076171875,-0.22412109375,6.470199999999999
2.3206106870229006,0.7938931297709924,-2.122137404580153,-0.4501953125,-0.027099609375,-0.222900390625,6.4719
1.9236641221374047,0.6259541984732825,-2.1068702290076335,-0.45361328125,-0.02734375,-0.208740234375,6.473599999999999
2.122137404580153,0.5801526717557252,-1.8625954198473282,-0.452880859375,-0.027587890625,-0.22265625,6.4753
2.1374045801526718,0.4732824427480916,-2.015267175572519,-0.4521484375,-0.025634765625,-0.219970703125,6.476999999999999
1.984732824427481,0.3511450381679389,-1.9389312977099236,-0.4501953125,-0.025390625,-0.2177734375,6.4787
2.183206106870229,0.42748091603053434,-1.8015267175572518,-0.4541015625,-0.025146484375,-0.225341796875,6.4803999999999995
2.030534351145038,0.24427480916030533,-2.0,-0.4560546875,-0.0263671875,-0.21630859375,6.4821
1.816793893129771,0.3816793893129771,-1.9389312977099236,-0.44921875,-0.026611328125,-0.21044921875,6.4838
1.8473282442748091,0.3511450381679389,-1.8931297709923665,-0.453857421875,-0.026123046875,-0.207275390625,6.4855
1.984732824427481,0.32061068702290074,-1.7557251908396947,-0.45751953125,-0.02392578125,-0.212646484375,6.4872
1.984732824427481,0.22900763358778625,-1.816793893129771,-0.4541015625,-0.026123046875,-0.21435546875,6.488899999999999
1.8931297709923665,0.24427480916030533,-1.8778625954198473,-0.458251953125,-0.033447265625,-0.213134765625,6.4906
1.7557251908396947,0.13740458015267176,-1.83206106870229,-0.451171875,-0.030029296875,-0.215576171875,6.492299999999999
1.8931297709923665,0.13740458015267176,-1.7404580152671756,-0.451904296875,-0.029052734375,-0.209228515625,6.494
1.5877862595419847,0.15267175572519084,-1.9694656488549618,-0.450439453125,-0.024169921875,-0.21337890625,6.495699999999999
1.5725190839694656,0.0,-1.7557251908396947,-0.454345703125,-0.0302734375,-0.21630859375,6.4974
1.7404580152671756,-0.12213740458015267,-1.8931297709923665,-0.45263671875,-0.028076171875,-0.21484375,6.499099999999999
1.6946564885496183,0.0916030534351145,-1.7557251908396947,-0.456298828125,-0.021728515625,-0.21484375,6.5008
1.4809160305343512,0.12213740458015267,-1.816793893129771,-0.457275390625,-0.025146484375,-0.216796875,6.5024999999999995
1.7251908396946565,0.13740458015267176,-1.786259541984733,-0.4580078125,-0.02783203125,-0.21826171875,6.5042
1.6030534351145038,0.07633587786259542,-1.8473282442748091,-0.45703125,-0.025634765625,-0.21875,6.5059
1.4809160305343512,0.2748091603053435,-1.633587786259542,-0.456787109375,-0.0283203125,-0.21728515625,6.5076
1.5572519083969465,0.2900763358778626,-2.0,-0.456298828125,-0.02587890625,-0.22216796875,6.5093
1.4961832061068703,0.48854961832061067,-1.816793893129771,-0.456787109375,-0.023193359375,-0.2158203125,6.510999999999999
1.5725190839694656,0.3053435114503817,-1.8931297709923665,-0.45947265625,-0.02783203125,-0.220703125,6.5127
1.7099236641221374,0.2748091603053435,-1.6641221374045803,-0.45849609375,-0.025634765625,-0.219970703125,6.514399999999999
1.4351145038167938,0.3816793893129771,-1.8625954198473282,-0.4541015625,-0.02734375,-0.2236328125,6.5161
1.4809160305343512,0.2900763358778626,-1.7557251908396947,-0.45947265625,-0.0234375,-0.220703125,6.517799999999999
1.4198473282442747,0.32061068702290074,-1.9083969465648856,-0.45263671875,-0.027099609375,-0.21923828125,6.5195
1.3893129770992367,0.5038167938931297,-1.6793893129770991,-0.4560546875,-0.025146484375,-0.2138671875,6.521199999999999
1.4198473282442747,0.5038167938931297,-1.7557251908396947,-0.453125,-0.024658203125,-0.21630859375,6.5229
1.3129770992366412,0.16793893129770993,-1.7557251908396947,-0.454833984375,-0.0244140625,-0.208251953125,6.5245999999999995
1.3129770992366412,0.4122137404580153,-1.786259541984733,-0.4521484375,-0.02490234375,-0.21826171875,6.5263
1.2213740458015268,0.3816793893129771,-1.7251908396946565,-0.46142578125,-0.0263671875,-0.217041015625,6.528
1.2671755725190839,0.5038167938931297,-1.7709923664122138,-0.457275390625,-0.0234375,-0.213623046875,6.5297
1.1297709923664123,0.549618320610687,-1.8015267175572518,-0.4609375,-0.029296875,-0.2177734375,6.5314
1.1450381679389312,0.5190839694656488,-1.9389312977099236,-0.4599609375,-0.0302734375,-0.223388671875,6.533099999999999
1.1145038167938932,0.6106870229007634,-1.5419847328244274,-0.459228515625,-0.0234375,-0.21435546875,6.5348
1.1145038167938932,0.7175572519083969,-1.7709923664122138,-0.455322265625,-0.02783203125,-0.217529296875,6.536499999999999
1.0534351145038168,0.4580152671755725,-1.6793893129770991,-0.46142578125,-0.02880859375,-0.214599609375,6.5382
0.9007633587786259,0.6412213740458015,-1.6488549618320612,-0.46044921875,-0.025146484375,-0.2216796875,6.539899999999999
0.9770992366412213,0.5954198473282443,-1.633587786259542,-0.45849609375,-0.030029296875,-0.2158203125,6.5416
1.1145038167938932,0.6870229007633588,-1.6488549618320612,-0.45654296875,-0.02734375,-0.22021484375,6.5432999999999995
1.2061068702290076,0.6259541984732825,-1.633587786259542,-0.456787109375,-0.02392578125,-0.215576171875,6.545
0.7938931297709924,0.6717557251908397,-1.6793893129770991,-0.454345703125,-0.029541015625,-0.220947265625,6.5466999999999995
0.7175572519083969,0.5954198473282443,-1.3740458015267176,-0.45263671875,-0.02880859375,-0.223876953125,6.5484
0.916030534351145,0.6870229007633588,-1.7099236641221374,-0.455810546875,-0.024169921875,-0.21484375,6.5501
0.8702290076335878,0.6106870229007634,-1.6946564885496183,-0.458251953125,-0.02392578125,-0.2275390625,6.5518
0.7786259541984732,0.7480916030534351,-1.6946564885496183,-0.462158203125,-0.026123046875,-0.219482421875,6.5535
0.7022900763358778,0.7480916030534351,-1.6641221374045803,-0.45947265625,-0.025390625,-0.2158203125,6.555199999999999
0.7022900763358778,0.6870229007633588,-1.8625954198473282,-0.453857421875,-0.02685546875,-0.224365234375,6.5569
0.549618320610687,0.48854961832061067,-1.7709923664122138,-0.454345703125,-0.02197265625,-0.219482421875,6.558599999999999
0.7786259541984732,0.48854961832061067,-1.7404580152671756,-0.456787109375,-0.025634765625,-0.22314453125,6.5603
0.7480916030534351,0.6412213740458015,-1.5877862595419847,-0.45458984375,-0.024658203125,-0.222412109375,6.561999999999999
0.6870229007633588,0.6717557251908397,-1.7251908396946565,-0.4541015625,-0.024658203125,-0.21826171875,6.5637
0.8244274809160306,0.7022900763358778,-1.7099236641221374,-0.45751953125,-0.023193359375,-0.22265625,6.5653999999999995
0.6870229007633588,0.6106870229007634,-1.6946564885496183,-0.4521484375,-0.025634765625,-0.22021484375,6.5671
0.8854961832061069,0.44274809160305345,-1.7251908396946565,-0.451171875,-0.027587890625,-0.2119140625,6.5687999999999995
0.8091603053435115,0.42748091603053434,-1.786259541984733,-0.461181640625,-0.02294921875,-0.212890625,6.5705
0.7022900763358778,0.3969465648854962,-1.5114503816793894,-0.459716796875,-0.024169921875,-0.217529296875,6.5722
0.8091603053435115,0.3053435114503817,-1.6946564885496183,-0.45751953125,-0.024658203125,-0.212646484375,6.5739
0.8244274809160306,0.3969465648854962,-1.7709923664122138,-0.45263671875,-0.021728515625,-0.217529296875,6.5756
0.8396946564885496,0.5343511450381679,-1.8625954198473282,-0.456298828125,-0.0224609375,-0.220458984375,6.577299999999999
0.8091603053435115,0.44274809160305345,-1.633587786259542,-0.456298828125,-0.0234375,-0.21923828125,6.579
0.732824427480916,0.33587786259541985,-1.6641221374045803,-0.457275390625,-0.026123046875,-0.216064453125,6.580699999999999
0.8396946564885496,0.366412213740458,-1.6793893129770991,-0.457763671875,-0.025390625,-0.218505859375,6.5824
0.8854961832061069,0.42748091603053434,-1.7709923664122138,-0.4580078125,-0.024169921875,-0.212646484375,6.584099999999999
0.9007633587786259,0.5801526717557252,-1.633587786259542,-0.455810546875,-0.026123046875,-0.21044921875,6.5858
0.5954198473282443,0.6106870229007634,-1.6030534351145038,-0.45263671875,-0.024658203125,-0.215576171875,6.5874999999999995
0.9312977099236641,0.32061068702290074,-1.7099236641221374,-0.4560546875,-0.02392578125,-0.2099609375,6.5892
0.8702290076335878,0.366412213740458,-1.7557251908396947,-0.4541015625,-0.01904296875,-0.21337890625,6.5908999999999995
0.7786259541984732,0.6564885496183206,-1.786259541984733,-0.455322265625,-0.02197265625,-0.214599609375,6.5926
0.9007633587786259,0.44274809160305345,-1.6488549618320612,-0.4580078125,-0.025146484375,-0.219482421875,6.5943
0.9923664122137404,0.549618320610687,-1.6641221374045803,-0.458251953125,-0.027099609375,-0.218017578125,6.595999999999999
1.0534351145038168,0.4580152671755725,-1.7251908396946565,-0.457763671875,-0.02197265625,-0.21630859375,6.5977
0.9923664122137404,0.42748091603053434,-1.5419847328244274,-0.456787109375,-0.0205078125,-0.214111328125,6.599399999999999
1.099236641221374,0.5190839694656488,-1.7251908396946565,-0.461669921875,-0.019775390625,-0.216552734375,6.6011
1.099236641221374,0.5648854961832062,-1.8625954198473282,-0.456298828125,-0.019287109375,-0.21630859375,6.602799999999999
0.8854961832061069,0.549618320610687,-1.9083969465648856,-0.45849609375,-0.021728515625,-0.212158203125,6.6045
1.099236641221374,0.5648854961832062,-1.8015267175572518,-0.461669921875,-0.02392578125,-0.211181640625,6.606199999999999
1.0229007633587786,0.5190839694656488,-2.1374045801526718,-0.457763671875,-0.0224609375,-0.21533203125,6.6079
1.282442748091603,0.6259541984732825,-2.045801526717557,-0.457275390625,-0.024658203125,-0.213134765625,6.6095999999999995
1.1450381679389312,0.6564885496183206,-2.0,-0.459228515625,-0.017333984375,-0.2177734375,6.6113
1.2061068702290076,0.6412213740458015,-1.9236641221374047,-0.459716796875,-0.02099609375,-0.21826171875,6.6129999999999995
1.2671755725190839,0.6717557251908397,-2.1374045801526718,-0.4609375,-0.023193359375,-0.215576171875,6.6147
1.3587786259541985,0.7175572519083969,-2.1526717557251906,-0.45458984375,-0.022216796875,-0.214599609375,6.6164
1.3893129770992367,0.6717557251908397,-2.2442748091603053,-0.4619140625,-0.02099609375,-0.209228515625,6.618099999999999
1.83206106870229,0.7786259541984732,-2.16793893129771,-0.462890625,-0.020751953125,-0.206787109375,6.6198
1.5267175572519085,0.732824427480916,-2.045801526717557,-0.4580078125,-0.023681640625,-0.211669921875,6.621499999999999
1.633587786259542,0.8702290076335878,-2.0763358778625953,-0.457763671875,-0.01953125,-0.218994140625,6.6232
1.8778625954198473,0.8549618320610687,-2.0916030534351147,-0.45458984375,-0.021484375,-0.219970703125,6.624899999999999
1.984732824427481,0.916030534351145,-2.16793893129771,-0.45556640625,-0.016845703125,-0.218994140625,6.6266
1.9694656488549618,1.0534351145038168,-2.213740458015267,-0.458251953125,-0.021728515625,-0.21923828125,6.628299999999999
1.816793893129771,0.9312977099236641,-2.0916030534351147,-0.458251953125,-0.0234375,-0.22265625,6.63
1.8778625954198473,1.083969465648855,-2.045801526717557,-0.46142578125,-0.021240234375,-0.21044921875,6.6316999999999995
1.984732824427481,1.2213740458015268,-2.045801526717557,-0.4599609375,-0.021728515625,-0.216552734375,6.6334
2.1374045801526718,1.282442748091603,-2.030534351145038,-0.4580078125,-0.020751953125,-0.217041015625,6.6350999999999996
2.0916030534351147,1.3587786259541985,-2.2290076335877864,-0.460205078125,-0.023193359375,-0.21875,6.6368
2.198473282442748,1.6030534351145038,-1.9541984732824427,-0.461669921875,-0.021728515625,-0.2158203125,6.6385
2.549618320610687,1.6488549618320612,-2.183206106870229,-0.4619140625,-0.02099609375,-0.213623046875,6.640199999999999
2.3969465648854964,1.7404580152671756,-2.1068702290076335,-0.462158203125,-0.02001953125,-0.2109375,6.6419
2.427480916030534,1.5725190839694656,-2.0610687022900764,-0.460693359375,-0.01953125,-0.203369140625,6.643599999999999
2.6106870229007635,2.0,-2.1068702290076335,-0.45751953125,-0.025390625,-0.222412109375,6.6453
2.7786259541984735,2.0916030534351147,-2.015267175572519,-0.458251953125,-0.023193359375,-0.2177734375,6.646999999999999
2.7022900763358777,2.183206106870229,-1.9541984732824427,-0.4609375,-0.024169921875,-0.211669921875,6.6487
2.717557251908397,2.2748091603053435,-2.16793893129771,-0.4658203125,-0.022705078125,-0.21337890625,6.650399999999999
2.7938931297709924,2.3206106870229006,-1.984732824427481,-0.46044921875,-0.022705078125,-0.215087890625,6.6521
2.900763358778626,2.4580152671755724,-2.1068702290076335,-0.461669921875,-0.023681640625,-0.213134765625,6.6537999999999995
2.9160305343511452,2.427480916030534,-1.9389312977099236,-0.4638671875,-0.019287109375,-0.216064453125,6.6555
2.8702290076335877,2.6412213740458017,-1.9694656488549618,-0.460693359375,-0.02099609375,-0.213623046875,6.6572
2.8702290076335877,2.519083969465649,-1.9389312977099236,-0.45458984375,-0.019775390625,-0.218994140625,6.6589
3.068702290076336,2.6717557251908395,-2.0,-0.452392578125,-0.025634765625,-0.219482421875,6.6606
2.9770992366412212,2.519083969465649,-1.9694656488549618,-0.4599609375,-0.0166015625,-0.22119140625,6.662299999999999
3.145038167938931,2.595419847328244,-1.9541984732824427,-0.457275390625,-0.02685546875,-0.2177734375,6.664
3.2519083969465647,2.6717557251908395,-1.7709923664122138,-0.45751953125,-0.02099609375,-0.218017578125,6.665699999999999
3.312977099236641,2.549618320610687,-2.0610687022900764,-0.4580078125,-0.02001953125,-0.212646484375,6.6674
3.2977099236641223,2.717557251908397,-1.8625954198473282,-0.45703125,-0.01806640625,-0.2109375,6.669099999999999
3.404580152671756,2.6717557251908395,-1.8015267175572518,-0.45458984375,-0.022216796875,-0.218017578125,6.6708
3.236641221374046,2.687022900763359,-1.7404580152671756,-0.45556640625,-0.0234375,-0.21044921875,6.672499999999999
3.312977099236641,2.6412213740458017,-1.816793893129771,-0.456787109375,-0.0205078125,-0.218994140625,6.6742
3.4656488549618323,2.595419847328244,-1.6030534351145038,-0.45703125,-0.027099609375,-0.218994140625,6.6758999999999995
3.49618320610687,2.732824427480916,-1.618320610687023,-0.460205078125,-0.025146484375,-0.221923828125,6.6776
3.1755725190839694,2.519083969465649,-1.5419847328244274,-0.452880859375,-0.02392578125,-0.21240234375,6.6793
3.312977099236641,2.3969465648854964,-1.786259541984733,-0.457275390625,-0.019775390625,-0.2158203125,6.681
3.4656488549618323,2.4427480916030535,-1.7251908396946565,-0.45556640625,-0.01806640625,-0.2158203125,6.6827
3.312977099236641,2.50381679389313,-1.5725190839694656,-0.4541015625,-0.02587890625,-0.20703125,6.684399999999999
3.5419847328244276,2.4885496183206106,-1.6641221374045803,-0.451416015625,-0.017333984375,-0.210205078125,6.6861
3.4656488549618323,2.4427480916030535,-1.7099236641221374,-0.4580078125,-0.0224609375,-0.2109375,6.687799999999999
3.5114503816793894,2.519083969465649,-1.6641221374045803,-0.45458984375,-0.020263671875,-0.204833984375,6.6895
3.5419847328244276,2.519083969465649,-1.7099236641221374,-0.448486328125,-0.02197265625,-0.214111328125,6.691199999999999
3.1755725190839694,2.2595419847328246,-1.5877862595419847,-0.4501953125,-0.022705078125,-0.216552734375,6.6929
3.267175572519084,2.0763358778625953,-1.7404580152671756,-0.451416015625,-0.022216796875,-0.22021484375,6.694599999999999
3.3435114503816794,2.198473282442748,-1.6946564885496183,-0.4580078125,-0.026123046875,-0.2138671875,6.6963
3.1603053435114505,2.2290076335877864,-1.7709923664122138,-0.45751953125,-0.02197265625,-0.214599609375,6.6979999999999995
3.435114503816794,2.122137404580153,-1.5877862595419847,-0.455810546875,-0.022216796875,-0.212646484375,6.6997
3.5114503816793894,2.0,-1.6946564885496183,-0.453125,-0.027099609375,-0.21435546875,6.7014
3.3740458015267176,1.9694656488549618,-1.8473282442748091,-0.4580078125,-0.024169921875,-0.207763671875,6.7031
3.4198473282442747,1.6793893129770991,-1.6793893129770991,-0.455078125,-0.023681640625,-0.204833984375,6.7048
3.435114503816794,1.8015267175572518,-1.7099236641221374,-0.45166015625,-0.025146484375,-0.206787109375,6.706499999999999
3.2519083969465647,1.7099236641221374,-1.9389312977099236,-0.450439453125,-0.023681640625,-0.214599609375,6.7082
3.3587786259541983,1.6030534351145038,-1.83206106870229,-0.456298828125,-0.024169921875,-0.21142578125,6.709899999999999
3.267175572519084,1.5725190839694656,-1.8931297709923665,-0.452880859375,-0.02587890625,-0.20947265625,6.7116
3.1755725190839694,1.5114503816793894,-1.8778625954198473,-0.45068359375,-0.027099609375,-0.21044921875,6.713299999999999
3.2061068702290076,1.4809160305343512,-2.045801526717557,-0.454345703125,-0.02880859375,-0.21435546875,6.715
3.312977099236641,1.297709923664122,-1.984732824427481,-0.458740234375,-0.02685546875,-0.216552734375,6.7166999999999994
3.3282442748091605,1.5267175572519085,-1.9694656488549618,-0.454345703125,-0.02099609375,-0.214599609375,6.7184
3.1908396946564888,1.2366412213740459,-1.9236641221374047,-0.45751953125,-0.026123046875,-0.214599609375,6.7200999999999995
3.1603053435114505,1.1755725190839694,-2.213740458015267,-0.45703125,-0.0224609375,-0.211181640625,6.7218
3.282442748091603,1.1297709923664123,-2.0763358778625953,-0.453125,-0.02783203125,-0.213134765625,6.7235
2.8702290076335877,1.1908396946564885,-2.0763358778625953,-0.448486328125,-0.0234375,-0.213623046875,6.7252
3.1297709923664123,1.083969465648855,-1.8931297709923665,-0.45703125,-0.030029296875,-0.218017578125,6.7269
3.236641221374046,1.0534351145038168,-2.0,-0.4521484375,-0.02197265625,-0.21435546875,6.728599999999999
3.099236641221374,1.1145038167938932,-2.1526717557251906,-0.450439453125,-0.02734375,-0.2119140625,6.7303
3.2213740458015265,1.1603053435114503,-2.0916030534351147,-0.45263671875,-0.0244140625,-0.218017578125,6.731999999999999
2.9923664122137406,0.9770992366412213,-2.030534351145038,-0.456298828125,-0.025390625,-0.214111328125,6.7337
2.931297709923664,0.8244274809160306,-2.1526717557251906,-0.456787109375,-0.033203125,-0.216064453125,6.735399999999999
2.946564885496183,1.0687022900763359,-2.045801526717557,-0.45458984375,-0.02783203125,-0.212158203125,6.7371
2.8396946564885495,0.9465648854961832,-2.3053435114503817,-0.45263671875,-0.027099609375,-0.213623046875,6.7387999999999995
3.145038167938931,0.8091603053435115,-2.2748091603053435,-0.453125,-0.028564453125,-0.205810546875,6.7405
2.946564885496183,0.8244274809160306,-2.2748091603053435,-0.457763671875,-0.02685546875,-0.21630859375,6.7421999999999995
2.6412213740458017,0.8702290076335878,-2.2900763358778624,-0.454833984375,-0.0263671875,-0.21435546875,6.7439
2.854961832061069,0.8244274809160306,-2.0916030534351147,-0.4580078125,-0.028564453125,-0.217529296875,6.7456
2.8702290076335877,1.0076335877862594,-2.213740458015267,-0.454345703125,-0.0263671875,-0.21142578125,6.747299999999999
2.763358778625954,0.9465648854961832,-2.2290076335877864,-0.455322265625,-0.028564453125,-0.21630859375,6.749
2.6564885496183206,0.7480916030534351,-2.2290076335877864,-0.454345703125,-0.026611328125,-0.218994140625,6.750699999999999
2.5801526717557253,0.8854961832061069,-2.4580152671755724,-0.45556640625,-0.0263671875,-0.213134765625,6.7524
2.6259541984732824,0.8244274809160306,-2.2290076335877864,-0.450439453125,-0.025146484375,-0.21728515625,6.754099999999999
2.3969465648854964,0.9312977099236641,-2.16793893129771,-0.453369140625,-0.025390625,-0.21533203125,6.7558
2.6412213740458017,0.7786259541984732,-2.4427480916030535,-0.45458984375,-0.025146484375,-0.218017578125,6.757499999999999
2.4122137404580153,0.6564885496183206,-2.381679389312977,-0.455810546875,-0.025390625,-0.2158203125,6.7592
2.519083969465649,0.7022900763358778,-2.2595419847328246,-0.455322265625,-0.02734375,-0.218017578125,6.7608999999999995
2.8396946564885495,0.7938931297709924,-2.427480916030534,-0.45654296875,-0.02490234375,-0.2236328125,6.7626
2.549618320610687,0.9007633587786259,-2.2442748091603053,-0.461181640625,-0.02880859375,-0.21240234375,6.7642999999999995
2.4732824427480917,0.6717557251908397,-2.5343511450381677,-0.462646484375,-0.028076171875,-0.217041015625,6.766
2.366412213740458,0.8091603053435115,-2.4122137404580153,-0.459716796875,-0.0263671875,-0.217041015625,6.7677
2.381679389312977,0.8549618320610687,-2.2748091603053435,-0.455810546875,-0.02490234375,-0.224365234375,6.769399999999999
2.3206106870229006,0.8396946564885496,-2.3206106870229006,-0.45849609375,-0.02392578125,-0.209228515625,6.7711
2.4427480916030535,0.916030534351145,-2.2748091603053435,-0.45556640625,-0.029052734375,-0.209228515625,6.772799999999999
2.33587786259542,1.0076335877862594,-2.2900763358778624,-0.462158203125,-0.02685546875,-0.217529296875,6.7745
2.366412213740458,0.8702290076335878,-2.3053435114503817,-0.4619140625,-0.02490234375,-0.218017578125,6.776199999999999
2.1526717557251906,0.8091603053435115,-2.4427480916030535,-0.458984375,-0.030029296875,-0.2109375,6.7779
2.3053435114503817,0.9618320610687023,-2.366412213740458,-0.45654296875,-0.0302734375,-0.218994140625,6.779599999999999
2.3206106870229006,1.1603053435114503,-2.4580152671755724,-0.457275390625,-0.023193359375,-0.21484375,6.7813
2.2595419847328246,0.8854961832061069,-2.3206106870229006,-0.4599609375,-0.026611328125,-0.209716796875,6.7829999999999995
2.183206106870229,0.8091603053435115,-2.4122137404580153,-0.45556640625,-0.03076171875,-0.212158203125,6.7847
2.1526717557251906,1.0229007633587786,-2.2595419847328246,-0.45751953125,-0.028564453125,-0.21435546875,6.7863999999999995
2.2442748091603053,0.9923664122137404,-2.3206106870229006,-0.455322265625,-0.02685546875,-0.203857421875,6.7881
2.122137404580153,0.8702290076335878,-2.4580152671755724,-0.458251953125,-0.033935546875,-0.21826171875,6.7898
2.0763358778625953,0.9465648854961832,-2.5801526717557253,-0.45947265625,-0.02587890625,-0.222412109375,6.791499999999999
2.16793893129771,0.8396946564885496,-2.519083969465649,-0.458984375,-0.027099609375,-0.211669921875,6.7932
2.030534351145038,0.8091603053435115,-2.5801526717557253,-0.453857421875,-0.0322265625,-0.21484375,6.794899999999999
1.9694656488549618,0.9618320610687023,-2.4580152671755724,-0.4599609375,-0.027099609375,-0.210205078125,6.7966
1.9236641221374047,0.9465648854961832,-2.4427480916030535,-0.458740234375,-0.028076171875,-0.218994140625,6.798299999999999
1.9389312977099236,0.9618320610687023,-2.427480916030534,-0.458251953125,-0.026123046875,-0.218505859375,6.8
2.030534351145038,1.0687022900763359,-2.3206106870229006,-0.45947265625,-0.032958984375,-0.2177734375,6.801699999999999
1.786259541984733,1.1908396946564885,-2.4122137404580153,-0.45361328125,-0.022705078125,-0.210693359375,6.8034
2.0610687022900764,1.0687022900763359,-2.4427480916030535,-0.457275390625,-0.031494140625,-0.213623046875,6.8050999999999995
2.16793893129771,1.1297709923664123,-2.4580152671755724,-0.45458984375,-0.029541015625,-0.217041015625,6.8068
2.1374045801526718,1.1450381679389312,-2.549618320610687,-0.461181640625,-0.027587890625,-0.225830078125,6.8084999999999996
2.1068702290076335,1.297709923664122,-2.381679389312977,-0.458740234375,-0.028076171875,-0.2119140625,6.8102
1.8778625954198473,1.3129770992366412,-2.366412213740458,-0.453125,-0.026611328125,-0.21142578125,6.8119
1.9083969465648856,1.083969465648855,-2.4427480916030535,-0.45458984375,-0.030517578125,-0.2099609375,6.813599999999999
2.122137404580153,1.099236641221374,-2.549618320610687,-0.457275390625,-0.024658203125,-0.208251953125,6.8153
1.9236641221374047,1.1908396946564885,-2.366412213740458,-0.45947265625,-0.028076171875,-0.213134765625,6.816999999999999
1.8473282442748091,1.3129770992366412,-2.2900763358778624,-0.45703125,-0.024169921875,-0.2177734375,6.8187
2.1068702290076335,1.0076335877862594,-2.4732824427480917,-0.458740234375,-0.030517578125,-0.209716796875,6.820399999999999
1.984732824427481,1.2061068702290076,-2.4427480916030535,-0.45654296875,-0.029541015625,-0.2197265625,6.8221
1.8473282442748091,1.297709923664122,-2.1374045801526718,-0.45849609375,-0.035888671875,-0.216796875,6.823799999999999
1.8625954198473282,1.4198473282442747,-2.33587786259542,-0.45556640625,-0.031494140625,-0.215576171875,6.8255
1.8473282442748091,1.2671755725190839,-2.33587786259542,-0.46044921875,-0.02783203125,-0.213623046875,6.8271999999999995
2.045801526717557,1.4045801526717556,-2.4427480916030535,-0.453125,-0.03173828125,-0.218994140625,6.8289
2.0916030534351147,1.450381679389313,-2.366412213740458,-0.45703125,-0.028076171875,-0.212890625,6.8306
1.816793893129771,1.618320610687023,-2.33587786259542,-0.461669921875,-0.027587890625,-0.20654296875,6.8323
1.9541984732824427,1.4809160305343512,-2.3206106870229006,-0.45947265625,-0.02685546875,-0.215576171875,6.834
1.9083969465648856,1.6641221374045803,-2.50381679389313,-0.45361328125,-0.033447265625,-0.21142578125,6.835699999999999
1.9694656488549618,1.6793893129770991,-2.351145038167939,-0.463134765625,-0.031494140625,-0.215576171875,6.8374
1.984732824427481,1.450381679389313,-2.427480916030534,-0.455322265625,-0.02685546875,-0.2138671875,6.839099999999999
2.0610687022900764,1.7099236641221374,-2.1374045801526718,-0.455810546875,-0.02783203125,-0.21337890625,6.8408
1.83206106870229,1.6488549618320612,-2.2900763358778624,-0.45947265625,-0.029052734375,-0.21240234375,6.842499999999999
1.9083969465648856,1.6946564885496183,-1.9694656488549618,-0.4580078125,-0.029052734375,-0.216552734375,6.8442
1.9694656488549618,1.618320610687023,-2.183206106870229,-0.4599609375,-0.030517578125,-0.21630859375,6.845899999999999
2.122137404580153,1.816793893129771,-2.2290076335877864,-0.453369140625,-0.02734375,-0.216064453125,6.8476
1.9541984732824427,1.9694656488549618,-2.1068702290076335,-0.4619140625,-0.0283203125,-0.21533203125,6.8492999999999995
1.8625954198473282,1.83206106870229,-2.122137404580153,-0.46240234375,-0.031982421875,-0.21826171875,6.851
1.9541984732824427,1.8778625954198473,-2.030534351145038,-0.461181640625,-0.024169921875,-0.21728515625,6.8527
2.030534351145038,2.030534351145038,-1.8778625954198473,-0.455322265625,-0.030517578125,-0.217041015625,6.8544
2.1068702290076335,2.030534351145038,-2.1068702290076335,-0.457275390625,-0.0205078125,-0.209716796875,6.8561
1.984732824427481,1.9541984732824427,-1.9541984732824427,-0.46044921875,-0.02978515625,-0.213134765625,6.857799999999999
1.9236641221374047,1.9541984732824427,-1.9541984732824427,-0.46240234375,-0.0244140625,-0.2158203125,6.8595
1.9236641221374047,2.1374045801526718,-1.7251908396946565,-0.4580078125,-0.0283203125,-0.2138671875,6.861199999999999
2.030534351145038,2.198473282442748,-1.8931297709923665,-0.458740234375,-0.03125,-0.21435546875,6.8629
1.9083969465648856,2.1068702290076335,-1.816793893129771,-0.456298828125,-0.025634765625,-0.212646484375,6.864599999999999
1.9694656488549618,2.2595419847328246,-1.8931297709923665,-0.458740234375,-0.024169921875,-0.20556640625,6.8663
2.0916030534351147,2.1526717557251906,-1.8625954198473282,-0.454833984375,-0.027587890625,-0.21484375,6.867999999999999
2.0916030534351147,2.183206106870229,-1.7099236641221374,-0.45947265625,-0.026123046875,-0.211181640625,6.8697
1.83206106870229,2.0610687022900764,-1.5877862595419847,-0.460693359375,-0.028564453125,-0.208984375,6.8713999999999995
1.8473282442748091,2.1374045801526718,-1.7709923664122138,-0.454833984375,-0.02734375,-0.214111328125,6.8731
2.030534351145038,2.351145038167939,-1.6793893129770991,-0.454833984375,-0.027587890625,-0.212890625,6.8748
2.0763358778625953,2.3053435114503817,-1.786259541984733,-0.45556640625,-0.0302734375,-0.2119140625,6.8765
1.8931297709923665,2.2290076335877864,-1.7099236641221374,-0.46044921875,-0.029541015625,-0.218505859375,6.8782
1.6946564885496183,2.2442748091603053,-1.5877862595419847,-0.459228515625,-0.031005859375,-0.211181640625,6.879899999999999
2.0916030534351147,2.4427480916030535,-1.5114503816793894,-0.45263671875,-0.0322265625,-0.20849609375,6.8816
2.1068702290076335,2.33587786259542,-1.7251908396946565,-0.45947265625,-0.02783203125,-0.217529296875,6.883299999999999
2.045801526717557,2.4122137404580153,-1.8015267175572518,-0.453369140625,-0.034912109375,-0.21533203125,6.885
1.984732824427481,2.2900763358778624,-1.6793893129770991,-0.451904296875,-0.033447265625,-0.209228515625,6.886699999999999
1.8473282442748091,2.3053435114503817,-1.5877862595419847,-0.457763671875,-0.02978515625,-0.215087890625,6.8884
1.8778625954198473,2.351145038167939,-1.7404580152671756,-0.45703125,-0.027587890625,-0.21240234375,6.8900999999999994
2.122137404580153,2.3053435114503817,-1.5419847328244274,-0.455810546875,-0.030517578125,-0.21435546875,6.8918
1.8625954198473282,2.4580152671755724,-1.6641221374045803,-0.45458984375,-0.03271484375,-0.208251953125,6.8934999999999995
1.7709923664122138,2.3969465648854964,-1.6793893129770991,-0.457763671875,-0.028564453125,-0.2158203125,6.8952
1.8931297709923665,2.2748091603053435,-1.7404580152671756,-0.455078125,-0.02587890625,-0.213623046875,6.8969
2.015267175572519,2.3969465648854964,-1.5267175572519085,-0.463134765625,-0.03125,-0.208740234375,6.898599999999999
1.8931297709923665,2.50381679389313,-1.5877862595419847,-0.457275390625,-0.030517578125,-0.217041015625,6.9003
1.984732824427481,2.366412213740458,-1.6793893129770991,-0.454833984375,-0.026123046875,-0.214599609375,6.901999999999999
1.8015267175572518,2.4122137404580153,-1.786259541984733,-0.45947265625,-0.02978515625,-0.212890625,6.9037
1.5877862595419847,2.4732824427480917,-1.5725190839694656,-0.4560546875,-0.0322265625,-0.21630859375,6.905399999999999
1.9694656488549618,2.4122137404580153,-1.7099236641221374,-0.457275390625,-0.033447265625,-0.21142578125,6.9071
2.0,2.519083969465649,-1.6793893129770991,-0.45654296875,-0.03076171875,-0.21435546875,6.908799999999999
1.7557251908396947,2.2900763358778624,-1.633587786259542,-0.4599609375,-0.02734375,-0.213623046875,6.9105
1.984732824427481,2.4732824427480917,-1.7251908396946565,-0.456787109375,-0.02490234375,-0.21044921875,6.9121999999999995
1.83206106870229,2.4732824427480917,-1.8625954198473282,-0.457275390625,-0.02978515625,-0.2138671875,6.9139
1.7404580152671756,2.366412213740458,-1.6641221374045803,-0.454833984375,-0.0341796875,-0.21875,6.9155999999999995
1.7099236641221374,2.2748091603053435,-1.6488549618320612,-0.4580078125,-0.030029296875,-0.216796875,6.9173
1.6946564885496183,2.3053435114503817,-1.5877862595419847,-0.454833984375,-0.028076171875,-0.207275390625,6.919
1.7557251908396947,2.381679389312977,-1.7251908396946565,-0.45654296875,-0.033447265625,-0.209228515625,6.920699999999999
1.6488549618320612,2.4580152671755724,-1.5877862595419847,-0.45751953125,-0.029052734375,-0.21240234375,6.9224
1.8931297709923665,2.4122137404580153,-1.816793893129771,-0.4580078125,-0.02783203125,-0.214599609375,6.924099999999999
1.5725190839694656,2.5343511450381677,-1.7709923664122138,-0.455322265625,-0.029052734375,-0.228515625,6.9258
1.5114503816793894,2.50381679389313,-1.7709923664122138,-0.457763671875,-0.029052734375,-0.214599609375,6.927499999999999
1.7099236641221374,2.381679389312977,-1.5725190839694656,-0.457763671875,-0.02734375,-0.2099609375,6.9292
1.7404580152671756,2.6106870229007635,-1.618320610687023,-0.453857421875,-0.0283203125,-0.213134765625,6.930899999999999
1.6488549618320612,2.381679389312977,-1.7557251908396947,-0.457763671875,-0.029541015625,-0.21435546875,6.9326
1.5419847328244274,2.6106870229007635,-1.633587786259542,-0.45703125,-0.028564453125,-0.218017578125,6.9342999999999995
1.5572519083969465,2.5801526717557253,-1.4198473282442747,-0.456787109375,-0.032470703125,-0.218994140625,6.936
1.633587786259542,2.687022900763359,-1.6030534351145038,-0.45751953125,-0.029052734375,-0.21142578125,6.9376999999999995
1.3282442748091603,2.732824427480916,-1.5419847328244274,-0.44921875,-0.03466796875,-0.204345703125,6.9394
1.3740458015267176,2.7022900763358777,-1.816793893129771,-0.445068359375,-0.030029296875,-0.215087890625,6.9411
1.5267175572519085,2.732824427480916,-1.6641221374045803,-0.45458984375,-0.03125,-0.214599609375,6.942799999999999
1.6488549618320612,2.6412213740458017,-1.5725190839694656,-0.458740234375,-0.03369140625,-0.22265625,6.9445
1.6488549618320612,2.50381679389313,-1.5267175572519085,-0.4599609375,-0.0322265625,-0.21923828125,6.946199999999999
1.4809160305343512,2.595419847328244,-1.5572519083969465,-0.457763671875,-0.029541015625,-0.207763671875,6.9479
1.3282442748091603,2.50381679389313,-1.6793893129770991,-0.459716796875,-0.02880859375,-0.21044921875,6.949599999999999
1.4809160305343512,2.717557251908397,-1.5267175572519085,-0.45947265625,-0.03076171875,-0.2158203125,6.9513
1.3740458015267176,2.6106870229007635,-1.6793893129770991,-0.45849609375,-0.033447265625,-0.22021484375,6.952999999999999
1.5267175572519085,2.5801526717557253,-1.5725190839694656,-0.45654296875,-0.03125,-0.216064453125,6.9547
1.5267175572519085,2.7480916030534353,-1.4198473282442747,-0.451416015625,-0.029541015625,-0.215576171875,6.9563999999999995
1.297709923664122,2.7480916030534353,-1.5572519083969465,-0.45556640625,-0.031982421875,-0.211181640625,6.9581
1.3435114503816794,2.7022900763358777,-1.5114503816793894,-0.455810546875,-0.03515625,-0.217041015625,6.9597999999999995
1.3893129770992367,2.732824427480916,-1.5114503816793894,-0.454345703125,-0.029052734375,-0.2119140625,6.9615
1.1603053435114503,2.8091603053435112,-1.633587786259542,-0.4560546875,-0.03125,-0.21484375,6.9632
1.3282442748091603,2.8244274809160306,-1.3893129770992367,-0.4619140625,-0.03125,-0.2177734375,6.964899999999999
1.4351145038167938,2.732824427480916,-1.450381679389313,-0.4560546875,-0.028564453125,-0.219970703125,6.9666
1.1145038167938932,2.519083969465649,-1.5114503816793894,-0.455810546875,-0.032470703125,-0.214111328125,6.968299999999999
1.3893129770992367,2.763358778625954,-1.2671755725190839,-0.45458984375,-0.030517578125,-0.208984375,6.97
1.282442748091603,2.7480916030534353,-1.3587786259541985,-0.45654296875,-0.030517578125,-0.218994140625,6.971699999999999
1.3129770992366412,2.5801526717557253,-1.1603053435114503,-0.45703125,-0.026123046875,-0.215087890625,6.9734
1.2213740458015268,2.4580152671755724,-1.0534351145038168,-0.45849609375,-0.02880859375,-0.211181640625,6.975099999999999
1.2061068702290076,2.564885496183206,-1.2213740458015268,-0.454345703125,-0.02587890625,-0.2158203125,6.9768
