gyrox1,gyroy1,gyroz1,accelx1,accely1,accelz1,Time
0.5954198473282443,1.0534351145038168,-1.083969465648855,-0.463623046875,-0.049560546875,-0.14794921875,0.0
0.5343511450381679,1.1145038167938932,-1.1908396946564885,-0.466064453125,-0.048583984375,-0.1494140625,0.0017
0.7480916030534351,1.1450381679389312,-1.297709923664122,-0.466064453125,-0.047607421875,-0.15576171875,0.0034
0.8244274809160306,1.0229007633587786,-1.2061068702290076,-0.459228515625,-0.0537109375,-0.14306640625,0.0050999999999999995
0.7938931297709924,0.9465648854961832,-1.099236641221374,-0.463623046875,-0.050537109375,-0.14453125,0.0068
0.6564885496183206,0.9923664122137404,-1.099236641221374,-0.460205078125,-0.047119140625,-0.146240234375,0.008499999999999999
0.6412213740458015,1.099236641221374,-1.099236641221374,-0.463134765625,-0.051513671875,-0.139404296875,0.010199999999999999
0.8244274809160306,0.9770992366412213,-1.083969465648855,-0.46044921875,-0.05126953125,-0.144287109375,0.011899999999999999
0.9465648854961832,1.0381679389312977,-1.2061068702290076,-0.464599609375,-0.045166015625,-0.150146484375,0.0136
0.8854961832061069,1.0229007633587786,-1.1603053435114503,-0.466552734375,-0.05126953125,-0.145263671875,0.0153
0.7175572519083969,0.9312977099236641,-1.1603053435114503,-0.46484375,-0.051513671875,-0.144287109375,0.016999999999999998
0.7938931297709924,0.9923664122137404,-1.3893129770992367,-0.46240234375,-0.052978515625,-0.142822265625,0.018699999999999998
0.7022900763358778,0.9618320610687023,-1.2366412213740459,-0.4638671875,-0.0537109375,-0.1435546875,0.020399999999999998
0.8244274809160306,1.0381679389312977,-1.1908396946564885,-0.463623046875,-0.049072265625,-0.140625,0.022099999999999998
1.0229007633587786,0.9770992366412213,-1.297709923664122,-0.461181640625,-0.046875,-0.14697265625,0.023799999999999998
0.9465648854961832,0.8091603053435115,-1.1145038167938932,-0.465576171875,-0.048583984375,-0.141845703125,0.0255
0.9618320610687023,0.9770992366412213,-1.3435114503816794,-0.462646484375,-0.047607421875,-0.1435546875,0.0272
0.9312977099236641,1.0076335877862594,-1.251908396946565,-0.459228515625,-0.047607421875,-0.140380859375,0.0289
0.9007633587786259,1.1297709923664123,-1.4809160305343512,-0.457763671875,-0.049072265625,-0.1435546875,0.0306
0.9007633587786259,0.916030534351145,-1.3893129770992367,-0.462158203125,-0.049072265625,-0.145751953125,0.032299999999999995
0.9312977099236641,0.916030534351145,-1.3435114503816794,-0.4599609375,-0.052490234375,-0.14892578125,0.033999999999999996
0.9465648854961832,1.1450381679389312,-1.4045801526717556,-0.46240234375,-0.048583984375,-0.142333984375,0.035699999999999996
0.9312977099236641,1.0076335877862594,-1.4045801526717556,-0.46044921875,-0.05029296875,-0.136962890625,0.037399999999999996
1.0687022900763359,1.0381679389312977,-1.3435114503816794,-0.45703125,-0.050048828125,-0.141357421875,0.039099999999999996
1.0534351145038168,1.0381679389312977,-1.297709923664122,-0.465576171875,-0.054443359375,-0.141357421875,0.040799999999999996
0.9007633587786259,1.2366412213740459,-1.3129770992366412,-0.46435546875,-0.0517578125,-0.1435546875,0.042499999999999996
1.0381679389312977,1.083969465648855,-1.4198473282442747,-0.4638671875,-0.052978515625,-0.1484375,0.044199999999999996
1.0229007633587786,1.1145038167938932,-1.465648854961832,-0.46435546875,-0.0517578125,-0.153564453125,0.045899999999999996
1.2213740458015268,1.1755725190839694,-1.5725190839694656,-0.465576171875,-0.05224609375,-0.146484375,0.047599999999999996
1.1145038167938932,1.2061068702290076,-1.3740458015267176,-0.46484375,-0.0517578125,-0.143798828125,0.0493
1.1450381679389312,1.1450381679389312,-1.7404580152671756,-0.457275390625,-0.0517578125,-0.145751953125,0.051
1.282442748091603,1.1450381679389312,-1.4351145038167938,-0.459716796875,-0.04833984375,-0.1396484375,0.0527
1.0229007633587786,1.0534351145038168,-1.4198473282442747,-0.4599609375,-0.051025390625,-0.150634765625,0.0544
1.1297709923664123,1.2213740458015268,-1.4809160305343512,-0.465087890625,-0.052978515625,-0.146240234375,0.0561
0.9770992366412213,1.2213740458015268,-1.4351145038167938,-0.46240234375,-0.04443359375,-0.142822265625,0.0578
1.1145038167938932,1.1908396946564885,-1.2213740458015268,-0.4658203125,-0.05126953125,-0.1416015625,0.0595
0.9312977099236641,1.2061068702290076,-1.5114503816793894,-0.462890625,-0.052734375,-0.144287109375,0.0612
1.099236641221374,1.2213740458015268,-1.5114503816793894,-0.4638671875,-0.04833984375,-0.140380859375,0.0629
1.0229007633587786,1.251908396946565,-1.6488549618320612,-0.4638671875,-0.05029296875,-0.140380859375,0.06459999999999999
0.9312977099236641,1.1450381679389312,-1.465648854961832,-0.46044921875,-0.052734375,-0.14404296875,0.0663
0.9465648854961832,1.3587786259541985,-1.4961832061068703,-0.46435546875,-0.049560546875,-0.1494140625,0.06799999999999999
0.9770992366412213,1.3587786259541985,-1.5267175572519085,-0.458740234375,-0.0517578125,-0.145751953125,0.0697
0.916030534351145,1.2366412213740459,-1.4198473282442747,-0.458984375,-0.051025390625,-0.14404296875,0.07139999999999999
0.9465648854961832,1.099236641221374,-1.5114503816793894,-0.462158203125,-0.056396484375,-0.134521484375,0.0731
1.1755725190839694,1.2366412213740459,-1.465648854961832,-0.466064453125,-0.0556640625,-0.13671875,0.07479999999999999
0.9923664122137404,1.3129770992366412,-1.3740458015267176,-0.465087890625,-0.052490234375,-0.135986328125,0.0765
1.083969465648855,1.4351145038167938,-1.5572519083969465,-0.465576171875,-0.048583984375,-0.145263671875,0.07819999999999999
0.9618320610687023,1.3893129770992367,-1.4809160305343512,-0.466796875,-0.0537109375,-0.14404296875,0.0799
1.1145038167938932,1.5267175572519085,-1.618320610687023,-0.464599609375,-0.0517578125,-0.14794921875,0.08159999999999999
0.9923664122137404,1.4961832061068703,-1.4351145038167938,-0.461669921875,-0.050048828125,-0.152099609375,0.0833
0.7480916030534351,1.3435114503816794,-1.2671755725190839,-0.4638671875,-0.05322265625,-0.1474609375,0.08499999999999999
0.916030534351145,1.3893129770992367,-1.3129770992366412,-0.46337890625,-0.049560546875,-0.151123046875,0.0867
0.8091603053435115,1.6030534351145038,-1.4351145038167938,-0.4619140625,-0.0498046875,-0.149169921875,0.08839999999999999
0.9465648854961832,1.6793893129770991,-1.3893129770992367,-0.461181640625,-0.054931640625,-0.140380859375,0.0901
0.9007633587786259,1.5267175572519085,-1.5725190839694656,-0.464111328125,-0.05224609375,-0.14599609375,0.09179999999999999
0.7022900763358778,1.5725190839694656,-1.2061068702290076,-0.460205078125,-0.052734375,-0.146240234375,0.0935
0.7633587786259542,1.6641221374045803,-1.4351145038167938,-0.458251953125,-0.0498046875,-0.14501953125,0.09519999999999999
0.7633587786259542,1.5877862595419847,-1.282442748091603,-0.45556640625,-0.048828125,-0.14501953125,0.0969
0.5343511450381679,1.4809160305343512,-1.450381679389313,-0.4599609375,-0.05224609375,-0.1455078125,0.0986
0.8549618320610687,1.618320610687023,-1.2213740458015268,-0.464111328125,-0.048828125,-0.14697265625,0.1003
0.6870229007633588,1.5267175572519085,-1.3740458015267176,-0.460693359375,-0.04931640625,-0.143798828125,0.102
0.5954198473282443,1.5114503816793894,-1.1297709923664123,-0.46044921875,-0.047607421875,-0.14794921875,0.1037
0.6106870229007634,1.5877862595419847,-1.3435114503816794,-0.4599609375,-0.04833984375,-0.146728515625,0.1054
0.5190839694656488,1.5267175572519085,-1.0687022900763359,-0.462158203125,-0.05224609375,-0.1533203125,0.1071
0.48854961832061067,1.6030534351145038,-1.0534351145038168,-0.4619140625,-0.048583984375,-0.143310546875,0.1088
0.44274809160305345,1.5114503816793894,-1.0381679389312977,-0.46240234375,-0.05078125,-0.14306640625,0.11049999999999999
0.5038167938931297,1.4351145038167938,-1.2061068702290076,-0.457275390625,-0.052490234375,-0.140625,0.1122
0.33587786259541985,1.5725190839694656,-1.0229007633587786,-0.457763671875,-0.051025390625,-0.14599609375,0.11389999999999999
0.4580152671755725,1.5114503816793894,-1.2061068702290076,-0.456787109375,-0.05029296875,-0.14453125,0.1156
0.42748091603053434,1.5267175572519085,-0.9007633587786259,-0.463134765625,-0.048828125,-0.142822265625,0.11729999999999999
0.33587786259541985,1.6946564885496183,-0.9923664122137404,-0.46533203125,-0.052001953125,-0.14404296875,0.119
0.5038167938931297,1.618320610687023,-1.1450381679389312,-0.466064453125,-0.0517578125,-0.144287109375,0.12069999999999999
0.42748091603053434,1.4809160305343512,-1.0534351145038168,-0.467041015625,-0.05322265625,-0.142578125,0.1224
0.4122137404580153,1.7709923664122138,-1.083969465648855,-0.453857421875,-0.050048828125,-0.1474609375,0.12409999999999999
0.5954198473282443,1.7709923664122138,-1.099236641221374,-0.458251953125,-0.050048828125,-0.144775390625,0.1258
0.5648854961832062,1.9389312977099236,-1.083969465648855,-0.46435546875,-0.05224609375,-0.150390625,0.1275
0.44274809160305345,1.7557251908396947,-1.1297709923664123,-0.46630859375,-0.0498046875,-0.1494140625,0.12919999999999998
0.4580152671755725,1.816793893129771,-1.2213740458015268,-0.463134765625,-0.050537109375,-0.144287109375,0.1309
0.48854961832061067,1.8015267175572518,-1.1755725190839694,-0.45751953125,-0.049560546875,-0.139404296875,0.1326
0.549618320610687,1.8778625954198473,-1.0076335877862594,-0.46826171875,-0.051513671875,-0.1494140625,0.1343
0.5190839694656488,1.8778625954198473,-1.0687022900763359,-0.46240234375,-0.048583984375,-0.144775390625,0.13599999999999998
0.5343511450381679,1.9694656488549618,-1.1450381679389312,-0.46142578125,-0.0556640625,-0.146240234375,0.1377
0.4732824427480916,1.7404580152671756,-1.3129770992366412,-0.461669921875,-0.051513671875,-0.147216796875,0.1394
0.5343511450381679,1.6641221374045803,-1.0534351145038168,-0.46240234375,-0.050537109375,-0.1474609375,0.1411
0.6106870229007634,1.8473282442748091,-1.297709923664122,-0.467041015625,-0.054931640625,-0.14599609375,0.14279999999999998
0.366412213740458,2.0,-0.9770992366412213,-0.47021484375,-0.053466796875,-0.150634765625,0.1445
0.5343511450381679,1.8931297709923665,-1.1145038167938932,-0.471435546875,-0.04931640625,-0.146728515625,0.1462
0.5648854961832062,1.816793893129771,-1.0687022900763359,-0.4638671875,-0.049560546875,-0.146240234375,0.1479
0.549618320610687,2.045801526717557,-1.251908396946565,-0.461181640625,-0.051025390625,-0.142578125,0.14959999999999998
0.3969465648854962,1.8625954198473282,-1.1145038167938932,-0.4638671875,-0.048095703125,-0.150146484375,0.1513
0.7022900763358778,2.015267175572519,-1.1908396946564885,-0.461181640625,-0.048828125,-0.14892578125,0.153
0.6564885496183206,2.0,-1.2213740458015268,-0.469970703125,-0.050048828125,-0.136962890625,0.1547
0.5190839694656488,1.8931297709923665,-1.3129770992366412,-0.46435546875,-0.052734375,-0.138916015625,0.15639999999999998
0.6412213740458015,1.9694656488549618,-1.2671755725190839,-0.465087890625,-0.048828125,-0.149658203125,0.1581
0.5801526717557252,2.0763358778625953,-1.450381679389313,-0.466064453125,-0.046630859375,-0.143798828125,0.1598
0.5954198473282443,1.9389312977099236,-1.3435114503816794,-0.462158203125,-0.05078125,-0.14453125,0.1615
0.6564885496183206,2.0916030534351147,-1.3282442748091603,-0.459716796875,-0.052001953125,-0.13330078125,0.16319999999999998
0.5648854961832062,2.183206106870229,-1.4198473282442747,-0.462890625,-0.05322265625,-0.1435546875,0.1649
0.7786259541984732,1.9389312977099236,-1.3129770992366412,-0.458740234375,-0.055908203125,-0.142822265625,0.1666
0.549618320610687,2.045801526717557,-1.3435114503816794,-0.465576171875,-0.0546875,-0.149169921875,0.16829999999999998
0.6870229007633588,1.8778625954198473,-1.3129770992366412,-0.4658203125,-0.053955078125,-0.14990234375,0.16999999999999998
0.6412213740458015,1.984732824427481,-1.4045801526717556,-0.4619140625,-0.043212890625,-0.148193359375,0.1717
0.8244274809160306,1.9236641221374047,-1.297709923664122,-0.46435546875,-0.0556640625,-0.146728515625,0.1734
0.8702290076335878,1.786259541984733,-1.3587786259541985,-0.46533203125,-0.0517578125,-0.140380859375,0.17509999999999998
0.5648854961832062,1.816793893129771,-1.3282442748091603,-0.467529296875,-0.052490234375,-0.14404296875,0.17679999999999998
0.7480916030534351,1.7251908396946565,-1.3282442748091603,-0.459716796875,-0.05224609375,-0.148193359375,0.1785
0.7022900763358778,1.9083969465648856,-1.4045801526717556,-0.46044921875,-0.05078125,-0.140625,0.1802
0.549618320610687,1.7099236641221374,-1.2366412213740459,-0.46044921875,-0.05517578125,-0.143310546875,0.18189999999999998
0.8244274809160306,1.4809160305343512,-1.1755725190839694,-0.462158203125,-0.0546875,-0.146240234375,0.18359999999999999
0.5190839694656488,1.6641221374045803,-1.1603053435114503,-0.463623046875,-0.050048828125,-0.14404296875,0.1853
0.7175572519083969,1.5419847328244274,-1.2366412213740459,-0.467041015625,-0.0546875,-0.147216796875,0.187
0.6412213740458015,1.5419847328244274,-1.0229007633587786,-0.45751953125,-0.050537109375,-0.14501953125,0.18869999999999998
0.6870229007633588,1.450381679389313,-0.916030534351145,-0.460205078125,-0.0517578125,-0.143310546875,0.19039999999999999
0.6717557251908397,1.450381679389313,-0.9465648854961832,-0.4619140625,-0.052978515625,-0.142822265625,0.1921
0.5648854961832062,1.3129770992366412,-0.9923664122137404,-0.464599609375,-0.052978515625,-0.1455078125,0.1938
0.4122137404580153,1.1908396946564885,-1.0076335877862594,-0.453857421875,-0.051025390625,-0.142578125,0.19549999999999998
0.48854961832061067,1.3435114503816794,-0.8244274809160306,-0.4638671875,-0.052001953125,-0.147705078125,0.1972
0.6870229007633588,1.1755725190839694,-0.8702290076335878,-0.4658203125,-0.055908203125,-0.138916015625,0.1989
0.5648854961832062,1.1755725190839694,-0.7022900763358778,-0.4580078125,-0.048095703125,-0.14013671875,0.2006
0.3969465648854962,1.0534351145038168,-0.732824427480916,-0.456787109375,-0.052734375,-0.152587890625,0.20229999999999998
0.2900763358778626,1.099236641221374,-0.7022900763358778,-0.45849609375,-0.048828125,-0.146728515625,0.204
0.5038167938931297,0.916030534351145,-0.7938931297709924,-0.466552734375,-0.050537109375,-0.146240234375,0.2057
0.5648854961832062,1.0229007633587786,-0.7175572519083969,-0.456787109375,-0.054931640625,-0.14404296875,0.2074
0.22900763358778625,1.0076335877862594,-0.6717557251908397,-0.457275390625,-0.05322265625,-0.14599609375,0.20909999999999998
0.33587786259541985,0.9618320610687023,-0.6259541984732825,-0.463623046875,-0.050537109375,-0.140625,0.2108
0.366412213740458,1.0687022900763359,-0.5190839694656488,-0.457275390625,-0.0546875,-0.143310546875,0.2125
0.2900763358778626,0.9618320610687023,-0.4732824427480916,-0.45703125,-0.055908203125,-0.147216796875,0.2142
0.015267175572519083,0.7938931297709924,-0.5343511450381679,-0.45703125,-0.05126953125,-0.149658203125,0.21589999999999998
0.24427480916030533,0.8854961832061069,-0.4580152671755725,-0.4619140625,-0.0546875,-0.14697265625,0.2176
0.1984732824427481,0.9312977099236641,-0.5038167938931297,-0.464111328125,-0.057373046875,-0.146484375,0.2193
0.07633587786259542,0.9618320610687023,-0.4732824427480916,-0.46142578125,-0.05322265625,-0.1484375,0.22099999999999997
-0.04580152671755725,0.9465648854961832,-0.5343511450381679,-0.46435546875,-0.048583984375,-0.15380859375,0.22269999999999998
-0.04580152671755725,0.9007633587786259,-0.44274809160305345,-0.46484375,-0.049560546875,-0.14697265625,0.2244
-0.030534351145038167,0.8854961832061069,-0.5343511450381679,-0.46240234375,-0.0498046875,-0.138916015625,0.2261
-0.061068702290076333,0.7633587786259542,-0.4580152671755725,-0.454345703125,-0.054443359375,-0.150146484375,0.22779999999999997
-0.0916030534351145,0.6106870229007634,-0.4580152671755725,-0.456298828125,-0.04833984375,-0.145751953125,0.22949999999999998
-0.13740458015267176,0.8244274809160306,-0.5190839694656488,-0.458251953125,-0.04931640625,-0.139892578125,0.2312
-0.2748091603053435,0.8396946564885496,-0.5038167938931297,-0.460693359375,-0.05322265625,-0.1455078125,0.2329
-0.183206106870229,0.7175572519083969,-0.4580152671755725,-0.459716796875,-0.050537109375,-0.150146484375,0.23459999999999998
-0.07633587786259542,0.6717557251908397,-0.3053435114503817,-0.45654296875,-0.051513671875,-0.144287109375,0.23629999999999998
-0.1984732824427481,0.9770992366412213,-0.44274809160305345,-0.455078125,-0.049072265625,-0.143798828125,0.238
-0.3053435114503817,0.8854961832061069,-0.5648854961832062,-0.45703125,-0.052734375,-0.1474609375,0.2397
-0.33587786259541985,0.8396946564885496,-0.4122137404580153,-0.46337890625,-0.052001953125,-0.14453125,0.24139999999999998
-0.32061068702290074,0.9618320610687023,-0.6259541984732825,-0.46533203125,-0.05029296875,-0.1337890625,0.24309999999999998
-0.3969465648854962,0.9770992366412213,-0.5038167938931297,-0.461669921875,-0.05078125,-0.145263671875,0.2448
-0.4732824427480916,0.9770992366412213,-0.6564885496183206,-0.462158203125,-0.052734375,-0.1484375,0.2465
-0.5648854961832062,0.8854961832061069,-0.366412213740458,-0.463623046875,-0.050048828125,-0.1455078125,0.24819999999999998
-0.549618320610687,0.8854961832061069,-0.6564885496183206,-0.462158203125,-0.052734375,-0.14404296875,0.24989999999999998
-0.4122137404580153,1.0534351145038168,-0.7786259541984732,-0.459228515625,-0.05419921875,-0.1435546875,0.2516
-0.5190839694656488,0.8396946564885496,-0.549618320610687,-0.46142578125,-0.052734375,-0.1396484375,0.25329999999999997
-0.6870229007633588,0.9618320610687023,-0.5190839694656488,-0.461181640625,-0.052734375,-0.140869140625,0.255
-0.6259541984732825,1.0076335877862594,-0.732824427480916,-0.463623046875,-0.051513671875,-0.153564453125,0.2567
-0.6717557251908397,0.9312977099236641,-0.5954198473282443,-0.462890625,-0.052490234375,-0.13916015625,0.25839999999999996
-0.5648854961832062,0.8091603053435115,-0.8396946564885496,-0.463134765625,-0.052734375,-0.143798828125,0.2601
-0.8549618320610687,0.8549618320610687,-0.6412213740458015,-0.467041015625,-0.050537109375,-0.14306640625,0.2618
-0.8091603053435115,0.9618320610687023,-0.6564885496183206,-0.460205078125,-0.0537109375,-0.147705078125,0.2635
-0.8702290076335878,1.0534351145038168,-0.7938931297709924,-0.463134765625,-0.052490234375,-0.13916015625,0.2652
-0.8244274809160306,1.0229007633587786,-0.7938931297709924,-0.4619140625,-0.049560546875,-0.151611328125,0.26689999999999997
-0.8854961832061069,0.7938931297709924,-0.6717557251908397,-0.459716796875,-0.0556640625,-0.142333984375,0.2686
-0.732824427480916,0.9923664122137404,-0.6564885496183206,-0.4619140625,-0.0537109375,-0.13916015625,0.2703
-0.8396946564885496,1.0381679389312977,-0.7633587786259542,-0.457275390625,-0.046875,-0.138916015625,0.27199999999999996
-1.0229007633587786,1.0229007633587786,-0.8244274809160306,-0.46533203125,-0.047119140625,-0.14599609375,0.2737
-0.7938931297709924,0.8244274809160306,-0.7480916030534351,-0.46337890625,-0.0517578125,-0.14794921875,0.2754
-0.7175572519083969,0.8854961832061069,-0.9923664122137404,-0.466552734375,-0.0498046875,-0.14892578125,0.27709999999999996
-1.0534351145038168,1.1603053435114503,-0.916030534351145,-0.46240234375,-0.052978515625,-0.141357421875,0.2788
-1.0076335877862594,1.1297709923664123,-0.8091603053435115,-0.462158203125,-0.048095703125,-0.14208984375,0.28049999999999997
-0.9312977099236641,0.9007633587786259,-0.6564885496183206,-0.458740234375,-0.052978515625,-0.141357421875,0.2822
-0.8854961832061069,0.8091603053435115,-0.8702290076335878,-0.458984375,-0.048095703125,-0.135986328125,0.2839
-0.9465648854961832,0.9007633587786259,-0.916030534351145,-0.459716796875,-0.050537109375,-0.143310546875,0.28559999999999997
-1.0076335877862594,0.9770992366412213,-0.8396946564885496,-0.46728515625,-0.0498046875,-0.139404296875,0.2873
-0.9770992366412213,0.8702290076335878,-0.8702290076335878,-0.461181640625,-0.0498046875,-0.1474609375,0.289
-1.0381679389312977,1.0076335877862594,-1.0381679389312977,-0.460205078125,-0.050537109375,-0.147705078125,0.29069999999999996
-1.0381679389312977,1.0381679389312977,-0.7480916030534351,-0.462158203125,-0.052001953125,-0.145263671875,0.2924
-1.0534351145038168,0.9770992366412213,-0.9770992366412213,-0.463623046875,-0.050537109375,-0.142333984375,0.2941
-1.1297709923664123,1.0534351145038168,-0.8244274809160306,-0.4599609375,-0.04931640625,-0.148681640625,0.2958
-0.9923664122137404,1.1755725190839694,-0.9923664122137404,-0.46337890625,-0.046142578125,-0.14453125,0.2975
-0.8854961832061069,1.0381679389312977,-0.9923664122137404,-0.465576171875,-0.04736328125,-0.139892578125,0.29919999999999997
-0.9007633587786259,0.9465648854961832,-1.0229007633587786,-0.462890625,-0.049560546875,-0.143798828125,0.3009
-1.0534351145038168,1.0687022900763359,-0.8091603053435115,-0.46044921875,-0.048095703125,-0.140625,0.3026
-0.8702290076335878,1.1603053435114503,-0.8549618320610687,-0.462890625,-0.050537109375,-0.140869140625,0.30429999999999996
-0.9618320610687023,0.8854961832061069,-0.8702290076335878,-0.46533203125,-0.04443359375,-0.144775390625,0.306
-0.9618320610687023,0.9618320610687023,-0.9618320610687023,-0.462890625,-0.05224609375,-0.142333984375,0.3077
-0.9465648854961832,1.083969465648855,-0.7480916030534351,-0.463134765625,-0.052734375,-0.1435546875,0.3094
-0.7633587786259542,1.099236641221374,-0.9618320610687023,-0.468505859375,-0.0400390625,-0.140380859375,0.3111
-0.8244274809160306,0.9465648854961832,-1.0534351145038168,-0.46240234375,-0.05029296875,-0.1435546875,0.31279999999999997
-0.8702290076335878,0.9923664122137404,-0.8702290076335878,-0.46337890625,-0.047607421875,-0.143798828125,0.3145
-0.732824427480916,0.8854961832061069,-0.8244274809160306,-0.46435546875,-0.048828125,-0.143798828125,0.3162
-0.6564885496183206,0.916030534351145,-1.1297709923664123,-0.457763671875,-0.049072265625,-0.14453125,0.31789999999999996
-0.7633587786259542,0.9770992366412213,-0.8702290076335878,-0.46044921875,-0.043212890625,-0.144287109375,0.3196
-0.6870229007633588,0.9312977099236641,-0.8549618320610687,-0.4619140625,-0.04736328125,-0.144775390625,0.3213
-0.5190839694656488,1.0076335877862594,-0.8549618320610687,-0.462158203125,-0.044677734375,-0.142333984375,0.323
-0.7786259541984732,0.9770992366412213,-0.8854961832061069,-0.46826171875,-0.044677734375,-0.13427734375,0.3247
-0.5343511450381679,1.1145038167938932,-0.9618320610687023,-0.463134765625,-0.048828125,-0.14208984375,0.32639999999999997
-0.48854961832061067,0.7786259541984732,-0.9923664122137404,-0.462890625,-0.046630859375,-0.141357421875,0.3281
-0.4732824427480916,1.0076335877862594,-1.0076335877862594,-0.463134765625,-0.044921875,-0.14453125,0.3298
-0.3053435114503817,0.8396946564885496,-1.3282442748091603,-0.47021484375,-0.043701171875,-0.143798828125,0.33149999999999996
-0.366412213740458,0.9465648854961832,-0.9312977099236641,-0.46728515625,-0.0458984375,-0.146240234375,0.3332
-0.33587786259541985,1.083969465648855,-0.8549618320610687,-0.46240234375,-0.046875,-0.148193359375,0.3349
-0.1984732824427481,0.9770992366412213,-0.8549618320610687,-0.464599609375,-0.0478515625,-0.1396484375,0.33659999999999995
-0.15267175572519084,0.9770992366412213,-1.0381679389312977,-0.46142578125,-0.046630859375,-0.135498046875,0.3383
0.030534351145038167,1.0076335877862594,-1.1755725190839694,-0.466064453125,-0.044677734375,-0.144287109375,0.33999999999999997
0.0916030534351145,1.0076335877862594,-1.1755725190839694,-0.46142578125,-0.047119140625,-0.1416015625,0.3417
0.015267175572519083,1.1145038167938932,-0.9923664122137404,-0.464599609375,-0.043212890625,-0.145751953125,0.3434
0.04580152671755725,1.099236641221374,-1.083969465648855,-0.4716796875,-0.048095703125,-0.14208984375,0.34509999999999996
0.061068702290076333,0.9770992366412213,-0.9618320610687023,-0.4638671875,-0.045654296875,-0.14306640625,0.3468
0.16793893129770993,1.0076335877862594,-1.1297709923664123,-0.464111328125,-0.044921875,-0.14697265625,0.3485
0.2900763358778626,0.9770992366412213,-1.0076335877862594,-0.46435546875,-0.049072265625,-0.142822265625,0.35019999999999996
0.21374045801526717,1.0687022900763359,-1.1755725190839694,-0.456787109375,-0.04443359375,-0.1533203125,0.3519
0.16793893129770993,1.1908396946564885,-1.1145038167938932,-0.4619140625,-0.04736328125,-0.137451171875,0.35359999999999997
0.32061068702290074,1.099236641221374,-1.2213740458015268,-0.464111328125,-0.0478515625,-0.148193359375,0.3553
0.3969465648854962,1.0381679389312977,-1.0229007633587786,-0.463623046875,-0.050537109375,-0.14306640625,0.357
0.33587786259541985,1.2061068702290076,-1.1755725190839694,-0.467529296875,-0.050048828125,-0.14404296875,0.35869999999999996
0.3816793893129771,1.0534351145038168,-1.099236641221374,-0.462890625,-0.047119140625,-0.141845703125,0.3604
0.33587786259541985,1.1908396946564885,-1.3129770992366412,-0.461181640625,-0.04150390625,-0.137939453125,0.3621
0.48854961832061067,1.2366412213740459,-1.3893129770992367,-0.465576171875,-0.04443359375,-0.14208984375,0.36379999999999996
0.4732824427480916,1.251908396946565,-1.2061068702290076,-0.46435546875,-0.04638671875,-0.142333984375,0.3655
0.48854961832061067,1.0534351145038168,-1.297709923664122,-0.460693359375,-0.043701171875,-0.13525390625,0.36719999999999997
0.5343511450381679,1.1450381679389312,-1.282442748091603,-0.46240234375,-0.049072265625,-0.14794921875,0.3689
0.5190839694656488,1.1450381679389312,-1.3740458015267176,-0.46533203125,-0.049560546875,-0.15283203125,0.3706
0.6259541984732825,1.1755725190839694,-1.297709923664122,-0.469970703125,-0.046142578125,-0.147705078125,0.37229999999999996
0.8091603053435115,1.0687022900763359,-1.4809160305343512,-0.46142578125,-0.04248046875,-0.14111328125,0.374
0.5801526717557252,1.282442748091603,-1.4351145038167938,-0.462646484375,-0.046875,-0.145263671875,0.3757
0.7633587786259542,1.1603053435114503,-1.5267175572519085,-0.465576171875,-0.04833984375,-0.1474609375,0.37739999999999996
0.7938931297709924,1.1603053435114503,-1.3435114503816794,-0.46240234375,-0.049072265625,-0.14404296875,0.3791
0.8702290076335878,1.2061068702290076,-1.4045801526717556,-0.463623046875,-0.04833984375,-0.13427734375,0.38079999999999997
0.916030534351145,1.1603053435114503,-1.5114503816793894,-0.46142578125,-0.04833984375,-0.14453125,0.38249999999999995
0.7175572519083969,1.1755725190839694,-1.4961832061068703,-0.4599609375,-0.0458984375,-0.1455078125,0.3842
0.7938931297709924,1.1450381679389312,-1.4809160305343512,-0.4599609375,-0.044921875,-0.140625,0.38589999999999997
0.7633587786259542,1.1603053435114503,-1.6793893129770991,-0.459716796875,-0.0517578125,-0.137451171875,0.3876
0.8702290076335878,1.1297709923664123,-1.6030534351145038,-0.463623046875,-0.04638671875,-0.14697265625,0.3893
0.8549618320610687,1.099236641221374,-1.5877862595419847,-0.458740234375,-0.046142578125,-0.142578125,0.39099999999999996
0.9465648854961832,1.099236641221374,-1.633587786259542,-0.46337890625,-0.05126953125,-0.1484375,0.3927
0.9007633587786259,1.0534351145038168,-1.4351145038167938,-0.4619140625,-0.049560546875,-0.14794921875,0.3944
0.7633587786259542,1.099236641221374,-1.297709923664122,-0.46435546875,-0.048583984375,-0.146240234375,0.39609999999999995
0.9007633587786259,1.0229007633587786,-1.6030534351145038,-0.46240234375,-0.04931640625,-0.1455078125,0.3978
0.8549618320610687,0.916030534351145,-1.465648854961832,-0.461181640625,-0.044189453125,-0.1328125,0.39949999999999997
0.7786259541984732,1.2061068702290076,-1.5114503816793894,-0.459716796875,-0.051513671875,-0.14404296875,0.4012
0.6564885496183206,1.1145038167938932,-1.4351145038167938,-0.461181640625,-0.049072265625,-0.146240234375,0.4029
0.6870229007633588,1.251908396946565,-1.450381679389313,-0.458740234375,-0.0478515625,-0.147216796875,0.40459999999999996
1.0229007633587786,1.282442748091603,-1.3282442748091603,-0.462158203125,-0.050537109375,-0.1455078125,0.4063
0.5801526717557252,1.3129770992366412,-1.465648854961832,-0.4619140625,-0.04638671875,-0.146728515625,0.408
0.5038167938931297,1.282442748091603,-1.450381679389313,-0.465087890625,-0.047119140625,-0.130126953125,0.40969999999999995
0.4580152671755725,1.3129770992366412,-1.5572519083969465,-0.468017578125,-0.044189453125,-0.140625,0.4114
0.7022900763358778,1.5725190839694656,-1.450381679389313,-0.468994140625,-0.049560546875,-0.143310546875,0.41309999999999997
0.6717557251908397,1.5267175572519085,-1.5114503816793894,-0.4638671875,-0.049560546875,-0.148681640625,0.4148
0.6259541984732825,1.7404580152671756,-1.3587786259541985,-0.46484375,-0.052490234375,-0.146484375,0.4165
0.5190839694656488,1.5877862595419847,-1.465648854961832,-0.465087890625,-0.051513671875,-0.135009765625,0.41819999999999996
0.732824427480916,1.6641221374045803,-1.465648854961832,-0.464599609375,-0.04931640625,-0.152587890625,0.4199
0.6106870229007634,1.7557251908396947,-1.5419847328244274,-0.466064453125,-0.045166015625,-0.15087890625,0.4216
0.6717557251908397,1.9236641221374047,-1.7404580152671756,-0.465576171875,-0.04736328125,-0.143310546875,0.42329999999999995
0.549618320610687,1.9694656488549618,-1.83206106870229,-0.46435546875,-0.04638671875,-0.147216796875,0.425
0.5343511450381679,1.8778625954198473,-1.6488549618320612,-0.4658203125,-0.052490234375,-0.147705078125,0.42669999999999997
0.5954198473282443,2.1526717557251906,-1.816793893129771,-0.469482421875,-0.04736328125,-0.13818359375,0.4284
0.6870229007633588,2.0916030534351147,-1.7709923664122138,-0.457275390625,-0.04345703125,-0.140380859375,0.4301
0.549618320610687,1.9541984732824427,-1.9694656488549618,-0.46435546875,-0.048095703125,-0.14306640625,0.43179999999999996
0.5954198473282443,1.8473282442748091,-1.9389312977099236,-0.46728515625,-0.05029296875,-0.134765625,0.4335
0.7022900763358778,1.9694656488549618,-2.0763358778625953,-0.458740234375,-0.04736328125,-0.139404296875,0.4352
0.6870229007633588,1.9694656488549618,-2.015267175572519,-0.462646484375,-0.05029296875,-0.147216796875,0.43689999999999996
0.6717557251908397,2.0,-1.9083969465648856,-0.4638671875,-0.052001953125,-0.140625,0.4386
0.6870229007633588,1.984732824427481,-2.0,-0.46240234375,-0.05029296875,-0.14599609375,0.44029999999999997
0.6259541984732825,2.0916030534351147,-2.015267175572519,-0.4580078125,-0.051513671875,-0.1533203125,0.44199999999999995
0.6259541984732825,2.183206106870229,-1.984732824427481,-0.462158203125,-0.0458984375,-0.14453125,0.4437
0.5954198473282443,2.198473282442748,-2.045801526717557,-0.464111328125,-0.051025390625,-0.141845703125,0.44539999999999996
0.6106870229007634,2.3053435114503817,-2.1068702290076335,-0.460693359375,-0.054443359375,-0.14990234375,0.4471
0.7022900763358778,2.3053435114503817,-2.1068702290076335,-0.466064453125,-0.05029296875,-0.14794921875,0.4488
0.6717557251908397,2.1068702290076335,-2.0,-0.4658203125,-0.05029296875,-0.140869140625,0.45049999999999996
0.6259541984732825,2.213740458015267,-2.2290076335877864,-0.469970703125,-0.05126953125,-0.14453125,0.4522
0.8396946564885496,2.366412213740458,-2.0610687022900764,-0.464599609375,-0.05078125,-0.145751953125,0.45389999999999997
0.7175572519083969,2.2290076335877864,-2.0610687022900764,-0.460205078125,-0.05126953125,-0.147216796875,0.45559999999999995
0.6412213740458015,2.2595419847328246,-1.8625954198473282,-0.46484375,-0.050537109375,-0.154541015625,0.4573
0.48854961832061067,2.3053435114503817,-2.0610687022900764,-0.46533203125,-0.04931640625,-0.14990234375,0.45899999999999996
0.7480916030534351,2.381679389312977,-2.1068702290076335,-0.4619140625,-0.05322265625,-0.1474609375,0.4607
0.5648854961832062,2.427480916030534,-2.1526717557251906,-0.4609375,-0.0517578125,-0.148193359375,0.4624
0.4732824427480916,2.198473282442748,-1.7709923664122138,-0.4609375,-0.05078125,-0.145263671875,0.46409999999999996
0.5343511450381679,2.4122137404580153,-1.786259541984733,-0.46435546875,-0.052001953125,-0.1357421875,0.4658
0.3816793893129771,2.366412213740458,-1.7251908396946565,-0.46240234375,-0.05615234375,-0.1396484375,0.46749999999999997
0.2595419847328244,2.2748091603053435,-1.8625954198473282,-0.461669921875,-0.052734375,-0.151123046875,0.46919999999999995
0.6259541984732825,2.351145038167939,-1.8473282442748091,-0.461181640625,-0.0478515625,-0.146728515625,0.4709
0.4732824427480916,2.2290076335877864,-1.8625954198473282,-0.459228515625,-0.047119140625,-0.14599609375,0.47259999999999996
0.2595419847328244,2.1374045801526718,-1.6030534351145038,-0.462890625,-0.05029296875,-0.14794921875,0.4743
0.2748091603053435,2.198473282442748,-1.6488549618320612,-0.460693359375,-0.047607421875,-0.158447265625,0.476
0.22900763358778625,1.8931297709923665,-1.633587786259542,-0.462890625,-0.049072265625,-0.1416015625,0.47769999999999996
0.21374045801526717,1.984732824427481,-1.7099236641221374,-0.458251953125,-0.054443359375,-0.136474609375,0.4794
0.4122137404580153,2.015267175572519,-1.5572519083969465,-0.456298828125,-0.05419921875,-0.14599609375,0.48109999999999997
0.24427480916030533,1.9541984732824427,-1.6946564885496183,-0.46044921875,-0.049072265625,-0.146484375,0.48279999999999995
0.42748091603053434,1.83206106870229,-1.4961832061068703,-0.46484375,-0.046142578125,-0.143310546875,0.4845
0.5190839694656488,1.83206106870229,-1.465648854961832,-0.4677734375,-0.051025390625,-0.142333984375,0.48619999999999997
0.2595419847328244,1.8015267175572518,-1.2671755725190839,-0.4580078125,-0.050537109375,-0.1435546875,0.4879
0.4122137404580153,1.8625954198473282,-1.3435114503816794,-0.464599609375,-0.049560546875,-0.145751953125,0.4896
0.1984732824427481,1.83206106870229,-1.3435114503816794,-0.466064453125,-0.050537109375,-0.15087890625,0.49129999999999996
0.04580152671755725,1.8015267175572518,-1.465648854961832,-0.463623046875,-0.05029296875,-0.145263671875,0.493
-0.10687022900763359,1.8778625954198473,-1.4961832061068703,-0.4658203125,-0.046875,-0.142333984375,0.4947
0.13740458015267176,1.6488549618320612,-1.4045801526717556,-0.4658203125,-0.048583984375,-0.14697265625,0.49639999999999995
0.07633587786259542,1.6793893129770991,-1.3587786259541985,-0.465087890625,-0.047119140625,-0.133544921875,0.4981
0.04580152671755725,1.9389312977099236,-1.251908396946565,-0.464111328125,-0.05078125,-0.1416015625,0.49979999999999997
0.183206106870229,1.8015267175572518,-1.3587786259541985,-0.46484375,-0.0498046875,-0.146484375,0.5015
0.3511450381679389,1.7709923664122138,-1.2366412213740459,-0.4609375,-0.0478515625,-0.146240234375,0.5032
0.13740458015267176,1.6030534351145038,-1.251908396946565,-0.464111328125,-0.05224609375,-0.143798828125,0.5049
0.3053435114503817,1.4045801526717556,-1.3129770992366412,-0.465576171875,-0.048828125,-0.146728515625,0.5065999999999999
0.1984732824427481,1.618320610687023,-1.282442748091603,-0.462890625,-0.048095703125,-0.1494140625,0.5083
0.061068702290076333,1.83206106870229,-1.2366412213740459,-0.46044921875,-0.055908203125,-0.14794921875,0.51
0.44274809160305345,1.3587786259541985,-1.3129770992366412,-0.461669921875,-0.04931640625,-0.14599609375,0.5116999999999999
0.2900763358778626,1.297709923664122,-1.297709923664122,-0.46142578125,-0.052001953125,-0.143310546875,0.5134
0.0,1.5725190839694656,-1.0687022900763359,-0.4677734375,-0.052978515625,-0.14306640625,0.5151
0.12213740458015267,1.4961832061068703,-1.2671755725190839,-0.4658203125,-0.052490234375,-0.14794921875,0.5167999999999999
0.15267175572519084,1.2671755725190839,-1.099236641221374,-0.46240234375,-0.043701171875,-0.14453125,0.5185
0.3816793893129771,1.282442748091603,-1.2061068702290076,-0.465087890625,-0.043701171875,-0.1416015625,0.5202
0.04580152671755725,1.450381679389313,-1.0381679389312977,-0.47119140625,-0.048828125,-0.14794921875,0.5218999999999999
0.0,1.5419847328244274,-1.1908396946564885,-0.462646484375,-0.054443359375,-0.143310546875,0.5236
0.1984732824427481,1.4961832061068703,-1.083969465648855,-0.46240234375,-0.053466796875,-0.143798828125,0.5253
0.15267175572519084,1.4809160305343512,-1.1297709923664123,-0.459228515625,-0.050048828125,-0.14794921875,0.527
0.07633587786259542,1.3893129770992367,-1.099236641221374,-0.463134765625,-0.052490234375,-0.14306640625,0.5287
-0.15267175572519084,1.4351145038167938,-1.2061068702290076,-0.4658203125,-0.051025390625,-0.144775390625,0.5304
0.0,1.4045801526717556,-1.083969465648855,-0.46630859375,-0.052001953125,-0.14453125,0.5321
0.04580152671755725,1.4961832061068703,-1.1450381679389312,-0.4599609375,-0.050537109375,-0.143310546875,0.5337999999999999
0.12213740458015267,1.297709923664122,-1.2366412213740459,-0.46142578125,-0.048583984375,-0.150634765625,0.5355
0.10687022900763359,1.4198473282442747,-1.0381679389312977,-0.459716796875,-0.048828125,-0.1484375,0.5372
0.15267175572519084,1.3129770992366412,-0.9618320610687023,-0.45947265625,-0.05224609375,-0.1494140625,0.5388999999999999
0.10687022900763359,1.2671755725190839,-1.0229007633587786,-0.4638671875,-0.050537109375,-0.142578125,0.5406
0.0,1.297709923664122,-0.9618320610687023,-0.460205078125,-0.047607421875,-0.13330078125,0.5423
-0.07633587786259542,1.4351145038167938,-1.0534351145038168,-0.46142578125,-0.046142578125,-0.14013671875,0.5439999999999999
-0.22900763358778625,1.450381679389313,-1.0534351145038168,-0.458740234375,-0.05029296875,-0.1474609375,0.5457
0.12213740458015267,1.5725190839694656,-1.0076335877862594,-0.457275390625,-0.049560546875,-0.150146484375,0.5474
0.030534351145038167,1.465648854961832,-1.1603053435114503,-0.458740234375,-0.05126953125,-0.14111328125,0.5490999999999999
-0.061068702290076333,1.4809160305343512,-1.1450381679389312,-0.462890625,-0.049560546875,-0.138916015625,0.5508
0.0916030534351145,1.465648854961832,-1.1450381679389312,-0.462158203125,-0.05029296875,-0.14599609375,0.5525
0.183206106870229,1.4045801526717556,-1.1297709923664123,-0.463134765625,-0.051513671875,-0.142333984375,0.5541999999999999
0.0916030534351145,1.4809160305343512,-1.0381679389312977,-0.46044921875,-0.052490234375,-0.142822265625,0.5559
-0.24427480916030533,1.4045801526717556,-0.9465648854961832,-0.4619140625,-0.0498046875,-0.146240234375,0.5576
-0.015267175572519083,1.4961832061068703,-0.9312977099236641,-0.459716796875,-0.052001953125,-0.146728515625,0.5593
-0.015267175572519083,1.4961832061068703,-0.9618320610687023,-0.460205078125,-0.05224609375,-0.1435546875,0.5609999999999999
-0.12213740458015267,1.4351145038167938,-1.099236641221374,-0.464599609375,-0.050537109375,-0.145751953125,0.5627
0.12213740458015267,1.6488549618320612,-1.0229007633587786,-0.458251953125,-0.04638671875,-0.150634765625,0.5644
0.030534351145038167,1.4809160305343512,-1.1297709923664123,-0.45947265625,-0.04931640625,-0.144775390625,0.5660999999999999
-0.1984732824427481,1.5267175572519085,-0.916030534351145,-0.46142578125,-0.05615234375,-0.139404296875,0.5678
0.015267175572519083,1.4809160305343512,-0.8702290076335878,-0.46484375,-0.049560546875,-0.151611328125,0.5695
-0.030534351145038167,1.465648854961832,-0.8702290076335878,-0.45947265625,-0.04638671875,-0.141357421875,0.5711999999999999
0.015267175572519083,1.282442748091603,-1.0381679389312977,-0.46142578125,-0.048828125,-0.145263671875,0.5729
-0.15267175572519084,1.3893129770992367,-0.9770992366412213,-0.46142578125,-0.05029296875,-0.14990234375,0.5746
-0.16793893129770993,1.3282442748091603,-1.1297709923664123,-0.4599609375,-0.052001953125,-0.14990234375,0.5762999999999999
-0.21374045801526717,1.3587786259541985,-0.9770992366412213,-0.462890625,-0.047607421875,-0.155029296875,0.578
-0.1984732824427481,1.5267175572519085,-1.1145038167938932,-0.4658203125,-0.048583984375,-0.15185546875,0.5797
-0.07633587786259542,1.3587786259541985,-1.1450381679389312,-0.462158203125,-0.052001953125,-0.1513671875,0.5813999999999999
-0.22900763358778625,1.3740458015267176,-1.1603053435114503,-0.46533203125,-0.050537109375,-0.151611328125,0.5831
-0.1984732824427481,1.3740458015267176,-0.9007633587786259,-0.464111328125,-0.0517578125,-0.152587890625,0.5848
-0.1984732824427481,1.3740458015267176,-1.1297709923664123,-0.461181640625,-0.048583984375,-0.147216796875,0.5865
0.07633587786259542,1.4045801526717556,-1.1145038167938932,-0.46337890625,-0.048095703125,-0.149658203125,0.5882
-0.07633587786259542,1.3129770992366412,-1.1603053435114503,-0.468994140625,-0.04736328125,-0.140380859375,0.5899
-0.030534351145038167,1.2671755725190839,-0.9770992366412213,-0.460205078125,-0.048095703125,-0.146484375,0.5916
0.015267175572519083,1.282442748091603,-1.0687022900763359,-0.459228515625,-0.047119140625,-0.14404296875,0.5932999999999999
-0.13740458015267176,1.2671755725190839,-1.1145038167938932,-0.455322265625,-0.042724609375,-0.13720703125,0.595
0.12213740458015267,1.2671755725190839,-1.2213740458015268,-0.458984375,-0.049560546875,-0.14453125,0.5967
0.16793893129770993,1.3893129770992367,-1.1145038167938932,-0.459716796875,-0.049072265625,-0.14892578125,0.5983999999999999
-0.0916030534351145,1.2366412213740459,-1.1908396946564885,-0.464111328125,-0.048095703125,-0.141357421875,0.6001
-0.04580152671755725,1.1145038167938932,-1.1603053435114503,-0.45849609375,-0.0498046875,-0.145263671875,0.6018
0.10687022900763359,1.4045801526717556,-1.1297709923664123,-0.46484375,-0.044189453125,-0.144287109375,0.6034999999999999
0.10687022900763359,1.297709923664122,-0.9465648854961832,-0.465576171875,-0.04833984375,-0.14990234375,0.6052
0.0,1.1755725190839694,-1.3740458015267176,-0.4658203125,-0.046630859375,-0.15625,0.6069
0.13740458015267176,1.0229007633587786,-1.2061068702290076,-0.458740234375,-0.052490234375,-0.146240234375,0.6085999999999999
0.04580152671755725,1.1603053435114503,-1.3740458015267176,-0.460693359375,-0.046630859375,-0.14990234375,0.6103
0.1984732824427481,1.297709923664122,-1.3435114503816794,-0.460693359375,-0.045166015625,-0.15234375,0.612
0.24427480916030533,1.083969465648855,-1.3893129770992367,-0.460693359375,-0.042724609375,-0.146728515625,0.6136999999999999
0.15267175572519084,1.2671755725190839,-1.1603053435114503,-0.461669921875,-0.045166015625,-0.15234375,0.6154
0.24427480916030533,1.3282442748091603,-1.282442748091603,-0.461181640625,-0.04150390625,-0.14208984375,0.6171
0.366412213740458,1.1755725190839694,-1.3740458015267176,-0.464111328125,-0.048095703125,-0.151123046875,0.6188
0.1984732824427481,1.0381679389312977,-1.450381679389313,-0.4619140625,-0.04248046875,-0.15478515625,0.6204999999999999
0.22900763358778625,1.0076335877862594,-1.5114503816793894,-0.463134765625,-0.04345703125,-0.14697265625,0.6222
0.16793893129770993,1.2213740458015268,-1.4045801526717556,-0.462646484375,-0.050537109375,-0.152587890625,0.6239
0.3053435114503817,1.0229007633587786,-1.282442748091603,-0.457763671875,-0.04443359375,-0.141357421875,0.6255999999999999
0.3053435114503817,1.0229007633587786,-1.5419847328244274,-0.459716796875,-0.052001953125,-0.149658203125,0.6273
0.3053435114503817,0.9312977099236641,-1.4961832061068703,-0.465087890625,-0.04833984375,-0.1552734375,0.629
0.2595419847328244,1.0381679389312977,-1.5419847328244274,-0.464599609375,-0.04443359375,-0.150634765625,0.6306999999999999
0.32061068702290074,1.2061068702290076,-1.6030534351145038,-0.46533203125,-0.046875,-0.146240234375,0.6324
0.42748091603053434,1.0687022900763359,-1.5419847328244274,-0.46240234375,-0.047119140625,-0.14892578125,0.6341
0.48854961832061067,0.9465648854961832,-1.4198473282442747,-0.461669921875,-0.048583984375,-0.14990234375,0.6357999999999999
0.549618320610687,0.9007633587786259,-1.4961832061068703,-0.4619140625,-0.042724609375,-0.1484375,0.6375
0.33587786259541985,1.083969465648855,-1.5725190839694656,-0.463134765625,-0.04443359375,-0.146240234375,0.6392
0.4122137404580153,0.9770992366412213,-1.6946564885496183,-0.46435546875,-0.0517578125,-0.146240234375,0.6408999999999999
0.42748091603053434,1.0229007633587786,-1.5419847328244274,-0.4599609375,-0.043701171875,-0.150634765625,0.6426
0.6259541984732825,0.9770992366412213,-1.7557251908396947,-0.46240234375,-0.048583984375,-0.149169921875,0.6443
0.5190839694656488,0.8091603053435115,-1.6488549618320612,-0.46142578125,-0.048095703125,-0.145263671875,0.646
0.48854961832061067,1.0076335877862594,-1.6488549618320612,-0.4609375,-0.0458984375,-0.146484375,0.6476999999999999
0.5343511450381679,1.0076335877862594,-1.4961832061068703,-0.463134765625,-0.048095703125,-0.14990234375,0.6494
0.6259541984732825,0.8702290076335878,-1.6793893129770991,-0.46337890625,-0.044921875,-0.142333984375,0.6511
0.6870229007633588,1.0076335877862594,-1.5114503816793894,-0.462646484375,-0.041015625,-0.14306640625,0.6527999999999999
0.5190839694656488,0.9770992366412213,-1.6641221374045803,-0.463134765625,-0.0498046875,-0.146484375,0.6545
0.6870229007633588,1.0381679389312977,-1.6030534351145038,-0.4638671875,-0.0458984375,-0.146728515625,0.6562
0.6564885496183206,0.8702290076335878,-1.8015267175572518,-0.4580078125,-0.0458984375,-0.143798828125,0.6578999999999999
0.5038167938931297,1.0381679389312977,-1.6946564885496183,-0.4609375,-0.042236328125,-0.150390625,0.6596
0.732824427480916,0.9465648854961832,-1.8015267175572518,-0.468994140625,-0.045166015625,-0.151123046875,0.6613
0.8091603053435115,0.9465648854961832,-1.6793893129770991,-0.462890625,-0.045654296875,-0.1533203125,0.6629999999999999
0.9312977099236641,1.0687022900763359,-1.633587786259542,-0.4638671875,-0.045654296875,-0.139892578125,0.6647
0.6870229007633588,0.9923664122137404,-1.786259541984733,-0.4638671875,-0.048828125,-0.147216796875,0.6664
0.6717557251908397,0.9312977099236641,-1.83206106870229,-0.46875,-0.047607421875,-0.145263671875,0.6680999999999999
0.9618320610687023,0.8702290076335878,-1.7709923664122138,-0.461669921875,-0.0478515625,-0.135498046875,0.6698
1.099236641221374,0.8854961832061069,-1.6030534351145038,-0.460693359375,-0.047119140625,-0.14794921875,0.6715
0.7480916030534351,1.0534351145038168,-1.618320610687023,-0.460693359375,-0.0517578125,-0.14208984375,0.6731999999999999
0.9007633587786259,0.9007633587786259,-1.8015267175572518,-0.463134765625,-0.054931640625,-0.14013671875,0.6748999999999999
0.8549618320610687,0.916030534351145,-1.5572519083969465,-0.466064453125,-0.04638671875,-0.15087890625,0.6766
0.8244274809160306,0.9465648854961832,-1.6030534351145038,-0.46484375,-0.051513671875,-0.14111328125,0.6783
0.732824427480916,0.8854961832061069,-1.5725190839694656,-0.463134765625,-0.04833984375,-0.146240234375,0.6799999999999999
0.916030534351145,0.916030534351145,-1.5725190839694656,-0.464599609375,-0.04736328125,-0.143798828125,0.6817
0.732824427480916,0.9007633587786259,-1.5572519083969465,-0.464599609375,-0.054931640625,-0.15625,0.6834
0.732824427480916,0.8702290076335878,-1.633587786259542,-0.4677734375,-0.05078125,-0.153564453125,0.6850999999999999
0.9923664122137404,0.9312977099236641,-1.5267175572519085,-0.461181640625,-0.052490234375,-0.140869140625,0.6868
0.8854961832061069,0.9923664122137404,-1.5572519083969465,-0.467529296875,-0.05419921875,-0.13671875,0.6885
0.916030534351145,0.9618320610687023,-1.7557251908396947,-0.465087890625,-0.051513671875,-0.137451171875,0.6901999999999999
0.8244274809160306,0.8854961832061069,-1.5419847328244274,-0.459716796875,-0.0576171875,-0.14697265625,0.6919
0.8244274809160306,0.9923664122137404,-1.450381679389313,-0.462890625,-0.056640625,-0.146484375,0.6936
0.9007633587786259,1.0381679389312977,-1.3893129770992367,-0.462890625,-0.055908203125,-0.14013671875,0.6952999999999999
0.8854961832061069,1.0229007633587786,-1.4351145038167938,-0.460693359375,-0.05029296875,-0.13818359375,0.697
0.7480916030534351,0.8702290076335878,-1.633587786259542,-0.462890625,-0.0498046875,-0.147216796875,0.6987
0.6412213740458015,1.1450381679389312,-1.4961832061068703,-0.46240234375,-0.052490234375,-0.14404296875,0.7003999999999999
0.7022900763358778,1.0076335877862594,-1.450381679389313,-0.46240234375,-0.04931640625,-0.140869140625,0.7021
0.7938931297709924,1.0076335877862594,-1.4351145038167938,-0.464111328125,-0.046630859375,-0.146484375,0.7038
0.6870229007633588,1.083969465648855,-1.5572519083969465,-0.467041015625,-0.046630859375,-0.145751953125,0.7055
0.8396946564885496,1.0076335877862594,-1.3893129770992367,-0.46630859375,-0.044921875,-0.150146484375,0.7071999999999999
0.916030534351145,1.0687022900763359,-1.3129770992366412,-0.460693359375,-0.04833984375,-0.148681640625,0.7089
0.7175572519083969,1.083969465648855,-1.4198473282442747,-0.46533203125,-0.047607421875,-0.148193359375,0.7106
0.8091603053435115,1.083969465648855,-1.4045801526717556,-0.464111328125,-0.048095703125,-0.145751953125,0.7122999999999999
0.6106870229007634,1.1145038167938932,-1.297709923664122,-0.460205078125,-0.04931640625,-0.140869140625,0.714
0.7786259541984732,0.8854961832061069,-1.3740458015267176,-0.4599609375,-0.049560546875,-0.1435546875,0.7157
0.7175572519083969,0.9923664122137404,-1.4198473282442747,-0.46142578125,-0.048095703125,-0.14404296875,0.7173999999999999
0.5801526717557252,1.2671755725190839,-1.4351145038167938,-0.46240234375,-0.0498046875,-0.14306640625,0.7191
0.6106870229007634,1.0534351145038168,-1.4961832061068703,-0.458251953125,-0.047607421875,-0.142822265625,0.7208
0.8091603053435115,1.0687022900763359,-1.282442748091603,-0.463134765625,-0.052001953125,-0.143798828125,0.7224999999999999
0.7022900763358778,1.1145038167938932,-1.465648854961832,-0.4658203125,-0.05419921875,-0.139892578125,0.7242
0.8244274809160306,1.1450381679389312,-1.6030534351145038,-0.465087890625,-0.047119140625,-0.1396484375,0.7259
0.7022900763358778,1.1755725190839694,-1.4961832061068703,-0.462890625,-0.04833984375,-0.1494140625,0.7275999999999999
0.5801526717557252,1.1603053435114503,-1.2366412213740459,-0.4638671875,-0.048095703125,-0.15625,0.7293
0.7175572519083969,1.1755725190839694,-1.4198473282442747,-0.4580078125,-0.056396484375,-0.152099609375,0.731
0.6564885496183206,1.251908396946565,-1.4045801526717556,-0.463134765625,-0.052734375,-0.146728515625,0.7326999999999999
0.549618320610687,1.1145038167938932,-1.450381679389313,-0.459716796875,-0.050048828125,-0.149169921875,0.7343999999999999
0.8396946564885496,1.099236641221374,-1.5267175572519085,-0.460693359375,-0.052001953125,-0.145263671875,0.7361
0.7786259541984732,1.2213740458015268,-1.450381679389313,-0.466796875,-0.050537109375,-0.142578125,0.7378
0.6564885496183206,1.2671755725190839,-1.4198473282442747,-0.460205078125,-0.046875,-0.1455078125,0.7394999999999999
0.6106870229007634,1.282442748091603,-1.4961832061068703,-0.459716796875,-0.0498046875,-0.144775390625,0.7412
0.4580152671755725,1.3129770992366412,-1.3893129770992367,-0.4619140625,-0.0517578125,-0.14794921875,0.7429
0.4122137404580153,1.1755725190839694,-1.4961832061068703,-0.46337890625,-0.048583984375,-0.1376953125,0.7445999999999999
0.7022900763358778,1.0687022900763359,-1.5725190839694656,-0.46240234375,-0.053466796875,-0.142333984375,0.7463
0.32061068702290074,1.1145038167938932,-1.5572519083969465,-0.459228515625,-0.04541015625,-0.148193359375,0.748
0.42748091603053434,1.1755725190839694,-1.5572519083969465,-0.457763671875,-0.052490234375,-0.145751953125,0.7496999999999999
0.5801526717557252,1.1450381679389312,-1.4961832061068703,-0.4638671875,-0.050537109375,-0.14306640625,0.7514
0.44274809160305345,1.1450381679389312,-1.5572519083969465,-0.4619140625,-0.047607421875,-0.145263671875,0.7531
0.44274809160305345,1.1755725190839694,-1.6030534351145038,-0.463623046875,-0.048583984375,-0.140380859375,0.7547999999999999
0.3816793893129771,1.2061068702290076,-1.5267175572519085,-0.462646484375,-0.051025390625,-0.1484375,0.7565
0.5801526717557252,1.3435114503816794,-1.6488549618320612,-0.46240234375,-0.04736328125,-0.141845703125,0.7582
0.5343511450381679,1.4198473282442747,-1.3740458015267176,-0.466064453125,-0.054931640625,-0.146728515625,0.7598999999999999
0.42748091603053434,1.3587786259541985,-1.5114503816793894,-0.46435546875,-0.05126953125,-0.151123046875,0.7615999999999999
0.2748091603053435,1.3587786259541985,-1.6488549618320612,-0.4697265625,-0.051513671875,-0.144287109375,0.7633
0.48854961832061067,1.1603053435114503,-1.6488549618320612,-0.462646484375,-0.0517578125,-0.14013671875,0.7649999999999999
0.5038167938931297,1.3740458015267176,-1.4809160305343512,-0.46484375,-0.053955078125,-0.14208984375,0.7666999999999999
0.5954198473282443,1.3282442748091603,-1.8015267175572518,-0.467041015625,-0.0537109375,-0.149658203125,0.7684
0.44274809160305345,1.2671755725190839,-1.5725190839694656,-0.46142578125,-0.0478515625,-0.145263671875,0.7701
0.42748091603053434,1.4351145038167938,-1.6946564885496183,-0.463134765625,-0.048095703125,-0.14306640625,0.7717999999999999
0.6259541984732825,1.297709923664122,-1.5877862595419847,-0.46337890625,-0.049072265625,-0.14892578125,0.7735
0.6717557251908397,1.3129770992366412,-1.618320610687023,-0.46142578125,-0.04345703125,-0.148193359375,0.7752
0.5038167938931297,1.2213740458015268,-1.6641221374045803,-0.45947265625,-0.050048828125,-0.13818359375,0.7768999999999999
0.549618320610687,1.3740458015267176,-1.7404580152671756,-0.4560546875,-0.046875,-0.14990234375,0.7786
0.5954198473282443,1.3435114503816794,-1.5725190839694656,-0.460693359375,-0.050048828125,-0.145751953125,0.7803
0.549618320610687,1.251908396946565,-1.5572519083969465,-0.46728515625,-0.049072265625,-0.1474609375,0.7819999999999999
0.5954198473282443,1.2061068702290076,-1.5877862595419847,-0.4609375,-0.045654296875,-0.142578125,0.7837
0.3511450381679389,1.2061068702290076,-1.7404580152671756,-0.464111328125,-0.048828125,-0.144775390625,0.7854
0.6106870229007634,1.251908396946565,-1.618320610687023,-0.465576171875,-0.04443359375,-0.14306640625,0.7870999999999999
0.6259541984732825,1.2213740458015268,-1.8625954198473282,-0.4619140625,-0.052734375,-0.149658203125,0.7888
0.4732824427480916,1.1450381679389312,-1.7099236641221374,-0.463134765625,-0.048095703125,-0.14501953125,0.7905
0.5954198473282443,1.282442748091603,-1.786259541984733,-0.468017578125,-0.048828125,-0.14404296875,0.7921999999999999
0.5801526717557252,1.1755725190839694,-1.7709923664122138,-0.46240234375,-0.05419921875,-0.15625,0.7938999999999999
0.3969465648854962,1.0534351145038168,-1.7251908396946565,-0.463134765625,-0.0478515625,-0.156005859375,0.7956
0.549618320610687,1.3282442748091603,-1.465648854961832,-0.454345703125,-0.05029296875,-0.1396484375,0.7973
0.5190839694656488,1.2671755725190839,-1.6793893129770991,-0.46728515625,-0.04638671875,-0.151123046875,0.7989999999999999
0.5190839694656488,1.099236641221374,-1.6793893129770991,-0.462158203125,-0.05029296875,-0.152587890625,0.8007
0.6412213740458015,1.083969465648855,-1.7557251908396947,-0.456787109375,-0.047607421875,-0.1474609375,0.8024
0.4732824427480916,1.1755725190839694,-1.5877862595419847,-0.466796875,-0.048828125,-0.1494140625,0.8040999999999999
0.4580152671755725,1.1297709923664123,-1.7404580152671756,-0.46240234375,-0.051025390625,-0.142578125,0.8058
0.6259541984732825,1.1755725190839694,-1.4198473282442747,-0.46484375,-0.048095703125,-0.15283203125,0.8075
0.5801526717557252,0.9618320610687023,-1.5572519083969465,-0.4619140625,-0.0517578125,-0.15380859375,0.8091999999999999
0.6106870229007634,1.1450381679389312,-1.5267175572519085,-0.4580078125,-0.048583984375,-0.14404296875,0.8109
0.6412213740458015,1.1297709923664123,-1.5572519083969465,-0.45849609375,-0.048583984375,-0.143798828125,0.8126
0.48854961832061067,1.282442748091603,-1.4198473282442747,-0.465087890625,-0.04541015625,-0.150634765625,0.8142999999999999
0.6412213740458015,1.2061068702290076,-1.5572519083969465,-0.4638671875,-0.04833984375,-0.142578125,0.816
0.8091603053435115,1.0076335877862594,-1.5419847328244274,-0.46142578125,-0.051513671875,-0.139892578125,0.8177
0.549618320610687,0.8854961832061069,-1.7251908396946565,-0.46484375,-0.05322265625,-0.1435546875,0.8193999999999999
0.6106870229007634,0.9923664122137404,-1.4045801526717556,-0.4609375,-0.046875,-0.152587890625,0.8210999999999999
0.6412213740458015,1.0534351145038168,-1.5267175572519085,-0.46044921875,-0.047607421875,-0.146240234375,0.8228
0.5038167938931297,1.0534351145038168,-1.3893129770992367,-0.459228515625,-0.04443359375,-0.147216796875,0.8244999999999999
0.549618320610687,1.099236641221374,-1.4961832061068703,-0.46533203125,-0.04541015625,-0.150634765625,0.8261999999999999
0.5954198473282443,1.0229007633587786,-1.3282442748091603,-0.46240234375,-0.044189453125,-0.144775390625,0.8279
0.5343511450381679,1.0687022900763359,-1.4809160305343512,-0.459716796875,-0.04931640625,-0.14208984375,0.8296
0.4580152671755725,1.1145038167938932,-1.3435114503816794,-0.456787109375,-0.046630859375,-0.142578125,0.8312999999999999
0.6106870229007634,1.083969465648855,-1.3740458015267176,-0.4658203125,-0.04541015625,-0.149169921875,0.833
0.5954198473282443,1.0534351145038168,-1.4351145038167938,-0.46630859375,-0.050048828125,-0.143310546875,0.8347
0.6412213740458015,0.9465648854961832,-1.4809160305343512,-0.4677734375,-0.043212890625,-0.142333984375,0.8363999999999999
0.5648854961832062,1.0534351145038168,-1.3893129770992367,-0.467041015625,-0.0498046875,-0.146240234375,0.8381
0.6106870229007634,0.9312977099236641,-1.3893129770992367,-0.45947265625,-0.0498046875,-0.145751953125,0.8398
0.6870229007633588,1.0687022900763359,-1.3740458015267176,-0.460693359375,-0.048828125,-0.1435546875,0.8414999999999999
0.4732824427480916,1.0381679389312977,-1.465648854961832,-0.458984375,-0.05224609375,-0.133056640625,0.8432
0.4580152671755725,1.1145038167938932,-1.450381679389313,-0.4638671875,-0.052734375,-0.14306640625,0.8449
0.9770992366412213,0.9618320610687023,-1.5419847328244274,-0.46728515625,-0.04638671875,-0.1484375,0.8465999999999999
0.732824427480916,1.0687022900763359,-1.4351145038167938,-0.4560546875,-0.051025390625,-0.144775390625,0.8482999999999999
0.6106870229007634,1.1297709923664123,-1.4351145038167938,-0.462646484375,-0.05224609375,-0.1494140625,0.85
0.8091603053435115,1.0534351145038168,-1.3587786259541985,-0.463623046875,-0.0498046875,-0.153564453125,0.8516999999999999
0.8702290076335878,0.9770992366412213,-1.5114503816793894,-0.46484375,-0.048095703125,-0.14697265625,0.8533999999999999
0.6412213740458015,1.1297709923664123,-1.4961832061068703,-0.46484375,-0.0458984375,-0.14453125,0.8551
0.7175572519083969,1.1297709923664123,-1.4198473282442747,-0.461669921875,-0.04638671875,-0.13720703125,0.8568
0.549618320610687,0.9923664122137404,-1.3282442748091603,-0.466552734375,-0.049560546875,-0.138671875,0.8584999999999999
0.7633587786259542,1.0076335877862594,-1.465648854961832,-0.466552734375,-0.051513671875,-0.147705078125,0.8602
0.6412213740458015,1.0381679389312977,-1.297709923664122,-0.462158203125,-0.0498046875,-0.14208984375,0.8619
0.7633587786259542,1.1450381679389312,-1.3587786259541985,-0.45849609375,-0.049560546875,-0.14453125,0.8635999999999999
0.732824427480916,1.0687022900763359,-1.3282442748091603,-0.463134765625,-0.0537109375,-0.146240234375,0.8653
0.7022900763358778,1.0687022900763359,-1.5877862595419847,-0.466064453125,-0.05078125,-0.14599609375,0.867
0.6564885496183206,0.8549618320610687,-1.4351145038167938,-0.46533203125,-0.046142578125,-0.14111328125,0.8686999999999999
0.6870229007633588,1.0076335877862594,-1.4045801526717556,-0.46044921875,-0.0537109375,-0.1484375,0.8704
0.7175572519083969,1.0534351145038168,-1.4809160305343512,-0.4599609375,-0.049560546875,-0.142333984375,0.8721
0.5190839694656488,0.9312977099236641,-1.3893129770992367,-0.462158203125,-0.051025390625,-0.1474609375,0.8737999999999999
0.7938931297709924,0.8549618320610687,-1.3587786259541985,-0.46044921875,-0.052734375,-0.150146484375,0.8755
0.7938931297709924,1.0076335877862594,-1.2213740458015268,-0.4599609375,-0.05419921875,-0.1435546875,0.8772
0.9007633587786259,0.9312977099236641,-1.0687022900763359,-0.462890625,-0.048828125,-0.14208984375,0.8788999999999999
0.8702290076335878,0.8854961832061069,-1.4198473282442747,-0.4609375,-0.050537109375,-0.14453125,0.8805999999999999
0.6412213740458015,0.9007633587786259,-1.4045801526717556,-0.459228515625,-0.049560546875,-0.145751953125,0.8823
0.8702290076335878,0.8549618320610687,-1.5267175572519085,-0.46142578125,-0.055419921875,-0.14892578125,0.8839999999999999
0.7633587786259542,0.7480916030534351,-1.465648854961832,-0.458984375,-0.05224609375,-0.146484375,0.8856999999999999
0.6259541984732825,0.8549618320610687,-1.5114503816793894,-0.45751953125,-0.0498046875,-0.151123046875,0.8874
0.7175572519083969,0.7786259541984732,-1.4961832061068703,-0.461669921875,-0.0498046875,-0.13330078125,0.8891
0.6717557251908397,0.8396946564885496,-1.3893129770992367,-0.462158203125,-0.048095703125,-0.139892578125,0.8907999999999999
0.9923664122137404,0.8244274809160306,-1.4045801526717556,-0.46533203125,-0.049560546875,-0.1494140625,0.8925
0.732824427480916,0.7938931297709924,-1.3740458015267176,-0.46240234375,-0.051025390625,-0.1455078125,0.8942
0.6106870229007634,0.7480916030534351,-1.4961832061068703,-0.4658203125,-0.0478515625,-0.141357421875,0.8958999999999999
0.6870229007633588,0.7786259541984732,-1.3129770992366412,-0.46435546875,-0.052734375,-0.144775390625,0.8976
0.8549618320610687,0.8091603053435115,-1.3740458015267176,-0.463134765625,-0.046875,-0.14697265625,0.8993
0.916030534351145,0.7480916030534351,-1.4961832061068703,-0.46142578125,-0.048828125,-0.14990234375,0.9009999999999999
0.6564885496183206,0.7786259541984732,-1.3587786259541985,-0.463134765625,-0.050537109375,-0.142822265625,0.9027
0.7175572519083969,0.7480916030534351,-1.3587786259541985,-0.46435546875,-0.04443359375,-0.145263671875,0.9044
0.7022900763358778,0.7480916030534351,-1.3893129770992367,-0.459716796875,-0.052734375,-0.152099609375,0.9060999999999999
0.8549618320610687,0.8396946564885496,-1.4351145038167938,-0.46142578125,-0.048583984375,-0.145751953125,0.9077999999999999
0.6564885496183206,0.8396946564885496,-1.3435114503816794,-0.46337890625,-0.048095703125,-0.146240234375,0.9095
0.7786259541984732,0.7938931297709924,-1.2213740458015268,-0.46337890625,-0.052734375,-0.143310546875,0.9111999999999999
0.6106870229007634,0.6564885496183206,-1.450381679389313,-0.464599609375,-0.0517578125,-0.14208984375,0.9128999999999999
0.6412213740458015,0.8396946564885496,-1.3282442748091603,-0.46533203125,-0.05078125,-0.142822265625,0.9146
0.7022900763358778,0.7480916030534351,-1.465648854961832,-0.4638671875,-0.046875,-0.1455078125,0.9163
0.6870229007633588,0.6564885496183206,-1.4351145038167938,-0.464599609375,-0.046630859375,-0.151123046875,0.9179999999999999
0.6870229007633588,0.6564885496183206,-1.3435114503816794,-0.46240234375,-0.04736328125,-0.150146484375,0.9197
0.5190839694656488,0.7633587786259542,-1.4351145038167938,-0.462646484375,-0.056396484375,-0.14697265625,0.9214
0.6412213740458015,0.7938931297709924,-1.4351145038167938,-0.45947265625,-0.046630859375,-0.134521484375,0.9230999999999999
0.4732824427480916,0.6564885496183206,-1.297709923664122,-0.4677734375,-0.051025390625,-0.143798828125,0.9248
0.5648854961832062,0.5648854961832062,-1.4809160305343512,-0.463623046875,-0.04638671875,-0.1474609375,0.9265
0.3816793893129771,0.6564885496183206,-1.4045801526717556,-0.461669921875,-0.050537109375,-0.14794921875,0.9281999999999999
0.6106870229007634,0.6870229007633588,-1.4809160305343512,-0.46142578125,-0.048583984375,-0.14208984375,0.9299
0.7175572519083969,0.5954198473282443,-1.4961832061068703,-0.458251953125,-0.052978515625,-0.143798828125,0.9316
0.48854961832061067,0.6717557251908397,-1.7709923664122138,-0.46484375,-0.052490234375,-0.139404296875,0.9332999999999999
0.5190839694656488,0.8702290076335878,-1.4809160305343512,-0.4658203125,-0.05029296875,-0.150634765625,0.9349999999999999
0.5343511450381679,0.6259541984732825,-1.6641221374045803,-0.457275390625,-0.0498046875,-0.147216796875,0.9367
0.5954198473282443,0.732824427480916,-1.5725190839694656,-0.4599609375,-0.05126953125,-0.1416015625,0.9383999999999999
0.7022900763358778,0.5954198473282443,-1.633587786259542,-0.466064453125,-0.047607421875,-0.1396484375,0.9400999999999999
0.4732824427480916,0.5648854961832062,-1.5725190839694656,-0.460693359375,-0.046630859375,-0.148681640625,0.9418
0.2595419847328244,0.7175572519083969,-1.618320610687023,-0.456298828125,-0.046630859375,-0.150390625,0.9434999999999999
0.5038167938931297,0.6106870229007634,-1.3587786259541985,-0.462890625,-0.05126953125,-0.138916015625,0.9451999999999999
0.5801526717557252,0.7786259541984732,-1.4351145038167938,-0.4609375,-0.051025390625,-0.14208984375,0.9469
0.6870229007633588,0.7786259541984732,-1.618320610687023,-0.46240234375,-0.0498046875,-0.148681640625,0.9486
0.5038167938931297,0.4732824427480916,-1.6488549618320612,-0.465576171875,-0.051513671875,-0.14208984375,0.9502999999999999
0.33587786259541985,0.5038167938931297,-1.6946564885496183,-0.46337890625,-0.053955078125,-0.142578125,0.952
0.32061068702290074,0.7175572519083969,-1.6488549618320612,-0.46240234375,-0.043212890625,-0.14990234375,0.9537
0.4122137404580153,0.7633587786259542,-1.6641221374045803,-0.4609375,-0.050537109375,-0.1396484375,0.9553999999999999
0.42748091603053434,0.7786259541984732,-1.816793893129771,-0.4658203125,-0.054931640625,-0.149658203125,0.9571
0.48854961832061067,0.6717557251908397,-1.786259541984733,-0.46484375,-0.051025390625,-0.15283203125,0.9588
0.44274809160305345,0.732824427480916,-1.7404580152671756,-0.46240234375,-0.043701171875,-0.14453125,0.9604999999999999
0.3511450381679389,0.916030534351145,-1.5419847328244274,-0.458740234375,-0.048583984375,-0.13525390625,0.9621999999999999
0.2595419847328244,0.9312977099236641,-1.618320610687023,-0.461669921875,-0.047119140625,-0.1376953125,0.9639
0.4122137404580153,0.8244274809160306,-1.786259541984733,-0.459716796875,-0.04931640625,-0.143310546875,0.9655999999999999
0.3511450381679389,1.0687022900763359,-1.8625954198473282,-0.461669921875,-0.046630859375,-0.142578125,0.9672999999999999
0.4732824427480916,0.7175572519083969,-1.6793893129770991,-0.462646484375,-0.048095703125,-0.140625,0.969
0.4732824427480916,0.7480916030534351,-1.7099236641221374,-0.46240234375,-0.04833984375,-0.13818359375,0.9706999999999999
0.44274809160305345,0.8396946564885496,-1.6641221374045803,-0.4609375,-0.0458984375,-0.148193359375,0.9723999999999999
0.3511450381679389,0.8854961832061069,-1.7099236641221374,-0.466796875,-0.04443359375,-0.15234375,0.9741
0.48854961832061067,0.8702290076335878,-1.6641221374045803,-0.4638671875,-0.044921875,-0.1455078125,0.9758
0.48854961832061067,0.7175572519083969,-1.6793893129770991,-0.459716796875,-0.047607421875,-0.146484375,0.9774999999999999
0.3816793893129771,0.8854961832061069,-1.5267175572519085,-0.461669921875,-0.04638671875,-0.1533203125,0.9792
0.44274809160305345,0.9312977099236641,-1.633587786259542,-0.467529296875,-0.04736328125,-0.150390625,0.9809
0.5648854961832062,0.8702290076335878,-1.6946564885496183,-0.462646484375,-0.043701171875,-0.14794921875,0.9825999999999999
0.6259541984732825,0.9312977099236641,-1.8015267175572518,-0.46630859375,-0.041748046875,-0.1357421875,0.9843
0.4580152671755725,0.9770992366412213,-1.5419847328244274,-0.466552734375,-0.047119140625,-0.140380859375,0.986
0.549618320610687,0.8702290076335878,-1.6488549618320612,-0.4599609375,-0.052001953125,-0.1435546875,0.9876999999999999
0.5038167938931297,1.1297709923664123,-1.618320610687023,-0.4580078125,-0.049560546875,-0.136962890625,0.9894
0.6412213740458015,1.099236641221374,-1.8931297709923665,-0.461669921875,-0.04443359375,-0.138427734375,0.9911
0.6412213740458015,1.099236641221374,-1.8015267175572518,-0.462890625,-0.044921875,-0.1455078125,0.9927999999999999
0.6259541984732825,1.2061068702290076,-1.7709923664122138,-0.467041015625,-0.048095703125,-0.139404296875,0.9944999999999999
0.6717557251908397,1.2671755725190839,-1.7099236641221374,-0.4580078125,-0.05224609375,-0.142333984375,0.9962
0.8244274809160306,1.2061068702290076,-1.984732824427481,-0.46142578125,-0.05224609375,-0.145263671875,0.9978999999999999
0.9923664122137404,1.1755725190839694,-1.5877862595419847,-0.467041015625,-0.048828125,-0.1357421875,0.9995999999999999
0.7633587786259542,1.4045801526717556,-1.7709923664122138,-0.462890625,-0.049072265625,-0.137451171875,1.0012999999999999
0.7786259541984732,1.5572519083969465,-1.8625954198473282,-0.466064453125,-0.048095703125,-0.147216796875,1.003
1.0229007633587786,1.465648854961832,-1.9236641221374047,-0.465576171875,-0.049072265625,-0.1484375,1.0047
0.8091603053435115,1.3740458015267176,-1.6641221374045803,-0.463623046875,-0.04345703125,-0.146728515625,1.0064
0.8702290076335878,1.3740458015267176,-1.8473282442748091,-0.468017578125,-0.048828125,-0.145263671875,1.0081
1.0381679389312977,1.5725190839694656,-1.6641221374045803,-0.463134765625,-0.050048828125,-0.1455078125,1.0098
0.9312977099236641,1.8015267175572518,-1.9541984732824427,-0.468017578125,-0.043701171875,-0.14453125,1.0114999999999998
0.9923664122137404,1.633587786259542,-1.6641221374045803,-0.466552734375,-0.04931640625,-0.14599609375,1.0131999999999999
1.0229007633587786,1.5572519083969465,-1.9236641221374047,-0.467041015625,-0.047119140625,-0.14990234375,1.0149
1.0534351145038168,1.6946564885496183,-1.786259541984733,-0.4677734375,-0.0498046875,-0.14404296875,1.0166
1.0229007633587786,1.7709923664122138,-1.6946564885496183,-0.46875,-0.046875,-0.1494140625,1.0183
1.2061068702290076,1.6793893129770991,-1.786259541984733,-0.46923828125,-0.0458984375,-0.1455078125,1.02
1.1450381679389312,1.786259541984733,-2.0916030534351147,-0.4677734375,-0.04296875,-0.150634765625,1.0217
1.1297709923664123,1.8625954198473282,-1.984732824427481,-0.46826171875,-0.050048828125,-0.147216796875,1.0233999999999999
1.1755725190839694,1.816793893129771,-1.984732824427481,-0.4677734375,-0.048095703125,-0.146484375,1.0251
1.2366412213740459,1.786259541984733,-2.015267175572519,-0.463134765625,-0.045654296875,-0.140380859375,1.0268
1.251908396946565,1.8931297709923665,-2.0916030534351147,-0.46728515625,-0.049072265625,-0.139404296875,1.0285
1.3282442748091603,1.9541984732824427,-2.045801526717557,-0.4638671875,-0.04931640625,-0.140380859375,1.0302
1.2671755725190839,1.8015267175572518,-2.213740458015267,-0.464111328125,-0.045654296875,-0.1474609375,1.0319
1.3282442748091603,1.9694656488549618,-2.0916030534351147,-0.46630859375,-0.046875,-0.15185546875,1.0335999999999999
1.2366412213740459,1.7557251908396947,-2.2442748091603053,-0.46435546875,-0.051025390625,-0.14892578125,1.0352999999999999
1.3587786259541985,1.8778625954198473,-2.2748091603053435,-0.4619140625,-0.05029296875,-0.151611328125,1.037
1.2366412213740459,1.7709923664122138,-2.16793893129771,-0.463134765625,-0.050048828125,-0.144775390625,1.0387
1.3129770992366412,1.7557251908396947,-2.366412213740458,-0.45556640625,-0.053466796875,-0.141845703125,1.0404
1.3435114503816794,1.7709923664122138,-2.381679389312977,-0.46142578125,-0.050048828125,-0.146240234375,1.0421
1.2213740458015268,1.5114503816793894,-2.2442748091603053,-0.4580078125,-0.054931640625,-0.1455078125,1.0437999999999998
1.2671755725190839,1.6030534351145038,-2.4732824427480917,-0.4619140625,-0.055419921875,-0.144287109375,1.0454999999999999
1.3129770992366412,1.6488549618320612,-2.2442748091603053,-0.4658203125,-0.04833984375,-0.142822265625,1.0472
1.3587786259541985,1.450381679389313,-2.213740458015267,-0.463623046875,-0.054931640625,-0.148681640625,1.0489
1.2671755725190839,1.4198473282442747,-2.351145038167939,-0.4560546875,-0.0517578125,-0.14111328125,1.0506
1.3282442748091603,1.5572519083969465,-2.5343511450381677,-0.46044921875,-0.04931640625,-0.14404296875,1.0523
1.3740458015267176,1.465648854961832,-2.366412213740458,-0.467041015625,-0.054443359375,-0.1484375,1.054
1.1908396946564885,1.3587786259541985,-2.3053435114503817,-0.46044921875,-0.052734375,-0.14208984375,1.0556999999999999
1.1755725190839694,1.099236641221374,-2.2290076335877864,-0.461181640625,-0.050048828125,-0.150146484375,1.0574
0.916030534351145,1.4961832061068703,-2.33587786259542,-0.4619140625,-0.05029296875,-0.1552734375,1.0591
0.916030534351145,1.450381679389313,-2.4580152671755724,-0.46533203125,-0.0546875,-0.14794921875,1.0608
1.2061068702290076,1.282442748091603,-2.3053435114503817,-0.46435546875,-0.05419921875,-0.143798828125,1.0625
1.0076335877862594,1.1145038167938932,-2.2595419847328246,-0.45849609375,-0.0546875,-0.14208984375,1.0642
0.9618320610687023,1.297709923664122,-2.213740458015267,-0.46337890625,-0.04931640625,-0.139404296875,1.0658999999999998
1.0076335877862594,1.1145038167938932,-2.1068702290076335,-0.46044921875,-0.050537109375,-0.146728515625,1.0675999999999999
0.916030534351145,1.0229007633587786,-2.183206106870229,-0.46728515625,-0.0439453125,-0.1455078125,1.0693
0.9618320610687023,1.083969465648855,-2.2442748091603053,-0.46533203125,-0.047119140625,-0.150146484375,1.071
0.6870229007633588,1.1755725190839694,-2.122137404580153,-0.463623046875,-0.052734375,-0.145751953125,1.0727
0.732824427480916,0.9618320610687023,-2.1526717557251906,-0.461181640625,-0.051513671875,-0.152099609375,1.0744
0.7938931297709924,1.0687022900763359,-2.33587786259542,-0.46044921875,-0.052001953125,-0.148681640625,1.0760999999999998
0.5648854961832062,1.083969465648855,-2.1374045801526718,-0.46142578125,-0.053466796875,-0.146728515625,1.0777999999999999
0.6259541984732825,0.8854961832061069,-2.1068702290076335,-0.46533203125,-0.0556640625,-0.14697265625,1.0795
0.2900763358778626,0.9465648854961832,-2.2290076335877864,-0.46044921875,-0.055419921875,-0.144775390625,1.0812
0.4122137404580153,1.0229007633587786,-1.9694656488549618,-0.463623046875,-0.045166015625,-0.144287109375,1.0829
0.5954198473282443,0.8549618320610687,-1.9694656488549618,-0.46484375,-0.051025390625,-0.13916015625,1.0846
0.732824427480916,0.8396946564885496,-2.1526717557251906,-0.459228515625,-0.052001953125,-0.150146484375,1.0863
0.5801526717557252,0.7786259541984732,-2.198473282442748,-0.460205078125,-0.0517578125,-0.145263671875,1.0879999999999999
0.13740458015267176,0.8854961832061069,-2.015267175572519,-0.464599609375,-0.0537109375,-0.14794921875,1.0897
0.33587786259541985,0.9312977099236641,-2.1526717557251906,-0.462890625,-0.049560546875,-0.141357421875,1.0914
0.3511450381679389,0.8396946564885496,-2.015267175572519,-0.459716796875,-0.050537109375,-0.138671875,1.0931
0.4580152671755725,0.7175572519083969,-2.015267175572519,-0.46240234375,-0.056396484375,-0.14111328125,1.0948
0.44274809160305345,0.8854961832061069,-2.0916030534351147,-0.462158203125,-0.048828125,-0.14599609375,1.0965
0.366412213740458,0.8702290076335878,-1.984732824427481,-0.461669921875,-0.05029296875,-0.143310546875,1.0981999999999998
0.24427480916030533,0.732824427480916,-1.8931297709923665,-0.46240234375,-0.0517578125,-0.140869140625,1.0998999999999999
0.549618320610687,0.732824427480916,-1.9083969465648856,-0.462890625,-0.0537109375,-0.142822265625,1.1016
0.3053435114503817,0.7633587786259542,-2.0,-0.463134765625,-0.051025390625,-0.142578125,1.1033
0.21374045801526717,0.8091603053435115,-1.984732824427481,-0.461181640625,-0.049560546875,-0.136474609375,1.105
0.48854961832061067,0.7175572519083969,-1.7404580152671756,-0.463134765625,-0.052001953125,-0.14208984375,1.1067
0.3969465648854962,0.7175572519083969,-1.8473282442748091,-0.46533203125,-0.052490234375,-0.13671875,1.1083999999999998
0.183206106870229,0.7175572519083969,-2.0,-0.46240234375,-0.05126953125,-0.136474609375,1.1100999999999999
0.3816793893129771,0.7786259541984732,-1.9694656488549618,-0.46044921875,-0.047607421875,-0.14404296875,1.1118
0.2900763358778626,0.9618320610687023,-1.8931297709923665,-0.4638671875,-0.0546875,-0.142578125,1.1135
0.33587786259541985,0.8244274809160306,-2.015267175572519,-0.466064453125,-0.052978515625,-0.13916015625,1.1152
0.44274809160305345,0.8702290076335878,-1.9236641221374047,-0.46240234375,-0.053466796875,-0.14501953125,1.1169
0.4122137404580153,1.0076335877862594,-1.984732824427481,-0.465576171875,-0.05126953125,-0.14404296875,1.1186
0.3816793893129771,0.8702290076335878,-1.83206106870229,-0.466552734375,-0.050048828125,-0.140625,1.1202999999999999
0.3816793893129771,0.7938931297709924,-1.816793893129771,-0.45849609375,-0.052001953125,-0.1484375,1.1219999999999999
0.4732824427480916,0.8702290076335878,-1.8778625954198473,-0.460693359375,-0.0478515625,-0.151123046875,1.1237
0.48854961832061067,0.8854961832061069,-1.7557251908396947,-0.462890625,-0.051513671875,-0.146484375,1.1254
0.5648854961832062,0.9007633587786259,-1.633587786259542,-0.464111328125,-0.05029296875,-0.145263671875,1.1271
0.366412213740458,0.9465648854961832,-1.7404580152671756,-0.4619140625,-0.050048828125,-0.138916015625,1.1288
0.33587786259541985,1.0534351145038168,-1.618320610687023,-0.46240234375,-0.04638671875,-0.139892578125,1.1304999999999998
0.44274809160305345,1.0229007633587786,-1.83206106870229,-0.456787109375,-0.047119140625,-0.142822265625,1.1321999999999999
0.5648854961832062,1.1297709923664123,-1.786259541984733,-0.460693359375,-0.049560546875,-0.142822265625,1.1339
0.5190839694656488,1.099236641221374,-1.7099236641221374,-0.465087890625,-0.049072265625,-0.1416015625,1.1356
0.4732824427480916,0.9465648854961832,-1.5877862595419847,-0.465576171875,-0.051025390625,-0.140625,1.1373
0.3816793893129771,0.9770992366412213,-1.6946564885496183,-0.459716796875,-0.048583984375,-0.142578125,1.139
0.48854961832061067,0.9923664122137404,-1.6488549618320612,-0.462158203125,-0.047607421875,-0.143310546875,1.1407
0.549618320610687,0.8854961832061069,-1.6488549618320612,-0.46337890625,-0.05078125,-0.14453125,1.1423999999999999
0.6564885496183206,0.9923664122137404,-1.3740458015267176,-0.464111328125,-0.051513671875,-0.150146484375,1.1441
0.3969465648854962,0.8854961832061069,-1.6641221374045803,-0.4619140625,-0.05029296875,-0.140869140625,1.1458
0.33587786259541985,1.0381679389312977,-1.5877862595419847,-0.462890625,-0.055419921875,-0.138427734375,1.1475
0.6564885496183206,1.1297709923664123,-1.5877862595419847,-0.463623046875,-0.052734375,-0.1396484375,1.1492
0.3816793893129771,1.0687022900763359,-1.4198473282442747,-0.466552734375,-0.052490234375,-0.136962890625,1.1509
0.549618320610687,1.0687022900763359,-1.5877862595419847,-0.459716796875,-0.0478515625,-0.1376953125,1.1525999999999998
0.5801526717557252,1.1450381679389312,-1.4198473282442747,-0.4609375,-0.044189453125,-0.13720703125,1.1542999999999999
0.5954198473282443,1.099236641221374,-1.4045801526717556,-0.465576171875,-0.048828125,-0.147216796875,1.156
0.6106870229007634,1.2366412213740459,-1.3435114503816794,-0.463134765625,-0.050537109375,-0.140869140625,1.1577
0.5343511450381679,1.083969465648855,-1.450381679389313,-0.458740234375,-0.0458984375,-0.137939453125,1.1594
0.6870229007633588,1.1603053435114503,-1.3435114503816794,-0.460693359375,-0.045654296875,-0.145263671875,1.1611
0.6259541984732825,1.0687022900763359,-1.3893129770992367,-0.459228515625,-0.04833984375,-0.145263671875,1.1627999999999998
0.5648854961832062,1.1450381679389312,-1.282442748091603,-0.4609375,-0.05419921875,-0.13720703125,1.1644999999999999
0.5343511450381679,1.1603053435114503,-1.3740458015267176,-0.460205078125,-0.051025390625,-0.14794921875,1.1662
0.6717557251908397,1.099236641221374,-1.4351145038167938,-0.4560546875,-0.052734375,-0.144775390625,1.1679
0.44274809160305345,1.2671755725190839,-1.450381679389313,-0.4619140625,-0.05224609375,-0.140625,1.1696
0.6106870229007634,1.0687022900763359,-1.2366412213740459,-0.457763671875,-0.051025390625,-0.135498046875,1.1713
0.44274809160305345,1.1297709923664123,-1.3129770992366412,-0.462890625,-0.0546875,-0.140625,1.173
0.4732824427480916,1.099236641221374,-1.0687022900763359,-0.46044921875,-0.049072265625,-0.14208984375,1.1746999999999999
0.4580152671755725,1.2671755725190839,-1.251908396946565,-0.45751953125,-0.048828125,-0.14208984375,1.1764
0.3816793893129771,1.1603053435114503,-1.282442748091603,-0.462158203125,-0.0517578125,-0.139404296875,1.1781
0.5801526717557252,1.0687022900763359,-1.282442748091603,-0.4619140625,-0.05126953125,-0.142333984375,1.1798
0.4732824427480916,1.0534351145038168,-1.0687022900763359,-0.457763671875,-0.0537109375,-0.1435546875,1.1815
0.3511450381679389,1.2061068702290076,-1.3282442748091603,-0.462646484375,-0.048828125,-0.135498046875,1.1832
0.7022900763358778,1.1755725190839694,-1.2366412213740459,-0.458984375,-0.0498046875,-0.146240234375,1.1848999999999998
0.5038167938931297,1.1908396946564885,-1.4198473282442747,-0.46044921875,-0.050048828125,-0.141357421875,1.1865999999999999
0.5801526717557252,1.297709923664122,-1.4198473282442747,-0.465576171875,-0.049560546875,-0.140869140625,1.1883
0.5954198473282443,1.4198473282442747,-1.465648854961832,-0.45947265625,-0.0458984375,-0.149169921875,1.19
0.5648854961832062,1.1908396946564885,-1.2213740458015268,-0.4619140625,-0.043701171875,-0.142578125,1.1917
0.6106870229007634,1.3893129770992367,-1.3282442748091603,-0.463623046875,-0.04931640625,-0.140380859375,1.1934
0.5190839694656488,1.083969465648855,-1.297709923664122,-0.461181640625,-0.047119140625,-0.149169921875,1.1950999999999998
0.6717557251908397,1.099236641221374,-1.251908396946565,-0.457763671875,-0.0537109375,-0.14892578125,1.1967999999999999
0.5343511450381679,1.1145038167938932,-1.3740458015267176,-0.460693359375,-0.0537109375,-0.146484375,1.1985
0.5648854961832062,1.1297709923664123,-1.4961832061068703,-0.46044921875,-0.054443359375,-0.14990234375,1.2002
0.5954198473282443,0.9465648854961832,-1.3893129770992367,-0.465576171875,-0.04931640625,-0.152099609375,1.2019
0.8091603053435115,1.0076335877862594,-1.3282442748091603,-0.46484375,-0.04931640625,-0.154541015625,1.2036
0.549618320610687,1.1145038167938932,-1.3129770992366412,-0.4658203125,-0.048095703125,-0.146728515625,1.2053
0.7022900763358778,0.9923664122137404,-1.297709923664122,-0.46240234375,-0.048583984375,-0.14990234375,1.2069999999999999
0.8854961832061069,1.1297709923664123,-1.450381679389313,-0.46533203125,-0.044921875,-0.146728515625,1.2086999999999999
0.6717557251908397,1.0381679389312977,-1.5114503816793894,-0.466064453125,-0.046630859375,-0.153076171875,1.2104
0.6717557251908397,1.0381679389312977,-1.282442748091603,-0.462158203125,-0.04931640625,-0.14794921875,1.2121
0.8244274809160306,1.1603053435114503,-1.5572519083969465,-0.46875,-0.0478515625,-0.148193359375,1.2138
0.8396946564885496,0.916030534351145,-1.5267175572519085,-0.4638671875,-0.045166015625,-0.14404296875,1.2155
0.6870229007633588,1.0229007633587786,-1.3435114503816794,-0.467041015625,-0.050048828125,-0.13818359375,1.2171999999999998
0.4122137404580153,1.1297709923664123,-1.3740458015267176,-0.46240234375,-0.05126953125,-0.153076171875,1.2188999999999999
0.48854961832061067,1.251908396946565,-1.5267175572519085,-0.46875,-0.049072265625,-0.14013671875,1.2206
0.7022900763358778,1.099236641221374,-1.450381679389313,-0.4609375,-0.04931640625,-0.147216796875,1.2223
0.7633587786259542,1.0076335877862594,-1.4961832061068703,-0.4638671875,-0.0537109375,-0.14111328125,1.224
0.7938931297709924,0.9923664122137404,-1.3893129770992367,-0.4609375,-0.051025390625,-0.148681640625,1.2257
0.9618320610687023,1.1603053435114503,-1.5267175572519085,-0.461669921875,-0.051025390625,-0.14794921875,1.2273999999999998
0.7938931297709924,1.0687022900763359,-1.251908396946565,-0.458740234375,-0.047607421875,-0.13623046875,1.2290999999999999
0.8091603053435115,1.1755725190839694,-1.5267175572519085,-0.466064453125,-0.049072265625,-0.14599609375,1.2308
0.6412213740458015,0.9923664122137404,-1.3435114503816794,-0.4658203125,-0.052978515625,-0.150146484375,1.2325
0.732824427480916,1.0381679389312977,-1.3893129770992367,-0.46826171875,-0.047119140625,-0.14404296875,1.2342
0.7175572519083969,1.0076335877862594,-1.3435114503816794,-0.468505859375,-0.055419921875,-0.14453125,1.2359
0.6717557251908397,1.0687022900763359,-1.4809160305343512,-0.46875,-0.05517578125,-0.1484375,1.2376
0.6412213740458015,0.9312977099236641,-1.5419847328244274,-0.471923828125,-0.056396484375,-0.1474609375,1.2392999999999998
0.8396946564885496,0.9465648854961832,-1.4809160305343512,-0.465576171875,-0.051025390625,-0.1416015625,1.2409999999999999
0.7633587786259542,0.9618320610687023,-1.5725190839694656,-0.46630859375,-0.047119140625,-0.137451171875,1.2427
0.916030534351145,1.0076335877862594,-1.6793893129770991,-0.460693359375,-0.048095703125,-0.14208984375,1.2444
0.8702290076335878,1.0534351145038168,-1.618320610687023,-0.463134765625,-0.051025390625,-0.143798828125,1.2461
0.7938931297709924,0.9618320610687023,-1.4809160305343512,-0.463134765625,-0.05078125,-0.14501953125,1.2478
0.7022900763358778,0.9465648854961832,-1.450381679389313,-0.4638671875,-0.053955078125,-0.1435546875,1.2494999999999998
0.732824427480916,1.083969465648855,-1.6488549618320612,-0.4638671875,-0.049560546875,-0.150146484375,1.2511999999999999
0.8854961832061069,1.1450381679389312,-1.633587786259542,-0.4599609375,-0.051513671875,-0.142822265625,1.2529
0.8091603053435115,1.0229007633587786,-1.4809160305343512,-0.460205078125,-0.0498046875,-0.14892578125,1.2546
0.8091603053435115,1.1603053435114503,-1.618320610687023,-0.460693359375,-0.04833984375,-0.141357421875,1.2563
0.8396946564885496,0.916030534351145,-1.4961832061068703,-0.4580078125,-0.0537109375,-0.14501953125,1.258
0.7480916030534351,0.9618320610687023,-1.5114503816793894,-0.458740234375,-0.047607421875,-0.154541015625,1.2596999999999998
1.0076335877862594,0.9618320610687023,-1.6030534351145038,-0.465576171875,-0.047607421875,-0.146240234375,1.2613999999999999
0.6259541984732825,1.0229007633587786,-1.5114503816793894,-0.465087890625,-0.048828125,-0.1416015625,1.2631
0.6717557251908397,1.0076335877862594,-1.3740458015267176,-0.459228515625,-0.0546875,-0.15234375,1.2648
0.916030534351145,0.9618320610687023,-1.5725190839694656,-0.461181640625,-0.052734375,-0.142333984375,1.2665
0.8244274809160306,0.9312977099236641,-1.3893129770992367,-0.466064453125,-0.05126953125,-0.139404296875,1.2682
0.5954198473282443,1.099236641221374,-1.5725190839694656,-0.466064453125,-0.05224609375,-0.1435546875,1.2699
0.6259541984732825,0.8702290076335878,-1.2671755725190839,-0.459716796875,-0.05322265625,-0.142578125,1.2715999999999998
0.5190839694656488,0.9618320610687023,-1.3129770992366412,-0.460693359375,-0.05029296875,-0.147705078125,1.2732999999999999
0.5190839694656488,1.0076335877862594,-1.2671755725190839,-0.463134765625,-0.050048828125,-0.142578125,1.275
0.549618320610687,1.083969465648855,-1.3740458015267176,-0.466064453125,-0.04931640625,-0.1376953125,1.2767
0.732824427480916,1.1297709923664123,-1.297709923664122,-0.465576171875,-0.0537109375,-0.14404296875,1.2784
0.6717557251908397,1.2671755725190839,-1.3129770992366412,-0.463623046875,-0.0517578125,-0.1494140625,1.2801
0.4732824427480916,1.1297709923664123,-1.4961832061068703,-0.460693359375,-0.05126953125,-0.1533203125,1.2817999999999998
0.3053435114503817,1.1908396946564885,-1.2671755725190839,-0.459716796875,-0.053466796875,-0.148193359375,1.2834999999999999
0.48854961832061067,1.465648854961832,-1.0229007633587786,-0.461181640625,-0.04833984375,-0.13330078125,1.2852
0.5648854961832062,1.3129770992366412,-1.1603053435114503,-0.46142578125,-0.05322265625,-0.152099609375,1.2869
0.21374045801526717,1.4198473282442747,-1.1755725190839694,-0.4609375,-0.051025390625,-0.146484375,1.2886
0.48854961832061067,1.3740458015267176,-1.2366412213740459,-0.467529296875,-0.052734375,-0.1494140625,1.2903
0.183206106870229,1.4809160305343512,-1.2061068702290076,-0.46435546875,-0.052734375,-0.14794921875,1.292
0.4122137404580153,1.633587786259542,-1.3740458015267176,-0.463623046875,-0.052490234375,-0.140380859375,1.2936999999999999
0.366412213740458,1.6488549618320612,-1.297709923664122,-0.4638671875,-0.05615234375,-0.146240234375,1.2953999999999999
0.2900763358778626,1.8473282442748091,-1.5877862595419847,-0.456298828125,-0.049560546875,-0.145263671875,1.2971
0.44274809160305345,1.5267175572519085,-1.3129770992366412,-0.464111328125,-0.04931640625,-0.14453125,1.2988
0.3511450381679389,1.7404580152671756,-1.6946564885496183,-0.455810546875,-0.053466796875,-0.148681640625,1.3005
0.3816793893129771,1.6030534351145038,-1.5725190839694656,-0.456787109375,-0.050537109375,-0.1435546875,1.3022
0.42748091603053434,1.7557251908396947,-1.6946564885496183,-0.45751953125,-0.05029296875,-0.13818359375,1.3038999999999998
0.5648854961832062,1.5419847328244274,-1.6030534351145038,-0.455810546875,-0.04443359375,-0.145751953125,1.3055999999999999
0.5801526717557252,1.6030534351145038,-1.6641221374045803,-0.457763671875,-0.047607421875,-0.153076171875,1.3073
0.3816793893129771,1.7557251908396947,-1.6488549618320612,-0.457275390625,-0.04833984375,-0.140625,1.309
0.366412213740458,1.7709923664122138,-1.7099236641221374,-0.459716796875,-0.05126953125,-0.14453125,1.3107
0.6106870229007634,1.633587786259542,-1.6793893129770991,-0.46435546875,-0.0537109375,-0.136962890625,1.3124
0.6870229007633588,1.7099236641221374,-1.9541984732824427,-0.45751953125,-0.05078125,-0.1455078125,1.3140999999999998
0.5648854961832062,1.6793893129770991,-1.7251908396946565,-0.45947265625,-0.04931640625,-0.140869140625,1.3157999999999999
0.5648854961832062,1.8473282442748091,-1.8778625954198473,-0.463134765625,-0.048095703125,-0.1376953125,1.3175
0.6564885496183206,2.015267175572519,-1.7251908396946565,-0.462158203125,-0.0458984375,-0.141845703125,1.3192
0.6717557251908397,1.8015267175572518,-1.8778625954198473,-0.470458984375,-0.05029296875,-0.149169921875,1.3209
0.5343511450381679,2.0763358778625953,-1.8015267175572518,-0.464111328125,-0.060791015625,-0.146240234375,1.3226
0.5801526717557252,1.9694656488549618,-1.9083969465648856,-0.462890625,-0.052001953125,-0.138916015625,1.3243
0.8091603053435115,1.7404580152671756,-1.8473282442748091,-0.458740234375,-0.046875,-0.14990234375,1.3259999999999998
0.6412213740458015,1.618320610687023,-1.9389312977099236,-0.458740234375,-0.04541015625,-0.14794921875,1.3276999999999999
0.6106870229007634,1.8625954198473282,-1.786259541984733,-0.459716796875,-0.0498046875,-0.140869140625,1.3294
0.5648854961832062,1.816793893129771,-1.9083969465648856,-0.466796875,-0.045654296875,-0.146240234375,1.3311
0.6412213740458015,1.786259541984733,-1.7557251908396947,-0.466064453125,-0.0546875,-0.150146484375,1.3328
0.7022900763358778,1.9083969465648856,-1.7404580152671756,-0.464599609375,-0.05419921875,-0.14111328125,1.3345
0.5648854961832062,1.7557251908396947,-1.618320610687023,-0.4609375,-0.052490234375,-0.143310546875,1.3361999999999998
0.5801526717557252,1.6641221374045803,-1.6946564885496183,-0.458740234375,-0.048583984375,-0.141845703125,1.3378999999999999
0.7175572519083969,1.9541984732824427,-1.6641221374045803,-0.463134765625,-0.05419921875,-0.146728515625,1.3396
0.5954198473282443,1.6793893129770991,-1.7709923664122138,-0.46142578125,-0.047119140625,-0.144287109375,1.3413
0.44274809160305345,1.633587786259542,-1.5725190839694656,-0.464599609375,-0.052734375,-0.140869140625,1.343
0.5801526717557252,1.5877862595419847,-1.6946564885496183,-0.466796875,-0.055419921875,-0.145751953125,1.3447
0.5190839694656488,1.6488549618320612,-1.450381679389313,-0.4638671875,-0.04736328125,-0.1416015625,1.3463999999999998
0.6412213740458015,1.7099236641221374,-1.4961832061068703,-0.462890625,-0.048095703125,-0.146240234375,1.3480999999999999
0.6564885496183206,1.633587786259542,-1.450381679389313,-0.462158203125,-0.05322265625,-0.14453125,1.3497999999999999
0.5038167938931297,1.7404580152671756,-1.6488549618320612,-0.46435546875,-0.059326171875,-0.143798828125,1.3515
0.48854961832061067,1.618320610687023,-1.5419847328244274,-0.46044921875,-0.05126953125,-0.1396484375,1.3532
0.5190839694656488,1.7251908396946565,-1.5725190839694656,-0.46435546875,-0.053466796875,-0.14990234375,1.3549
0.48854961832061067,1.5877862595419847,-1.5419847328244274,-0.465576171875,-0.05029296875,-0.140625,1.3566
0.6870229007633588,1.5114503816793894,-1.6488549618320612,-0.462646484375,-0.049072265625,-0.150390625,1.3582999999999998
0.6259541984732825,1.5572519083969465,-1.465648854961832,-0.4609375,-0.052490234375,-0.153076171875,1.3599999999999999
0.549618320610687,1.6488549618320612,-1.5419847328244274,-0.46435546875,-0.05322265625,-0.14892578125,1.3617
0.48854961832061067,1.5419847328244274,-1.3282442748091603,-0.45947265625,-0.0458984375,-0.148681640625,1.3634
0.7786259541984732,1.6641221374045803,-1.450381679389313,-0.462890625,-0.0537109375,-0.146728515625,1.3651
0.7786259541984732,1.5419847328244274,-1.4198473282442747,-0.4658203125,-0.046142578125,-0.145263671875,1.3668
0.8702290076335878,1.4809160305343512,-1.3282442748091603,-0.4638671875,-0.049560546875,-0.146240234375,1.3684999999999998
0.6717557251908397,1.618320610687023,-1.3587786259541985,-0.463623046875,-0.045654296875,-0.143310546875,1.3701999999999999
0.8244274809160306,1.4198473282442747,-1.633587786259542,-0.4599609375,-0.046630859375,-0.14501953125,1.3719
0.8702290076335878,1.3435114503816794,-1.450381679389313,-0.457275390625,-0.048828125,-0.14794921875,1.3736
0.7480916030534351,1.3129770992366412,-1.4351145038167938,-0.4658203125,-0.0478515625,-0.147705078125,1.3753
0.7786259541984732,1.3435114503816794,-1.3740458015267176,-0.465576171875,-0.0478515625,-0.1474609375,1.377
0.7938931297709924,1.3282442748091603,-1.4351145038167938,-0.466796875,-0.0517578125,-0.15087890625,1.3786999999999998
0.7175572519083969,1.3129770992366412,-1.4961832061068703,-0.461669921875,-0.05078125,-0.142333984375,1.3803999999999998
0.7480916030534351,1.450381679389313,-1.6030534351145038,-0.462158203125,-0.053466796875,-0.1513671875,1.3820999999999999
1.0229007633587786,1.297709923664122,-1.2671755725190839,-0.465576171875,-0.054931640625,-0.156494140625,1.3838
0.7633587786259542,1.1603053435114503,-1.5114503816793894,-0.464111328125,-0.05126953125,-0.1474609375,1.3855
0.9007633587786259,1.3435114503816794,-1.5725190839694656,-0.45849609375,-0.04736328125,-0.150390625,1.3872
0.916030534351145,1.2671755725190839,-1.5725190839694656,-0.4619140625,-0.049560546875,-0.1484375,1.3889
0.549618320610687,1.282442748091603,-1.6793893129770991,-0.4638671875,-0.04931640625,-0.1435546875,1.3905999999999998
0.6564885496183206,1.2213740458015268,-1.7709923664122138,-0.461669921875,-0.0498046875,-0.142822265625,1.3922999999999999
0.9007633587786259,1.0687022900763359,-1.5572519083969465,-0.464599609375,-0.04736328125,-0.147705078125,1.394
0.9007633587786259,1.1908396946564885,-1.4961832061068703,-0.46142578125,-0.050048828125,-0.15185546875,1.3957
0.916030534351145,1.1145038167938932,-1.4045801526717556,-0.46630859375,-0.050048828125,-0.149658203125,1.3974
0.9312977099236641,1.1145038167938932,-1.5572519083969465,-0.463134765625,-0.04833984375,-0.132568359375,1.3991
0.9312977099236641,1.0687022900763359,-1.4198473282442747,-0.4609375,-0.052490234375,-0.149169921875,1.4007999999999998
0.9007633587786259,1.0076335877862594,-1.5267175572519085,-0.45556640625,-0.050537109375,-0.1474609375,1.4024999999999999
0.6564885496183206,1.0381679389312977,-1.4961832061068703,-0.456298828125,-0.04931640625,-0.145751953125,1.4042
0.5343511450381679,1.0381679389312977,-1.633587786259542,-0.4560546875,-0.05029296875,-0.151611328125,1.4059
0.9465648854961832,0.9618320610687023,-1.6030534351145038,-0.46337890625,-0.048095703125,-0.15185546875,1.4076
0.916030534351145,0.916030534351145,-1.6030534351145038,-0.463134765625,-0.048828125,-0.15234375,1.4093
0.6412213740458015,1.0534351145038168,-1.4198473282442747,-0.464111328125,-0.050537109375,-0.14892578125,1.411
0.5648854961832062,1.0687022900763359,-1.5267175572519085,-0.461181640625,-0.051513671875,-0.1484375,1.4126999999999998
0.7175572519083969,0.8244274809160306,-1.618320610687023,-0.466064453125,-0.04833984375,-0.143798828125,1.4143999999999999
0.8549618320610687,0.9618320610687023,-1.6641221374045803,-0.462158203125,-0.048583984375,-0.144287109375,1.4161
0.8549618320610687,0.8854961832061069,-1.4809160305343512,-0.4638671875,-0.04638671875,-0.14599609375,1.4178
0.6717557251908397,0.9312977099236641,-1.6488549618320612,-0.458984375,-0.0478515625,-0.140869140625,1.4195
0.732824427480916,1.0229007633587786,-1.6793893129770991,-0.4599609375,-0.05078125,-0.146728515625,1.4212
0.5648854961832062,1.0534351145038168,-1.5572519083969465,-0.46337890625,-0.05078125,-0.146484375,1.4228999999999998
0.916030534351145,0.9770992366412213,-1.5725190839694656,-0.457275390625,-0.05029296875,-0.15283203125,1.4245999999999999
0.6717557251908397,0.8091603053435115,-1.6488549618320612,-0.458740234375,-0.052001953125,-0.14404296875,1.4263
0.5801526717557252,0.9007633587786259,-1.633587786259542,-0.462890625,-0.0537109375,-0.14111328125,1.428
0.7480916030534351,0.9007633587786259,-1.6030534351145038,-0.461181640625,-0.0478515625,-0.137939453125,1.4297
0.6717557251908397,0.9770992366412213,-1.6946564885496183,-0.45703125,-0.054443359375,-0.144775390625,1.4314
0.549618320610687,1.0076335877862594,-1.6488549618320612,-0.458740234375,-0.052734375,-0.150634765625,1.4330999999999998
0.6870229007633588,1.099236641221374,-1.984732824427481,-0.458984375,-0.051025390625,-0.147705078125,1.4347999999999999
0.4122137404580153,0.9770992366412213,-1.7557251908396947,-0.465087890625,-0.05078125,-0.15576171875,1.4364999999999999
0.6717557251908397,0.8091603053435115,-1.618320610687023,-0.462158203125,-0.0478515625,-0.148681640625,1.4382
0.5801526717557252,1.1145038167938932,-1.7557251908396947,-0.462158203125,-0.052001953125,-0.15185546875,1.4399
0.5190839694656488,0.9618320610687023,-1.9236641221374047,-0.460693359375,-0.0458984375,-0.1494140625,1.4416
0.4580152671755725,1.0076335877862594,-1.8931297709923665,-0.458251953125,-0.049072265625,-0.14453125,1.4433
0.7786259541984732,1.0381679389312977,-1.9236641221374047,-0.46044921875,-0.049560546875,-0.134521484375,1.4449999999999998
0.7786259541984732,1.099236641221374,-1.7251908396946565,-0.462890625,-0.04931640625,-0.152587890625,1.4466999999999999
0.3969465648854962,1.0381679389312977,-1.7709923664122138,-0.46484375,-0.051025390625,-0.14990234375,1.4484
0.7480916030534351,1.0076335877862594,-1.8625954198473282,-0.468994140625,-0.050537109375,-0.155517578125,1.4501
0.8244274809160306,1.1145038167938932,-1.8778625954198473,-0.461181640625,-0.054931640625,-0.1484375,1.4518
0.4732824427480916,1.1145038167938932,-1.8015267175572518,-0.46435546875,-0.049560546875,-0.135498046875,1.4535
0.7480916030534351,1.1450381679389312,-1.984732824427481,-0.463623046875,-0.0537109375,-0.147216796875,1.4551999999999998
0.5801526717557252,1.282442748091603,-1.6488549618320612,-0.460693359375,-0.0517578125,-0.147216796875,1.4568999999999999
0.7175572519083969,1.1450381679389312,-1.7099236641221374,-0.46337890625,-0.048828125,-0.146728515625,1.4586
0.6412213740458015,1.2366412213740459,-2.030534351145038,-0.463134765625,-0.051513671875,-0.1494140625,1.4603
0.5190839694656488,1.1908396946564885,-1.83206106870229,-0.46484375,-0.050048828125,-0.153564453125,1.462
0.7786259541984732,1.1908396946564885,-1.8015267175572518,-0.46435546875,-0.05322265625,-0.145263671875,1.4637
0.732824427480916,1.2061068702290076,-1.786259541984733,-0.462158203125,-0.05078125,-0.14306640625,1.4653999999999998
0.5648854961832062,1.1755725190839694,-1.7709923664122138,-0.460693359375,-0.052978515625,-0.14892578125,1.4670999999999998
0.732824427480916,1.1603053435114503,-1.8625954198473282,-0.461181640625,-0.049072265625,-0.14501953125,1.4687999999999999
0.8549618320610687,1.2061068702290076,-1.8473282442748091,-0.46337890625,-0.055908203125,-0.143310546875,1.4705
0.7633587786259542,1.0381679389312977,-1.8931297709923665,-0.46484375,-0.052001953125,-0.151611328125,1.4722
0.6259541984732825,1.0687022900763359,-1.8015267175572518,-0.462890625,-0.04931640625,-0.15625,1.4739
0.6106870229007634,1.083969465648855,-1.83206106870229,-0.46142578125,-0.04833984375,-0.14111328125,1.4756
0.9465648854961832,0.9923664122137404,-1.7557251908396947,-0.463623046875,-0.04541015625,-0.14306640625,1.4772999999999998
0.732824427480916,1.1145038167938932,-1.984732824427481,-0.463623046875,-0.050537109375,-0.142822265625,1.4789999999999999
0.6564885496183206,1.1145038167938932,-1.8015267175572518,-0.461669921875,-0.049560546875,-0.150634765625,1.4807
0.7175572519083969,1.0687022900763359,-1.816793893129771,-0.463623046875,-0.045654296875,-0.1474609375,1.4824
0.6870229007633588,0.9465648854961832,-1.9083969465648856,-0.45751953125,-0.044921875,-0.144287109375,1.4841
0.9618320610687023,0.916030534351145,-1.83206106870229,-0.463623046875,-0.0498046875,-0.136474609375,1.4858
0.8396946564885496,0.916030534351145,-1.7099236641221374,-0.4599609375,-0.048828125,-0.1484375,1.4874999999999998
0.7022900763358778,1.0381679389312977,-1.8473282442748091,-0.4677734375,-0.048095703125,-0.1494140625,1.4891999999999999
0.5954198473282443,0.9618320610687023,-1.8473282442748091,-0.46142578125,-0.05029296875,-0.1455078125,1.4909
0.7786259541984732,0.8854961832061069,-1.6793893129770991,-0.458251953125,-0.045166015625,-0.146240234375,1.4926
0.9618320610687023,0.9465648854961832,-1.6030534351145038,-0.4638671875,-0.054443359375,-0.13623046875,1.4943
0.732824427480916,1.0687022900763359,-1.8015267175572518,-0.4619140625,-0.043212890625,-0.138916015625,1.496
0.916030534351145,1.0687022900763359,-1.7251908396946565,-0.465576171875,-0.05224609375,-0.144775390625,1.4976999999999998
0.9618320610687023,0.8549618320610687,-1.7099236641221374,-0.466552734375,-0.05078125,-0.1533203125,1.4993999999999998
0.8702290076335878,0.8396946564885496,-1.4961832061068703,-0.462890625,-0.048095703125,-0.145263671875,1.5010999999999999
0.9465648854961832,0.7633587786259542,-1.6488549618320612,-0.46484375,-0.04931640625,-0.13623046875,1.5028
1.083969465648855,0.7633587786259542,-1.633587786259542,-0.4619140625,-0.046142578125,-0.149169921875,1.5045
1.1450381679389312,0.6717557251908397,-1.7709923664122138,-0.46337890625,-0.04931640625,-0.1416015625,1.5062
1.083969465648855,0.8396946564885496,-1.5572519083969465,-0.46337890625,-0.048583984375,-0.14501953125,1.5079
1.1297709923664123,0.916030534351145,-1.7404580152671756,-0.462158203125,-0.052001953125,-0.148681640625,1.5095999999999998
1.0229007633587786,0.7022900763358778,-1.6641221374045803,-0.46240234375,-0.05322265625,-0.15087890625,1.5112999999999999
1.251908396946565,0.8549618320610687,-1.7404580152671756,-0.458984375,-0.0517578125,-0.14404296875,1.513
1.251908396946565,0.8244274809160306,-1.7404580152671756,-0.46484375,-0.051025390625,-0.140869140625,1.5147
1.083969465648855,0.732824427480916,-1.7557251908396947,-0.468505859375,-0.052001953125,-0.141357421875,1.5164
0.9618320610687023,0.8091603053435115,-1.4809160305343512,-0.4677734375,-0.0498046875,-0.140869140625,1.5181
1.1755725190839694,0.8244274809160306,-1.7099236641221374,-0.45849609375,-0.052490234375,-0.152099609375,1.5197999999999998
1.282442748091603,0.7938931297709924,-1.6488549618320612,-0.465087890625,-0.046630859375,-0.146728515625,1.5214999999999999
1.1908396946564885,0.7022900763358778,-1.5419847328244274,-0.46435546875,-0.052001953125,-0.145263671875,1.5231999999999999
1.0229007633587786,0.6412213740458015,-1.5419847328244274,-0.462890625,-0.052978515625,-0.145751953125,1.5249
1.1755725190839694,0.6412213740458015,-1.4961832061068703,-0.460205078125,-0.04833984375,-0.149169921875,1.5266
1.1145038167938932,0.8091603053435115,-1.3740458015267176,-0.4609375,-0.043701171875,-0.1396484375,1.5283
1.2061068702290076,0.6564885496183206,-1.5114503816793894,-0.458984375,-0.054931640625,-0.138671875,1.5299999999999998
1.1145038167938932,0.732824427480916,-1.450381679389313,-0.4580078125,-0.0546875,-0.130615234375,1.5316999999999998
1.099236641221374,0.8396946564885496,-1.450381679389313,-0.45849609375,-0.051025390625,-0.13232421875,1.5333999999999999
1.0534351145038168,0.549618320610687,-1.3435114503816794,-0.46630859375,-0.050537109375,-0.1474609375,1.5351
0.9312977099236641,0.6106870229007634,-1.5725190839694656,-0.465576171875,-0.052734375,-0.14990234375,1.5368
1.1297709923664123,0.7938931297709924,-1.282442748091603,-0.46142578125,-0.051513671875,-0.14697265625,1.5385
0.9618320610687023,0.7480916030534351,-1.3435114503816794,-0.467529296875,-0.05419921875,-0.143798828125,1.5402
0.9770992366412213,0.7175572519083969,-1.3282442748091603,-0.46484375,-0.04736328125,-0.149169921875,1.5418999999999998
1.0534351145038168,0.7175572519083969,-1.5572519083969465,-0.4609375,-0.048828125,-0.14697265625,1.5435999999999999
0.9465648854961832,0.8091603053435115,-1.4351145038167938,-0.4638671875,-0.05322265625,-0.1435546875,1.5453
1.0076335877862594,0.9312977099236641,-1.4961832061068703,-0.464599609375,-0.0517578125,-0.14208984375,1.547
0.9923664122137404,0.6259541984732825,-1.3129770992366412,-0.463134765625,-0.049072265625,-0.1435546875,1.5487
0.9618320610687023,0.6564885496183206,-1.3740458015267176,-0.46337890625,-0.05029296875,-0.142578125,1.5504
0.9465648854961832,0.5801526717557252,-1.3740458015267176,-0.464599609375,-0.05859375,-0.1455078125,1.5520999999999998
0.8702290076335878,0.6717557251908397,-1.4198473282442747,-0.46044921875,-0.0546875,-0.140869140625,1.5537999999999998
0.7786259541984732,0.6717557251908397,-1.1755725190839694,-0.465576171875,-0.05322265625,-0.146728515625,1.5554999999999999
0.8091603053435115,0.8396946564885496,-1.2061068702290076,-0.462646484375,-0.05322265625,-0.14501953125,1.5572
0.5343511450381679,0.7786259541984732,-1.282442748091603,-0.46435546875,-0.0537109375,-0.15234375,1.5589
0.7480916030534351,0.6870229007633588,-1.3129770992366412,-0.4638671875,-0.052490234375,-0.142578125,1.5606
0.8396946564885496,0.8549618320610687,-1.2061068702290076,-0.46142578125,-0.05078125,-0.140869140625,1.5623
0.6870229007633588,0.7786259541984732,-1.297709923664122,-0.461181640625,-0.05224609375,-0.142822265625,1.5639999999999998
0.7938931297709924,0.6564885496183206,-1.2061068702290076,-0.4619140625,-0.05126953125,-0.140869140625,1.5656999999999999
0.7175572519083969,0.7786259541984732,-1.2671755725190839,-0.46484375,-0.056884765625,-0.139892578125,1.5674
0.6564885496183206,0.7022900763358778,-1.2061068702290076,-0.45947265625,-0.052001953125,-0.140380859375,1.5691
0.4732824427480916,0.8091603053435115,-1.083969465648855,-0.460205078125,-0.05419921875,-0.147216796875,1.5708
0.5190839694656488,0.916030534351145,-1.3587786259541985,-0.462646484375,-0.052734375,-0.1484375,1.5725
0.5648854961832062,0.8396946564885496,-1.3435114503816794,-0.464111328125,-0.049072265625,-0.145263671875,1.5741999999999998
0.5038167938931297,0.8396946564885496,-1.083969465648855,-0.46484375,-0.053466796875,-0.147216796875,1.5758999999999999
0.5801526717557252,0.9007633587786259,-1.2061068702290076,-0.45947265625,-0.05224609375,-0.140869140625,1.5776
0.549618320610687,0.9312977099236641,-1.2061068702290076,-0.4658203125,-0.052734375,-0.134765625,1.5793
0.44274809160305345,1.083969465648855,-1.2671755725190839,-0.4658203125,-0.051025390625,-0.1484375,1.581
0.2900763358778626,0.9618320610687023,-1.2366412213740459,-0.46435546875,-0.05615234375,-0.14599609375,1.5827
0.2595419847328244,1.083969465648855,-1.4198473282442747,-0.465087890625,-0.04638671875,-0.14794921875,1.5843999999999998
0.3816793893129771,0.9618320610687023,-1.099236641221374,-0.4599609375,-0.05078125,-0.140380859375,1.5860999999999998
0.366412213740458,0.9465648854961832,-1.2061068702290076,-0.46240234375,-0.056396484375,-0.143310546875,1.5877999999999999
0.3816793893129771,1.1908396946564885,-1.1450381679389312,-0.463623046875,-0.051513671875,-0.146240234375,1.5895
0.1984732824427481,1.251908396946565,-1.1603053435114503,-0.46142578125,-0.051513671875,-0.1416015625,1.5912
0.2900763358778626,1.083969465648855,-1.3129770992366412,-0.466796875,-0.053955078125,-0.146484375,1.5929
0.2595419847328244,1.0381679389312977,-1.3587786259541985,-0.46533203125,-0.05126953125,-0.15087890625,1.5946
0.22900763358778625,1.2366412213740459,-1.099236641221374,-0.462890625,-0.046630859375,-0.14453125,1.5962999999999998
0.3511450381679389,1.2671755725190839,-1.1450381679389312,-0.45849609375,-0.053466796875,-0.14453125,1.5979999999999999
0.10687022900763359,1.1450381679389312,-1.2366412213740459,-0.461669921875,-0.04931640625,-0.146240234375,1.5997
0.183206106870229,1.1297709923664123,-1.1908396946564885,-0.462646484375,-0.05029296875,-0.1435546875,1.6014
0.21374045801526717,1.2213740458015268,-1.3435114503816794,-0.461181640625,-0.0537109375,-0.138427734375,1.6031
0.0,1.1755725190839694,-1.3282442748091603,-0.457763671875,-0.053466796875,-0.14306640625,1.6048
0.0916030534351145,1.1145038167938932,-1.1450381679389312,-0.462158203125,-0.054443359375,-0.150146484375,1.6064999999999998
-0.04580152671755725,1.2366412213740459,-1.1755725190839694,-0.4658203125,-0.056396484375,-0.15283203125,1.6081999999999999
-0.183206106870229,1.3282442748091603,-1.282442748091603,-0.462158203125,-0.04736328125,-0.14013671875,1.6098999999999999
-0.030534351145038167,1.251908396946565,-1.2366412213740459,-0.462890625,-0.048583984375,-0.13427734375,1.6116
-0.16793893129770993,1.1908396946564885,-1.251908396946565,-0.463623046875,-0.05224609375,-0.1455078125,1.6133
-0.030534351145038167,1.3435114503816794,-1.1755725190839694,-0.46435546875,-0.0498046875,-0.142822265625,1.615
0.04580152671755725,1.3435114503816794,-1.3740458015267176,-0.464111328125,-0.055419921875,-0.14599609375,1.6166999999999998
-0.3816793893129771,1.297709923664122,-1.297709923664122,-0.45849609375,-0.0498046875,-0.141845703125,1.6183999999999998
-0.33587786259541985,1.0687022900763359,-1.1603053435114503,-0.462158203125,-0.05029296875,-0.146728515625,1.6200999999999999
-0.04580152671755725,1.251908396946565,-1.2061068702290076,-0.462646484375,-0.052001953125,-0.142578125,1.6218
-0.2900763358778626,1.2671755725190839,-1.3129770992366412,-0.460205078125,-0.050537109375,-0.139892578125,1.6235
-0.12213740458015267,1.282442748091603,-1.2671755725190839,-0.461669921875,-0.051513671875,-0.140625,1.6252
-0.07633587786259542,1.2366412213740459,-1.2671755725190839,-0.463623046875,-0.051513671875,-0.13330078125,1.6269
-0.16793893129770993,1.2671755725190839,-1.2671755725190839,-0.45947265625,-0.050048828125,-0.145751953125,1.6285999999999998
-0.030534351145038167,1.1603053435114503,-1.251908396946565,-0.4619140625,-0.0546875,-0.151123046875,1.6302999999999999
0.015267175572519083,1.083969465648855,-1.1145038167938932,-0.458984375,-0.04833984375,-0.140869140625,1.632
-0.21374045801526717,1.2061068702290076,-1.282442748091603,-0.456298828125,-0.0546875,-0.146240234375,1.6337
-0.04580152671755725,1.1908396946564885,-1.1450381679389312,-0.46533203125,-0.050048828125,-0.138916015625,1.6354
0.0,1.282442748091603,-1.3282442748091603,-0.4638671875,-0.04931640625,-0.14501953125,1.6371
-0.07633587786259542,1.297709923664122,-1.2213740458015268,-0.461669921875,-0.052490234375,-0.14404296875,1.6387999999999998
0.13740458015267176,1.1755725190839694,-1.465648854961832,-0.460693359375,-0.049560546875,-0.14599609375,1.6404999999999998
-0.21374045801526717,1.1755725190839694,-1.1603053435114503,-0.461669921875,-0.04443359375,-0.142578125,1.6421999999999999
-0.13740458015267176,1.083969465648855,-1.3893129770992367,-0.460693359375,-0.05517578125,-0.143310546875,1.6439
-0.12213740458015267,1.083969465648855,-1.2366412213740459,-0.463623046875,-0.04736328125,-0.144287109375,1.6456
-0.07633587786259542,1.1908396946564885,-1.251908396946565,-0.460693359375,-0.0517578125,-0.14990234375,1.6473
0.10687022900763359,1.1450381679389312,-1.4045801526717556,-0.4658203125,-0.05126953125,-0.14208984375,1.6489999999999998
0.07633587786259542,1.1297709923664123,-1.297709923664122,-0.4599609375,-0.05029296875,-0.1435546875,1.6506999999999998
0.10687022900763359,1.2061068702290076,-1.083969465648855,-0.46484375,-0.05078125,-0.142822265625,1.6523999999999999
0.21374045801526717,1.083969465648855,-1.3282442748091603,-0.46240234375,-0.0478515625,-0.140625,1.6541
-0.030534351145038167,1.3282442748091603,-1.3129770992366412,-0.462890625,-0.048583984375,-0.14501953125,1.6558
0.030534351145038167,1.0687022900763359,-1.3587786259541985,-0.463623046875,-0.047607421875,-0.14013671875,1.6575
0.2595419847328244,1.1755725190839694,-1.1450381679389312,-0.465576171875,-0.051025390625,-0.1396484375,1.6592
0.04580152671755725,1.1297709923664123,-1.3282442748091603,-0.46484375,-0.048828125,-0.147705078125,1.6608999999999998
0.24427480916030533,1.1297709923664123,-1.2366412213740459,-0.463134765625,-0.050048828125,-0.14697265625,1.6625999999999999
0.16793893129770993,1.083969465648855,-1.4198473282442747,-0.46630859375,-0.046142578125,-0.14794921875,1.6643
0.183206106870229,1.1755725190839694,-1.3282442748091603,-0.46240234375,-0.046875,-0.144287109375,1.666
0.22900763358778625,1.1145038167938932,-1.4045801526717556,-0.46240234375,-0.050537109375,-0.1435546875,1.6677
0.2748091603053435,1.1450381679389312,-1.1755725190839694,-0.463134765625,-0.048583984375,-0.140625,1.6694
0.21374045801526717,0.9618320610687023,-1.297709923664122,-0.462158203125,-0.0498046875,-0.141357421875,1.6710999999999998
0.4122137404580153,1.0534351145038168,-1.0229007633587786,-0.4609375,-0.049072265625,-0.141845703125,1.6727999999999998
0.32061068702290074,1.099236641221374,-1.3282442748091603,-0.458740234375,-0.05126953125,-0.147216796875,1.6744999999999999
0.42748091603053434,1.1755725190839694,-1.3129770992366412,-0.463623046875,-0.047607421875,-0.15087890625,1.6762
0.366412213740458,1.1450381679389312,-1.2061068702290076,-0.461669921875,-0.043701171875,-0.150146484375,1.6779
0.32061068702290074,0.8549618320610687,-1.2671755725190839,-0.46435546875,-0.045166015625,-0.1455078125,1.6796
0.32061068702290074,0.8091603053435115,-1.297709923664122,-0.46484375,-0.048095703125,-0.14453125,1.6813
0.3053435114503817,0.9007633587786259,-1.3129770992366412,-0.46435546875,-0.05078125,-0.14794921875,1.6829999999999998
0.4580152671755725,0.8854961832061069,-1.282442748091603,-0.46484375,-0.04833984375,-0.140625,1.6846999999999999
0.42748091603053434,0.9770992366412213,-1.1297709923664123,-0.462646484375,-0.04443359375,-0.14306640625,1.6864
0.44274809160305345,1.0687022900763359,-1.3740458015267176,-0.463623046875,-0.047607421875,-0.148681640625,1.6881
0.5648854961832062,0.9007633587786259,-1.2061068702290076,-0.462646484375,-0.048583984375,-0.143310546875,1.6898
0.4580152671755725,0.9007633587786259,-1.2671755725190839,-0.466552734375,-0.049560546875,-0.141845703125,1.6915
0.6412213740458015,1.0076335877862594,-1.1450381679389312,-0.461181640625,-0.046630859375,-0.1435546875,1.6931999999999998
0.5648854961832062,0.8549618320610687,-1.297709923664122,-0.46533203125,-0.049072265625,-0.14208984375,1.6948999999999999
0.549618320610687,0.9618320610687023,-1.1450381679389312,-0.46337890625,-0.0537109375,-0.14208984375,1.6965999999999999
0.4580152671755725,1.0076335877862594,-1.297709923664122,-0.460693359375,-0.044921875,-0.143798828125,1.6983
0.48854961832061067,0.9465648854961832,-1.0076335877862594,-0.46142578125,-0.0458984375,-0.144775390625,1.7
0.6106870229007634,0.9465648854961832,-1.2213740458015268,-0.462890625,-0.05419921875,-0.150390625,1.7017
0.7938931297709924,0.9923664122137404,-1.1603053435114503,-0.461181640625,-0.05078125,-0.13671875,1.7033999999999998
0.5801526717557252,0.9770992366412213,-1.3282442748091603,-0.45947265625,-0.047607421875,-0.143798828125,1.7050999999999998
0.6870229007633588,1.083969465648855,-1.2366412213740459,-0.462646484375,-0.049072265625,-0.149169921875,1.7067999999999999
0.6106870229007634,1.0076335877862594,-1.3435114503816794,-0.46728515625,-0.0517578125,-0.142333984375,1.7085
0.549618320610687,0.916030534351145,-1.1908396946564885,-0.466796875,-0.0498046875,-0.148681640625,1.7102
0.6717557251908397,0.8549618320610687,-1.3587786259541985,-0.463623046875,-0.053466796875,-0.145751953125,1.7119
0.5801526717557252,0.9312977099236641,-1.297709923664122,-0.466796875,-0.051513671875,-0.1494140625,1.7136
0.732824427480916,0.8702290076335878,-1.282442748091603,-0.461669921875,-0.050537109375,-0.148193359375,1.7152999999999998
0.6870229007633588,0.9007633587786259,-1.3435114503816794,-0.46435546875,-0.05615234375,-0.142333984375,1.7169999999999999
0.48854961832061067,0.9465648854961832,-1.4351145038167938,-0.463623046875,-0.054443359375,-0.12890625,1.7187
0.549618320610687,1.0076335877862594,-1.083969465648855,-0.46630859375,-0.05712890625,-0.14599609375,1.7204
0.7175572519083969,1.0076335877862594,-1.3893129770992367,-0.462158203125,-0.05126953125,-0.146728515625,1.7221
0.7480916030534351,1.0076335877862594,-1.2061068702290076,-0.464111328125,-0.048095703125,-0.14501953125,1.7238
0.6106870229007634,1.0687022900763359,-1.2671755725190839,-0.46533203125,-0.04736328125,-0.138671875,1.7254999999999998
0.5954198473282443,1.099236641221374,-1.251908396946565,-0.460693359375,-0.0517578125,-0.14501953125,1.7271999999999998
0.5801526717557252,1.0229007633587786,-1.2671755725190839,-0.46484375,-0.05029296875,-0.146484375,1.7288999999999999
0.5648854961832062,0.9923664122137404,-1.1145038167938932,-0.46484375,-0.051025390625,-0.14013671875,1.7306
0.5648854961832062,0.9770992366412213,-1.4045801526717556,-0.4619140625,-0.048828125,-0.147705078125,1.7323
0.48854961832061067,0.9618320610687023,-1.3893129770992367,-0.458740234375,-0.047607421875,-0.1484375,1.734
0.549618320610687,0.9923664122137404,-1.4045801526717556,-0.463134765625,-0.046142578125,-0.148681640625,1.7356999999999998
0.44274809160305345,1.1297709923664123,-1.3893129770992367,-0.4609375,-0.055419921875,-0.149169921875,1.7373999999999998
0.5038167938931297,1.2213740458015268,-1.465648854961832,-0.46142578125,-0.055419921875,-0.14453125,1.7390999999999999
0.8702290076335878,1.0534351145038168,-1.282442748091603,-0.460693359375,-0.0517578125,-0.139404296875,1.7408
0.4732824427480916,1.0076335877862594,-1.3282442748091603,-0.46484375,-0.046630859375,-0.145751953125,1.7425
0.6412213740458015,1.0534351145038168,-1.251908396946565,-0.460693359375,-0.05029296875,-0.149658203125,1.7442
0.5648854961832062,0.9923664122137404,-1.3282442748091603,-0.460205078125,-0.052734375,-0.14697265625,1.7459
0.6412213740458015,1.0534351145038168,-1.3893129770992367,-0.457275390625,-0.04931640625,-0.15380859375,1.7475999999999998
0.6412213740458015,1.1755725190839694,-1.2213740458015268,-0.46142578125,-0.047607421875,-0.136962890625,1.7492999999999999
0.5801526717557252,1.1603053435114503,-1.1908396946564885,-0.460693359375,-0.044921875,-0.140380859375,1.751
0.5190839694656488,1.1297709923664123,-1.633587786259542,-0.4619140625,-0.0498046875,-0.146484375,1.7527
0.42748091603053434,1.1603053435114503,-1.3893129770992367,-0.463623046875,-0.050048828125,-0.1435546875,1.7544
0.549618320610687,1.1603053435114503,-1.297709923664122,-0.462158203125,-0.048583984375,-0.13525390625,1.7561
0.4732824427480916,1.2213740458015268,-1.4198473282442747,-0.459228515625,-0.048095703125,-0.143798828125,1.7577999999999998
0.4732824427480916,1.099236641221374,-1.3893129770992367,-0.462158203125,-0.051513671875,-0.13623046875,1.7594999999999998
0.5648854961832062,1.3129770992366412,-1.4198473282442747,-0.4697265625,-0.048095703125,-0.139892578125,1.7611999999999999
0.5038167938931297,1.4351145038167938,-1.4809160305343512,-0.46630859375,-0.048583984375,-0.137939453125,1.7629
0.5954198473282443,1.2213740458015268,-1.3587786259541985,-0.467041015625,-0.04736328125,-0.14501953125,1.7646
0.33587786259541985,1.1603053435114503,-1.5114503816793894,-0.467041015625,-0.0478515625,-0.151123046875,1.7663
0.366412213740458,1.1145038167938932,-1.4809160305343512,-0.464599609375,-0.0458984375,-0.1396484375,1.7679999999999998
0.4580152671755725,1.1755725190839694,-1.3129770992366412,-0.457763671875,-0.04833984375,-0.141845703125,1.7696999999999998
0.549618320610687,1.297709923664122,-1.450381679389313,-0.458740234375,-0.046630859375,-0.15234375,1.7713999999999999
0.3969465648854962,1.282442748091603,-1.5114503816793894,-0.460693359375,-0.05419921875,-0.1435546875,1.7731
0.3969465648854962,1.3129770992366412,-1.4961832061068703,-0.462890625,-0.052490234375,-0.150146484375,1.7748
0.42748091603053434,1.3587786259541985,-1.465648854961832,-0.461181640625,-0.0537109375,-0.154296875,1.7765
0.32061068702290074,1.3435114503816794,-1.4351145038167938,-0.4619140625,-0.05126953125,-0.145751953125,1.7782
0.4122137404580153,1.2366412213740459,-1.4351145038167938,-0.461181640625,-0.047607421875,-0.150146484375,1.7798999999999998
0.2748091603053435,1.3587786259541985,-1.1603053435114503,-0.471435546875,-0.046142578125,-0.140380859375,1.7815999999999999
0.4580152671755725,1.4045801526717556,-1.465648854961832,-0.463134765625,-0.049072265625,-0.143310546875,1.7832999999999999
0.44274809160305345,1.2671755725190839,-1.6488549618320612,-0.460205078125,-0.045166015625,-0.140380859375,1.785
0.4580152671755725,1.5419847328244274,-1.251908396946565,-0.4599609375,-0.052734375,-0.1474609375,1.7867
0.3969465648854962,1.3282442748091603,-1.3129770992366412,-0.463134765625,-0.051513671875,-0.144775390625,1.7884
0.3816793893129771,1.1908396946564885,-1.297709923664122,-0.462158203125,-0.050048828125,-0.138427734375,1.7900999999999998
0.4122137404580153,1.1297709923664123,-1.251908396946565,-0.46044921875,-0.052734375,-0.138916015625,1.7917999999999998
0.44274809160305345,1.3893129770992367,-1.2061068702290076,-0.461669921875,-0.044921875,-0.1435546875,1.7934999999999999
0.3511450381679389,1.3129770992366412,-1.4809160305343512,-0.46240234375,-0.04931640625,-0.144775390625,1.7952
0.3816793893129771,1.251908396946565,-1.4198473282442747,-0.465576171875,-0.052490234375,-0.146240234375,1.7969
0.5190839694656488,1.4198473282442747,-1.251908396946565,-0.46630859375,-0.052978515625,-0.14208984375,1.7986
0.42748091603053434,1.3435114503816794,-1.2671755725190839,-0.461181640625,-0.0458984375,-0.14404296875,1.8002999999999998
0.33587786259541985,1.2213740458015268,-1.4961832061068703,-0.46337890625,-0.052001953125,-0.14697265625,1.8019999999999998
0.366412213740458,1.1755725190839694,-1.1755725190839694,-0.4619140625,-0.054931640625,-0.138916015625,1.8036999999999999
0.5648854961832062,1.1603053435114503,-1.4045801526717556,-0.461181640625,-0.050537109375,-0.140869140625,1.8054
0.1984732824427481,1.251908396946565,-1.3282442748091603,-0.464111328125,-0.050048828125,-0.143310546875,1.8071
0.3511450381679389,0.9007633587786259,-1.3740458015267176,-0.46240234375,-0.048583984375,-0.148681640625,1.8088
0.44274809160305345,1.0534351145038168,-1.3282442748091603,-0.46044921875,-0.05517578125,-0.1474609375,1.8105
0.4580152671755725,0.9923664122137404,-1.3740458015267176,-0.457275390625,-0.051513671875,-0.142578125,1.8121999999999998
0.48854961832061067,1.2061068702290076,-1.1603053435114503,-0.459228515625,-0.048583984375,-0.151611328125,1.8138999999999998
0.4732824427480916,1.0534351145038168,-1.2671755725190839,-0.4619140625,-0.047119140625,-0.15234375,1.8155999999999999
0.2900763358778626,1.1145038167938932,-1.251908396946565,-0.460205078125,-0.046630859375,-0.144775390625,1.8173
0.5343511450381679,1.099236641221374,-1.4961832061068703,-0.464599609375,-0.052978515625,-0.1474609375,1.819
0.4732824427480916,1.1603053435114503,-1.4198473282442747,-0.462890625,-0.051025390625,-0.1474609375,1.8207
0.5648854961832062,1.2671755725190839,-1.3282442748091603,-0.4677734375,-0.052978515625,-0.140869140625,1.8223999999999998
0.549618320610687,1.0076335877862594,-1.3129770992366412,-0.4677734375,-0.053466796875,-0.140625,1.8240999999999998
0.2900763358778626,1.099236641221374,-1.450381679389313,-0.463623046875,-0.048828125,-0.1435546875,1.8257999999999999
0.5038167938931297,1.1297709923664123,-1.6030534351145038,-0.45947265625,-0.048828125,-0.1494140625,1.8275
0.3969465648854962,0.9770992366412213,-1.4961832061068703,-0.455810546875,-0.04833984375,-0.15185546875,1.8292
0.5190839694656488,0.7786259541984732,-1.4351145038167938,-0.46337890625,-0.0458984375,-0.146484375,1.8309
0.7022900763358778,0.9465648854961832,-1.4045801526717556,-0.464599609375,-0.051025390625,-0.151611328125,1.8326
0.6717557251908397,0.9770992366412213,-1.3893129770992367,-0.457275390625,-0.048828125,-0.145263671875,1.8342999999999998
0.5190839694656488,0.8244274809160306,-1.5419847328244274,-0.462890625,-0.048828125,-0.14404296875,1.8359999999999999
0.6412213740458015,1.0229007633587786,-1.4198473282442747,-0.463134765625,-0.05078125,-0.139404296875,1.8377
0.5038167938931297,1.1450381679389312,-1.5267175572519085,-0.4619140625,-0.047607421875,-0.143798828125,1.8394
0.5648854961832062,0.9618320610687023,-1.297709923664122,-0.46240234375,-0.05078125,-0.14111328125,1.8411
0.6564885496183206,0.8702290076335878,-1.3282442748091603,-0.459228515625,-0.048583984375,-0.13671875,1.8428
0.916030534351145,0.9770992366412213,-1.282442748091603,-0.4599609375,-0.046630859375,-0.141357421875,1.8444999999999998
0.8244274809160306,0.9312977099236641,-1.297709923664122,-0.462890625,-0.051513671875,-0.14892578125,1.8461999999999998
0.7633587786259542,0.9770992366412213,-1.5267175572519085,-0.457763671875,-0.045166015625,-0.13671875,1.8478999999999999
0.6564885496183206,0.9312977099236641,-1.6641221374045803,-0.462646484375,-0.050048828125,-0.134033203125,1.8496
0.7022900763358778,1.0687022900763359,-1.251908396946565,-0.464599609375,-0.05419921875,-0.135986328125,1.8513
0.8549618320610687,0.9770992366412213,-1.4198473282442747,-0.463623046875,-0.052978515625,-0.1416015625,1.853
0.7022900763358778,1.1450381679389312,-1.3740458015267176,-0.466064453125,-0.050048828125,-0.141845703125,1.8546999999999998
0.8854961832061069,0.916030534351145,-1.4045801526717556,-0.464599609375,-0.05419921875,-0.1435546875,1.8563999999999998
0.732824427480916,0.9618320610687023,-1.3587786259541985,-0.46533203125,-0.054443359375,-0.144775390625,1.8580999999999999
0.7786259541984732,1.099236641221374,-1.4045801526717556,-0.457275390625,-0.0458984375,-0.149169921875,1.8598
0.7480916030534351,0.9770992366412213,-1.3129770992366412,-0.46142578125,-0.0546875,-0.145751953125,1.8615
0.9465648854961832,0.916030534351145,-1.4351145038167938,-0.46630859375,-0.051513671875,-0.14013671875,1.8632
0.8091603053435115,1.0534351145038168,-1.3435114503816794,-0.463134765625,-0.051025390625,-0.144775390625,1.8649
0.5801526717557252,1.1755725190839694,-1.3893129770992367,-0.46337890625,-0.05078125,-0.144287109375,1.8665999999999998
0.8702290076335878,1.1450381679389312,-1.2061068702290076,-0.465087890625,-0.048583984375,-0.1455078125,1.8682999999999998
0.7175572519083969,1.1450381679389312,-1.4198473282442747,-0.467041015625,-0.050537109375,-0.15234375,1.8699999999999999
0.6717557251908397,1.1603053435114503,-1.4198473282442747,-0.465576171875,-0.047607421875,-0.1474609375,1.8717
0.9007633587786259,1.3282442748091603,-1.2671755725190839,-0.459716796875,-0.05029296875,-0.149658203125,1.8734
0.8549618320610687,1.1755725190839694,-1.282442748091603,-0.463134765625,-0.048583984375,-0.141357421875,1.8751
0.7022900763358778,1.1755725190839694,-1.4198473282442747,-0.46435546875,-0.05078125,-0.136474609375,1.8767999999999998
0.8396946564885496,1.282442748091603,-1.3587786259541985,-0.46533203125,-0.050048828125,-0.13623046875,1.8784999999999998
0.7633587786259542,1.297709923664122,-1.4351145038167938,-0.4638671875,-0.0498046875,-0.14208984375,1.8801999999999999
0.8549618320610687,1.251908396946565,-1.1755725190839694,-0.458740234375,-0.046630859375,-0.14208984375,1.8819
0.7938931297709924,1.2671755725190839,-1.3282442748091603,-0.465576171875,-0.052490234375,-0.140625,1.8836
0.6717557251908397,1.1450381679389312,-1.4045801526717556,-0.4638671875,-0.054443359375,-0.143310546875,1.8853
0.6412213740458015,1.3893129770992367,-1.3587786259541985,-0.458984375,-0.052978515625,-0.137451171875,1.8869999999999998
0.7480916030534351,1.3435114503816794,-1.3893129770992367,-0.46533203125,-0.052490234375,-0.140869140625,1.8886999999999998
0.8091603053435115,1.2671755725190839,-1.450381679389313,-0.46826171875,-0.0556640625,-0.146484375,1.8903999999999999
0.6717557251908397,1.4351145038167938,-1.2366412213740459,-0.462646484375,-0.053466796875,-0.141357421875,1.8921
0.4580152671755725,1.2671755725190839,-1.5114503816793894,-0.461669921875,-0.0517578125,-0.145263671875,1.8938
0.6412213740458015,1.297709923664122,-1.3893129770992367,-0.465576171875,-0.052978515625,-0.144287109375,1.8955
0.7175572519083969,1.1908396946564885,-1.4198473282442747,-0.46337890625,-0.05859375,-0.151611328125,1.8972
0.7175572519083969,1.2213740458015268,-1.4351145038167938,-0.46044921875,-0.053466796875,-0.143310546875,1.8988999999999998
0.6412213740458015,1.450381679389313,-1.3587786259541985,-0.465576171875,-0.05322265625,-0.1435546875,1.9005999999999998
0.5648854961832062,1.5572519083969465,-1.4198473282442747,-0.466796875,-0.058837890625,-0.14013671875,1.9022999999999999
0.44274809160305345,1.3435114503816794,-1.4961832061068703,-0.463134765625,-0.0498046875,-0.147216796875,1.904
0.42748091603053434,1.4198473282442747,-1.297709923664122,-0.463134765625,-0.051025390625,-0.148193359375,1.9057
0.4732824427480916,1.465648854961832,-1.3129770992366412,-0.4609375,-0.048095703125,-0.14404296875,1.9074
0.3816793893129771,1.4351145038167938,-1.3587786259541985,-0.45947265625,-0.0498046875,-0.14892578125,1.9090999999999998
0.5801526717557252,1.4045801526717556,-1.3740458015267176,-0.4599609375,-0.045654296875,-0.147705078125,1.9107999999999998
0.6106870229007634,1.3129770992366412,-1.4045801526717556,-0.46240234375,-0.049560546875,-0.14208984375,1.9124999999999999
0.33587786259541985,1.3893129770992367,-1.4351145038167938,-0.462646484375,-0.051513671875,-0.141357421875,1.9142
0.2748091603053435,1.4809160305343512,-1.1908396946564885,-0.462890625,-0.056396484375,-0.1416015625,1.9159
0.366412213740458,1.2366412213740459,-1.3587786259541985,-0.463134765625,-0.05126953125,-0.1416015625,1.9176
0.5648854961832062,1.2366412213740459,-1.4351145038167938,-0.461669921875,-0.052978515625,-0.13916015625,1.9192999999999998
0.1984732824427481,1.3740458015267176,-1.5267175572519085,-0.457763671875,-0.05322265625,-0.148193359375,1.9209999999999998
0.1984732824427481,1.2061068702290076,-1.4351145038167938,-0.461669921875,-0.05419921875,-0.141845703125,1.9226999999999999
0.42748091603053434,1.2366412213740459,-1.2671755725190839,-0.461181640625,-0.05126953125,-0.1435546875,1.9243999999999999
0.4580152671755725,1.2213740458015268,-1.297709923664122,-0.459716796875,-0.050048828125,-0.147705078125,1.9261
0.16793893129770993,1.083969465648855,-1.282442748091603,-0.4638671875,-0.054443359375,-0.147216796875,1.9278
0.16793893129770993,1.0534351145038168,-1.1145038167938932,-0.461181640625,-0.05078125,-0.13671875,1.9295
0.2900763358778626,1.3435114503816794,-1.2671755725190839,-0.46044921875,-0.05322265625,-0.135986328125,1.9311999999999998
0.10687022900763359,1.1755725190839694,-1.2061068702290076,-0.4619140625,-0.052978515625,-0.14501953125,1.9328999999999998
0.24427480916030533,0.9465648854961832,-1.0687022900763359,-0.458984375,-0.05078125,-0.142822265625,1.9345999999999999
0.13740458015267176,1.2061068702290076,-1.1145038167938932,-0.46142578125,-0.051513671875,-0.150390625,1.9363
0.12213740458015267,1.2213740458015268,-1.2061068702290076,-0.462158203125,-0.05517578125,-0.140869140625,1.938
0.015267175572519083,1.083969465648855,-1.297709923664122,-0.461669921875,-0.047607421875,-0.141845703125,1.9397
0.32061068702290074,1.2213740458015268,-1.2671755725190839,-0.461669921875,-0.0458984375,-0.142333984375,1.9413999999999998
0.030534351145038167,1.2213740458015268,-1.2366412213740459,-0.457763671875,-0.051025390625,-0.14404296875,1.9430999999999998
0.07633587786259542,1.0534351145038168,-1.3740458015267176,-0.461669921875,-0.04638671875,-0.14013671875,1.9447999999999999
0.0,1.2213740458015268,-1.2213740458015268,-0.46044921875,-0.052001953125,-0.1484375,1.9465
0.0,1.2671755725190839,-1.3435114503816794,-0.463623046875,-0.047607421875,-0.153564453125,1.9482
0.13740458015267176,1.1145038167938932,-1.2366412213740459,-0.464111328125,-0.046142578125,-0.143798828125,1.9499
0.15267175572519084,1.1297709923664123,-1.4351145038167938,-0.46240234375,-0.05224609375,-0.14990234375,1.9516
0.13740458015267176,1.282442748091603,-1.3893129770992367,-0.46142578125,-0.0498046875,-0.14599609375,1.9532999999999998
0.21374045801526717,1.3129770992366412,-1.3587786259541985,-0.457763671875,-0.0458984375,-0.140869140625,1.9549999999999998
0.1984732824427481,1.1755725190839694,-1.4045801526717556,-0.46484375,-0.05029296875,-0.13818359375,1.9566999999999999
0.21374045801526717,1.4351145038167938,-1.4351145038167938,-0.46533203125,-0.04638671875,-0.141845703125,1.9584
0.2900763358778626,1.297709923664122,-1.3282442748091603,-0.466796875,-0.044189453125,-0.14892578125,1.9601
0.1984732824427481,1.4961832061068703,-1.3893129770992367,-0.47119140625,-0.04833984375,-0.15185546875,1.9618
0.15267175572519084,1.3129770992366412,-1.5267175572519085,-0.465087890625,-0.0478515625,-0.143310546875,1.9634999999999998
0.13740458015267176,1.3435114503816794,-1.5267175572519085,-0.462158203125,-0.048583984375,-0.143310546875,1.9651999999999998
0.2748091603053435,1.4045801526717556,-1.5725190839694656,-0.469970703125,-0.047607421875,-0.151611328125,1.9668999999999999
0.2595419847328244,1.3282442748091603,-1.5572519083969465,-0.461181640625,-0.04833984375,-0.145263671875,1.9686
0.42748091603053434,1.618320610687023,-1.633587786259542,-0.462890625,-0.0458984375,-0.14453125,1.9703
0.3969465648854962,1.5572519083969465,-1.6488549618320612,-0.46923828125,-0.048095703125,-0.146728515625,1.972
0.24427480916030533,1.5572519083969465,-1.618320610687023,-0.46435546875,-0.04638671875,-0.145263671875,1.9736999999999998
0.3053435114503817,1.3435114503816794,-1.9083969465648856,-0.46875,-0.046875,-0.142578125,1.9753999999999998
0.5954198473282443,1.450381679389313,-1.8625954198473282,-0.46142578125,-0.046142578125,-0.144287109375,1.9770999999999999
0.24427480916030533,1.6793893129770991,-1.8931297709923665,-0.46435546875,-0.046875,-0.136474609375,1.9788
0.2748091603053435,1.5725190839694656,-2.0,-0.458740234375,-0.048828125,-0.144775390625,1.9805
0.6717557251908397,1.2671755725190839,-2.0610687022900764,-0.461669921875,-0.0498046875,-0.147705078125,1.9822
0.4732824427480916,1.3587786259541985,-2.1068702290076335,-0.458984375,-0.046142578125,-0.141357421875,1.9839
0.5038167938931297,1.297709923664122,-2.1374045801526718,-0.460205078125,-0.046630859375,-0.139404296875,1.9855999999999998
0.549618320610687,1.3587786259541985,-2.2442748091603053,-0.46044921875,-0.04150390625,-0.1455078125,1.9872999999999998
0.6717557251908397,1.3893129770992367,-2.381679389312977,-0.45947265625,-0.0517578125,-0.140869140625,1.9889999999999999
0.7633587786259542,1.251908396946565,-2.0916030534351147,-0.46142578125,-0.046630859375,-0.146728515625,1.9907
0.6259541984732825,0.9618320610687023,-2.2748091603053435,-0.464111328125,-0.04931640625,-0.1416015625,1.9924
0.6564885496183206,1.1145038167938932,-2.519083969465649,-0.46240234375,-0.048828125,-0.139404296875,1.9941
0.9007633587786259,1.1450381679389312,-2.3053435114503817,-0.45947265625,-0.049072265625,-0.14208984375,1.9957999999999998
0.8702290076335878,0.9007633587786259,-2.3206106870229006,-0.460205078125,-0.048828125,-0.139892578125,1.9974999999999998
0.9923664122137404,0.916030534351145,-2.4122137404580153,-0.46240234375,-0.049072265625,-0.1416015625,1.9991999999999999
1.0076335877862594,0.732824427480916,-2.427480916030534,-0.459716796875,-0.046875,-0.1484375,2.0008999999999997
1.083969465648855,0.7633587786259542,-2.2595419847328246,-0.46142578125,-0.049560546875,-0.149658203125,2.0025999999999997
0.9770992366412213,0.8549618320610687,-2.4732824427480917,-0.467041015625,-0.052001953125,-0.13427734375,2.0042999999999997
0.9770992366412213,0.732824427480916,-2.3206106870229006,-0.46044921875,-0.047119140625,-0.14599609375,2.006
1.1145038167938932,0.6412213740458015,-2.2748091603053435,-0.458740234375,-0.0498046875,-0.141845703125,2.0077
0.9007633587786259,0.5190839694656488,-2.16793893129771,-0.4638671875,-0.046630859375,-0.144775390625,2.0094
0.9923664122137404,0.5343511450381679,-2.2290076335877864,-0.455810546875,-0.041259765625,-0.14990234375,2.0111
1.0229007633587786,0.5190839694656488,-2.045801526717557,-0.4619140625,-0.048583984375,-0.143798828125,2.0128
1.0229007633587786,0.5801526717557252,-2.1068702290076335,-0.46630859375,-0.05078125,-0.1474609375,2.0145
0.8549618320610687,0.48854961832061067,-2.0610687022900764,-0.4609375,-0.049072265625,-0.134765625,2.0162
0.8854961832061069,0.32061068702290074,-2.1374045801526718,-0.464599609375,-0.043701171875,-0.144287109375,2.0179
1.0534351145038168,0.4732824427480916,-2.0610687022900764,-0.466552734375,-0.045166015625,-0.14892578125,2.0196
1.0229007633587786,0.6106870229007634,-2.2748091603053435,-0.464111328125,-0.052001953125,-0.14208984375,2.0213
1.2061068702290076,0.5801526717557252,-2.198473282442748,-0.464111328125,-0.0498046875,-0.152587890625,2.0229999999999997
1.099236641221374,0.48854961832061067,-2.122137404580153,-0.463623046875,-0.0498046875,-0.140380859375,2.0246999999999997
1.0229007633587786,0.16793893129770993,-2.015267175572519,-0.465087890625,-0.0517578125,-0.1416015625,2.0263999999999998
1.0076335877862594,0.3969465648854962,-1.9236641221374047,-0.460205078125,-0.05419921875,-0.142333984375,2.0281
1.083969465648855,0.44274809160305345,-2.183206106870229,-0.465087890625,-0.05224609375,-0.147216796875,2.0298
1.0229007633587786,0.3053435114503817,-2.0610687022900764,-0.46337890625,-0.052978515625,-0.1416015625,2.0315
1.083969465648855,0.42748091603053434,-1.9083969465648856,-0.461181640625,-0.05078125,-0.141357421875,2.0332
0.9465648854961832,0.2748091603053435,-2.1068702290076335,-0.4638671875,-0.048095703125,-0.141357421875,2.0349
1.0076335877862594,0.33587786259541985,-2.0763358778625953,-0.461669921875,-0.04541015625,-0.145263671875,2.0366
1.1145038167938932,0.2748091603053435,-2.0763358778625953,-0.463623046875,-0.04248046875,-0.145263671875,2.0383
1.1145038167938932,0.3969465648854962,-1.984732824427481,-0.459228515625,-0.048095703125,-0.144775390625,2.04
1.0687022900763359,0.3511450381679389,-2.2442748091603053,-0.4619140625,-0.044921875,-0.141845703125,2.0417
1.3282442748091603,0.3053435114503817,-2.122137404580153,-0.4619140625,-0.050537109375,-0.14013671875,2.0434
1.3129770992366412,0.3816793893129771,-2.2442748091603053,-0.46044921875,-0.04638671875,-0.150634765625,2.0450999999999997
1.251908396946565,0.33587786259541985,-2.183206106870229,-0.461669921875,-0.046630859375,-0.1416015625,2.0467999999999997
1.3893129770992367,0.2900763358778626,-2.4427480916030535,-0.461669921875,-0.0498046875,-0.141357421875,2.0484999999999998
1.3893129770992367,0.366412213740458,-2.198473282442748,-0.4609375,-0.042236328125,-0.147216796875,2.0502
1.282442748091603,0.0916030534351145,-2.381679389312977,-0.468017578125,-0.05029296875,-0.1455078125,2.0519
1.450381679389313,0.22900763358778625,-2.2442748091603053,-0.455078125,-0.047607421875,-0.140625,2.0536
1.4351145038167938,0.366412213740458,-2.519083969465649,-0.460205078125,-0.046630859375,-0.152587890625,2.0553
1.3740458015267176,0.3053435114503817,-2.2748091603053435,-0.46484375,-0.049072265625,-0.1474609375,2.057
1.2061068702290076,0.24427480916030533,-2.3969465648854964,-0.45947265625,-0.049560546875,-0.145263671875,2.0587
1.450381679389313,0.3511450381679389,-2.4427480916030535,-0.462158203125,-0.046630859375,-0.1474609375,2.0604
1.3587786259541985,0.42748091603053434,-2.564885496183206,-0.463623046875,-0.048095703125,-0.1455078125,2.0621
1.5725190839694656,0.3511450381679389,-2.50381679389313,-0.461181640625,-0.050537109375,-0.146728515625,2.0638
1.297709923664122,0.0916030534351145,-2.7938931297709924,-0.462890625,-0.04638671875,-0.13916015625,2.0654999999999997
1.3893129770992367,0.3511450381679389,-2.7480916030534353,-0.459716796875,-0.04833984375,-0.142578125,2.0671999999999997
1.6030534351145038,0.3816793893129771,-2.946564885496183,-0.46240234375,-0.04541015625,-0.141357421875,2.0688999999999997
1.5267175572519085,0.42748091603053434,-2.7480916030534353,-0.46728515625,-0.049072265625,-0.14697265625,2.0705999999999998
1.5419847328244274,0.3511450381679389,-2.885496183206107,-0.465576171875,-0.042724609375,-0.145263671875,2.0723
1.7251908396946565,0.32061068702290074,-3.068702290076336,-0.45703125,-0.0380859375,-0.1455078125,2.074
1.8778625954198473,0.4580152671755725,-3.236641221374046,-0.459228515625,-0.045654296875,-0.13623046875,2.0757
1.9389312977099236,0.33587786259541985,-3.1755725190839694,-0.4638671875,-0.046142578125,-0.14306640625,2.0774
1.6793893129770991,0.3511450381679389,-3.3282442748091605,-0.46435546875,-0.044677734375,-0.145751953125,2.0791
1.9236641221374047,0.183206106870229,-3.2213740458015265,-0.464111328125,-0.043701171875,-0.141357421875,2.0808
1.9389312977099236,0.0916030534351145,-3.5267175572519083,-0.4677734375,-0.0419921875,-0.14404296875,2.0825
1.9236641221374047,0.24427480916030533,-3.6030534351145036,-0.4609375,-0.04833984375,-0.146240234375,2.0842
2.1068702290076335,0.366412213740458,-3.66412213740458,-0.459716796875,-0.04248046875,-0.145751953125,2.0859
2.0916030534351147,0.42748091603053434,-3.3740458015267176,-0.462158203125,-0.039306640625,-0.143310546875,2.0875999999999997
2.122137404580153,0.5038167938931297,-3.786259541984733,-0.464111328125,-0.04833984375,-0.147216796875,2.0892999999999997
2.16793893129771,0.16793893129770993,-3.786259541984733,-0.45849609375,-0.04345703125,-0.14892578125,2.0909999999999997
2.0916030534351147,0.24427480916030533,-3.8625954198473282,-0.464599609375,-0.04443359375,-0.142578125,2.0927
2.3053435114503817,0.2595419847328244,-3.8625954198473282,-0.461181640625,-0.043212890625,-0.143798828125,2.0944
2.3206106870229006,0.3511450381679389,-4.015267175572519,-0.4697265625,-0.04150390625,-0.14013671875,2.0961
2.4580152671755724,0.16793893129770993,-3.954198473282443,-0.470458984375,-0.042724609375,-0.143798828125,2.0978
2.381679389312977,0.15267175572519084,-4.091603053435114,-0.46142578125,-0.042724609375,-0.13916015625,2.0995
2.7022900763358777,0.2748091603053435,-4.244274809160306,-0.462890625,-0.041015625,-0.139892578125,2.1012
2.7786259541984735,0.4580152671755725,-4.091603053435114,-0.4638671875,-0.044189453125,-0.14794921875,2.1029
2.7022900763358777,0.2748091603053435,-4.33587786259542,-0.459716796875,-0.03955078125,-0.13916015625,2.1046
2.687022900763359,0.2595419847328244,-4.702290076335878,-0.460205078125,-0.043212890625,-0.142822265625,2.1063
2.885496183206107,0.10687022900763359,-4.519083969465649,-0.47021484375,-0.037841796875,-0.13720703125,2.108
3.053435114503817,0.13740458015267176,-4.870229007633588,-0.46484375,-0.03955078125,-0.131591796875,2.1096999999999997
3.3740458015267176,0.22900763358778625,-4.8396946564885495,-0.468505859375,-0.03759765625,-0.142578125,2.1113999999999997
3.1603053435114505,0.1984732824427481,-4.854961832061068,-0.46533203125,-0.03857421875,-0.135986328125,2.1130999999999998
3.3435114503816794,0.13740458015267176,-4.961832061068702,-0.46630859375,-0.0361328125,-0.133056640625,2.1148
3.7251908396946565,0.22900763358778625,-5.0534351145038165,-0.466796875,-0.033935546875,-0.14208984375,2.1165
3.7557251908396947,0.16793893129770993,-5.267175572519084,-0.4638671875,-0.043701171875,-0.13134765625,2.1182
3.6793893129770994,0.030534351145038167,-5.450381679389313,-0.465576171875,-0.038818359375,-0.134521484375,2.1199
3.6946564885496183,0.3053435114503817,-5.312977099236641,-0.469482421875,-0.039794921875,-0.140625,2.1216
4.183206106870229,0.3053435114503817,-5.374045801526718,-0.46533203125,-0.0341796875,-0.1376953125,2.1233
4.366412213740458,0.21374045801526717,-5.633587786259542,-0.46630859375,-0.038818359375,-0.14501953125,2.125
4.366412213740458,0.15267175572519084,-5.847328244274809,-0.46484375,-0.03564453125,-0.1396484375,2.1267
4.33587786259542,0.2595419847328244,-5.740458015267175,-0.46533203125,-0.038818359375,-0.1435546875,2.1284
4.67175572519084,0.24427480916030533,-6.0,-0.4755859375,-0.037353515625,-0.1298828125,2.1300999999999997
4.687022900763359,0.5038167938931297,-6.213740458015267,-0.47265625,-0.035888671875,-0.133544921875,2.1317999999999997
4.778625954198473,0.4580152671755725,-6.320610687022901,-0.46484375,-0.0341796875,-0.140380859375,2.1334999999999997
5.00763358778626,0.3816793893129771,-6.442748091603053,-0.46533203125,-0.03515625,-0.14892578125,2.1351999999999998
5.038167938931298,0.4122137404580153,-6.549618320610687,-0.46875,-0.032958984375,-0.142822265625,2.1369
5.190839694656488,0.42748091603053434,-6.854961832061068,-0.4638671875,-0.03662109375,-0.13037109375,2.1386
5.511450381679389,0.48854961832061067,-6.702290076335878,-0.462890625,-0.04296875,-0.13232421875,2.1403
5.66412213740458,0.32061068702290074,-6.732824427480916,-0.465087890625,-0.0361328125,-0.13427734375,2.142
5.740458015267175,0.44274809160305345,-6.8396946564885495,-0.469970703125,-0.038330078125,-0.139404296875,2.1437
5.648854961832061,0.42748091603053434,-6.9465648854961835,-0.463623046875,-0.04052734375,-0.14501953125,2.1454
6.030534351145038,0.4732824427480916,-7.068702290076335,-0.46142578125,-0.037109375,-0.13525390625,2.1471
6.198473282442748,0.5343511450381679,-7.236641221374046,-0.464111328125,-0.03662109375,-0.135498046875,2.1488
6.015267175572519,0.3511450381679389,-7.129770992366412,-0.464599609375,-0.034423828125,-0.139404296875,2.1505
6.290076335877862,0.366412213740458,-7.4961832061068705,-0.472412109375,-0.036865234375,-0.134765625,2.1521999999999997
6.5038167938931295,0.732824427480916,-7.526717557251908,-0.464111328125,-0.038330078125,-0.135498046875,2.1538999999999997
6.534351145038168,0.4580152671755725,-7.801526717557252,-0.46435546875,-0.035888671875,-0.132080078125,2.1555999999999997
6.687022900763359,0.3969465648854962,-8.01526717557252,-0.464599609375,-0.040771484375,-0.128662109375,2.1572999999999998
6.854961832061068,0.42748091603053434,-8.061068702290076,-0.4658203125,-0.036376953125,-0.13330078125,2.159
6.900763358778626,0.6412213740458015,-8.335877862595419,-0.470947265625,-0.03125,-0.139404296875,2.1607
7.297709923664122,0.6717557251908397,-8.412213740458014,-0.46826171875,-0.03076171875,-0.14111328125,2.1624
7.190839694656488,0.6412213740458015,-8.580152671755725,-0.462890625,-0.037353515625,-0.141357421875,2.1641
7.32824427480916,0.6564885496183206,-8.80916030534351,-0.460693359375,-0.036376953125,-0.14599609375,2.1658
7.770992366412214,0.5801526717557252,-8.82442748091603,-0.46240234375,-0.036376953125,-0.140869140625,2.1675
7.847328244274809,0.7175572519083969,-8.946564885496183,-0.461181640625,-0.037353515625,-0.140380859375,2.1692
7.847328244274809,0.6564885496183206,-9.17557251908397,-0.462890625,-0.0322265625,-0.137451171875,2.1709
7.969465648854962,0.8702290076335878,-9.389312977099237,-0.467529296875,-0.031005859375,-0.1494140625,2.1726
8.213740458015268,0.7022900763358778,-9.541984732824428,-0.469482421875,-0.037353515625,-0.140625,2.1742999999999997
8.473282442748092,0.916030534351145,-9.816793893129772,-0.460205078125,-0.038818359375,-0.140869140625,2.1759999999999997
8.702290076335878,0.9770992366412213,-9.740458015267176,-0.45703125,-0.032958984375,-0.14697265625,2.1776999999999997
8.931297709923664,0.7022900763358778,-10.045801526717558,-0.46142578125,-0.027587890625,-0.137451171875,2.1794
9.129770992366412,0.8396946564885496,-10.045801526717558,-0.4638671875,-0.031005859375,-0.140869140625,2.1811
9.251908396946565,1.0076335877862594,-10.396946564885496,-0.45947265625,-0.037841796875,-0.1376953125,2.1828
9.206106870229007,0.6564885496183206,-10.381679389312977,-0.457275390625,-0.03515625,-0.138671875,2.1845
9.419847328244275,0.4732824427480916,-10.687022900763358,-0.462646484375,-0.032958984375,-0.14599609375,2.1862
9.648854961832061,-0.015267175572519083,-10.854961832061068,-0.46044921875,-0.039306640625,-0.140625,2.1879
9.816793893129772,0.04580152671755725,-10.992366412213741,-0.4609375,-0.03271484375,-0.14013671875,2.1896
10.030534351145038,0.21374045801526717,-11.068702290076336,-0.4609375,-0.036376953125,-0.14453125,2.1913
10.15267175572519,0.10687022900763359,-11.312977099236642,-0.45947265625,-0.034912109375,-0.140380859375,2.193
10.366412213740459,0.24427480916030533,-11.541984732824428,-0.455078125,-0.032958984375,-0.1396484375,2.1947
10.610687022900763,0.2900763358778626,-11.770992366412214,-0.455078125,-0.037841796875,-0.139404296875,2.1963999999999997
10.610687022900763,0.24427480916030533,-11.908396946564885,-0.46337890625,-0.0341796875,-0.140869140625,2.1980999999999997
10.748091603053435,0.10687022900763359,-12.15267175572519,-0.462646484375,-0.037353515625,-0.140869140625,2.1997999999999998
10.977099236641221,0.16793893129770993,-12.213740458015268,-0.460693359375,-0.03955078125,-0.1357421875,2.2015
11.145038167938932,0.366412213740458,-12.549618320610687,-0.4638671875,-0.0341796875,-0.14404296875,2.2032
11.32824427480916,0.3511450381679389,-12.625954198473282,-0.4619140625,-0.0361328125,-0.14501953125,2.2049
11.465648854961833,0.3511450381679389,-13.083969465648854,-0.46142578125,-0.03173828125,-0.142333984375,2.2066
11.86259541984733,0.4580152671755725,-13.129770992366412,-0.461669921875,-0.032958984375,-0.141357421875,2.2083
11.786259541984732,0.3511450381679389,-13.32824427480916,-0.45849609375,-0.03466796875,-0.150390625,2.21
12.122137404580153,0.2748091603053435,-13.358778625954198,-0.450927734375,-0.0361328125,-0.135009765625,2.2117
12.396946564885496,0.2595419847328244,-13.664122137404581,-0.451416015625,-0.03515625,-0.140625,2.2134
12.335877862595419,-0.030534351145038167,-13.755725190839694,-0.45458984375,-0.0361328125,-0.14208984375,2.2151
12.65648854961832,-0.015267175572519083,-14.0,-0.456298828125,-0.0400390625,-0.1494140625,2.2167999999999997
12.793893129770993,0.015267175572519083,-14.13740458015267,-0.45556640625,-0.036865234375,-0.14111328125,2.2184999999999997
12.916030534351146,-0.21374045801526717,-14.351145038167939,-0.458251953125,-0.0380859375,-0.13916015625,2.2201999999999997
13.053435114503817,0.0,-14.595419847328245,-0.460693359375,-0.03515625,-0.137451171875,2.2218999999999998
13.358778625954198,0.04580152671755725,-14.82442748091603,-0.460693359375,-0.03564453125,-0.1376953125,2.2236
13.404580152671755,0.16793893129770993,-14.961832061068701,-0.46044921875,-0.037353515625,-0.137939453125,2.2253
13.648854961832061,0.16793893129770993,-15.251908396946565,-0.461669921875,-0.042236328125,-0.145263671875,2.227
13.755725190839694,0.33587786259541985,-15.297709923664122,-0.461181640625,-0.036376953125,-0.147705078125,2.2287
13.816793893129772,0.5954198473282443,-15.541984732824428,-0.454345703125,-0.039306640625,-0.150146484375,2.2304
14.198473282442748,0.42748091603053434,-15.435114503816793,-0.452392578125,-0.035888671875,-0.146728515625,2.2321
14.13740458015267,0.42748091603053434,-15.618320610687023,-0.456298828125,-0.042236328125,-0.144775390625,2.2338
14.305343511450381,0.3969465648854962,-15.389312977099237,-0.453857421875,-0.03662109375,-0.1455078125,2.2355
14.458015267175572,0.3969465648854962,-15.786259541984732,-0.451171875,-0.035888671875,-0.151123046875,2.2372
14.763358778625955,-0.12213740458015267,-15.709923664122137,-0.451171875,-0.04248046875,-0.139892578125,2.2388999999999997
14.82442748091603,0.1984732824427481,-16.045801526717558,-0.459716796875,-0.03564453125,-0.135009765625,2.2405999999999997
14.793893129770993,0.3816793893129771,-16.244274809160306,-0.45849609375,-0.039306640625,-0.135498046875,2.2422999999999997
15.053435114503817,0.22900763358778625,-16.412213740458014,-0.45947265625,-0.04345703125,-0.139892578125,2.2439999999999998
15.34351145038168,-0.015267175572519083,-16.48854961832061,-0.4560546875,-0.041748046875,-0.143798828125,2.2457
15.389312977099237,0.32061068702290074,-16.778625954198475,-0.460693359375,-0.04296875,-0.1474609375,2.2474
15.541984732824428,0.3511450381679389,-16.778625954198475,-0.45751953125,-0.0400390625,-0.1435546875,2.2491
15.84732824427481,0.2900763358778626,-17.0381679389313,-0.456787109375,-0.04248046875,-0.13427734375,2.2508
15.801526717557252,0.3053435114503817,-17.099236641221374,-0.460205078125,-0.040283203125,-0.142578125,2.2525
16.0,0.366412213740458,-17.52671755725191,-0.457275390625,-0.042724609375,-0.1396484375,2.2542
16.290076335877863,0.21374045801526717,-17.374045801526716,-0.4560546875,-0.043212890625,-0.1416015625,2.2559
16.30534351145038,0.22900763358778625,-17.786259541984734,-0.459716796875,-0.040283203125,-0.13818359375,2.2576
16.519083969465647,0.0916030534351145,-17.801526717557252,-0.452392578125,-0.04296875,-0.141357421875,2.2593
16.732824427480917,0.183206106870229,-17.862595419847327,-0.455322265625,-0.0439453125,-0.143798828125,2.2609999999999997
16.900763358778626,-0.015267175572519083,-18.045801526717558,-0.453125,-0.039794921875,-0.139404296875,2.2626999999999997
16.85496183206107,-0.22900763358778625,-18.427480916030536,-0.45751953125,-0.04541015625,-0.1416015625,2.2643999999999997
17.251908396946565,-0.22900763358778625,-18.396946564885496,-0.457275390625,-0.040771484375,-0.144287109375,2.2661
17.64885496183206,-0.2595419847328244,-18.519083969465647,-0.454833984375,-0.038330078125,-0.14208984375,2.2678
17.740458015267176,-0.183206106870229,-18.83969465648855,-0.4560546875,-0.043701171875,-0.1396484375,2.2695
18.015267175572518,-0.2595419847328244,-18.99236641221374,-0.449462890625,-0.042724609375,-0.14306640625,2.2712
18.12213740458015,-0.3969465648854962,-19.022900763358777,-0.455078125,-0.044677734375,-0.141845703125,2.2729
18.27480916030534,-0.5038167938931297,-19.358778625954198,-0.458740234375,-0.0400390625,-0.140625,2.2746
18.366412213740457,-0.6412213740458015,-19.46564885496183,-0.46044921875,-0.037109375,-0.139892578125,2.2763
18.977099236641223,-0.48854961832061067,-19.72519083969466,-0.458251953125,-0.043212890625,-0.136962890625,2.278
19.099236641221374,-0.4732824427480916,-19.862595419847327,-0.458984375,-0.034423828125,-0.146728515625,2.2797
19.129770992366414,-0.5801526717557252,-19.908396946564885,-0.458984375,-0.03857421875,-0.142578125,2.2814
19.374045801526716,-0.6564885496183206,-20.15267175572519,-0.459716796875,-0.03955078125,-0.138916015625,2.2830999999999997
19.786259541984734,-0.5801526717557252,-20.458015267175572,-0.45947265625,-0.039306640625,-0.148193359375,2.2847999999999997
20.15267175572519,-0.7480916030534351,-20.519083969465647,-0.459228515625,-0.042724609375,-0.12890625,2.2864999999999998
19.96946564885496,-0.6717557251908397,-20.85496183206107,-0.458740234375,-0.043701171875,-0.133544921875,2.2882
20.33587786259542,-0.8244274809160306,-20.885496183206108,-0.459228515625,-0.041748046875,-0.142578125,2.2899
20.549618320610687,-0.7175572519083969,-21.129770992366414,-0.45947265625,-0.043212890625,-0.144775390625,2.2916
20.885496183206108,-0.9618320610687023,-21.282442748091604,-0.46044921875,-0.0439453125,-0.14453125,2.2933
21.0381679389313,-0.9312977099236641,-21.572519083969464,-0.46240234375,-0.045654296875,-0.1376953125,2.295
21.251908396946565,-0.7633587786259542,-21.64885496183206,-0.4580078125,-0.040283203125,-0.14306640625,2.2967
21.419847328244273,-0.7938931297709924,-21.893129770992367,-0.457763671875,-0.038818359375,-0.140869140625,2.2984
21.755725190839694,-0.8854961832061069,-21.938931297709924,-0.45751953125,-0.035400390625,-0.13427734375,2.3001
21.862595419847327,-0.8549618320610687,-22.244274809160306,-0.458740234375,-0.039306640625,-0.14013671875,2.3018
22.03053435114504,-0.8854961832061069,-22.519083969465647,-0.46337890625,-0.047119140625,-0.13525390625,2.3034999999999997
22.290076335877863,-0.8244274809160306,-22.68702290076336,-0.466552734375,-0.048095703125,-0.144287109375,2.3051999999999997
22.519083969465647,-1.099236641221374,-23.0381679389313,-0.463623046875,-0.041259765625,-0.137451171875,2.3068999999999997
22.68702290076336,-1.1297709923664123,-23.19083969465649,-0.45947265625,-0.0478515625,-0.136474609375,2.3085999999999998
22.82442748091603,-0.8854961832061069,-23.404580152671755,-0.460205078125,-0.04736328125,-0.13720703125,2.3103
22.977099236641223,-0.8702290076335878,-23.51145038167939,-0.463134765625,-0.039794921875,-0.14208984375,2.312
23.49618320610687,-0.7938931297709924,-23.64885496183206,-0.464111328125,-0.04443359375,-0.13671875,2.3137
23.480916030534353,-0.6106870229007634,-23.96946564885496,-0.46240234375,-0.046630859375,-0.1416015625,2.3154
23.66412213740458,-0.48854961832061067,-24.198473282442748,-0.468017578125,-0.040283203125,-0.140625,2.3171
24.137404580152673,-0.3053435114503817,-24.396946564885496,-0.466064453125,-0.0458984375,-0.1337890625,2.3188
23.893129770992367,0.015267175572519083,-24.83969465648855,-0.47265625,-0.046875,-0.126708984375,2.3205
24.259541984732824,0.0,-24.931297709923665,-0.46728515625,-0.04931640625,-0.13037109375,2.3222
24.549618320610687,-0.061068702290076333,-25.358778625954198,-0.470703125,-0.048828125,-0.1376953125,2.3239
24.82442748091603,0.16793893129770993,-25.69465648854962,-0.463623046875,-0.049560546875,-0.14453125,2.3255999999999997
24.885496183206108,0.2595419847328244,-25.84732824427481,-0.46728515625,-0.048095703125,-0.141357421875,2.3272999999999997
24.900763358778626,0.16793893129770993,-26.076335877862597,-0.46435546875,-0.051025390625,-0.1357421875,2.3289999999999997
25.16030534351145,0.24427480916030533,-26.366412213740457,-0.45361328125,-0.049560546875,-0.1318359375,2.3306999999999998
25.435114503816795,0.32061068702290074,-26.641221374045802,-0.456298828125,-0.051025390625,-0.126220703125,2.3324
25.541984732824428,0.549618320610687,-27.17557251908397,-0.45263671875,-0.046630859375,-0.13525390625,2.3341
25.603053435114504,0.22900763358778625,-27.236641221374047,-0.455810546875,-0.052001953125,-0.140869140625,2.3358
25.81679389312977,0.07633587786259542,-27.52671755725191,-0.45361328125,-0.055908203125,-0.13525390625,2.3375
26.137404580152673,0.6412213740458015,-27.69465648854962,-0.45849609375,-0.0576171875,-0.134521484375,2.3392
26.198473282442748,0.5648854961832062,-27.938931297709924,-0.459228515625,-0.0546875,-0.132080078125,2.3409
26.48854961832061,0.7480916030534351,-28.33587786259542,-0.457763671875,-0.05517578125,-0.13330078125,2.3426
26.30534351145038,0.7480916030534351,-28.870229007633586,-0.462158203125,-0.05419921875,-0.1396484375,2.3443
26.396946564885496,0.8702290076335878,-29.099236641221374,-0.4638671875,-0.056884765625,-0.13671875,2.346
26.641221374045802,0.7480916030534351,-29.389312977099237,-0.460693359375,-0.060302734375,-0.133056640625,2.3476999999999997
26.717557251908396,1.0381679389312977,-29.709923664122137,-0.462890625,-0.054443359375,-0.13623046875,2.3493999999999997
26.778625954198475,0.9770992366412213,-30.045801526717558,-0.456298828125,-0.0615234375,-0.143310546875,2.3510999999999997
27.022900763358777,1.0229007633587786,-30.045801526717558,-0.457275390625,-0.060546875,-0.13330078125,2.3528
27.17557251908397,0.8396946564885496,-30.580152671755727,-0.45361328125,-0.0634765625,-0.140380859375,2.3545
27.114503816793892,1.0229007633587786,-30.732824427480917,-0.453857421875,-0.06005859375,-0.143798828125,2.3562
27.17557251908397,1.083969465648855,-30.977099236641223,-0.45361328125,-0.06005859375,-0.13623046875,2.3579
27.46564885496183,0.9618320610687023,-31.129770992366414,-0.451904296875,-0.06640625,-0.134521484375,2.3596
27.557251908396946,0.916030534351145,-31.419847328244273,-0.448974609375,-0.061767578125,-0.1357421875,2.3613
27.587786259541986,0.9618320610687023,-31.572519083969464,-0.454833984375,-0.065673828125,-0.1357421875,2.363
27.66412213740458,0.8702290076335878,-31.786259541984734,-0.453857421875,-0.064208984375,-0.130126953125,2.3647
27.770992366412212,0.732824427480916,-32.0,-0.45703125,-0.066650390625,-0.131591796875,2.3664
27.908396946564885,0.8091603053435115,-32.51908396946565,-0.451171875,-0.066162109375,-0.13037109375,2.3680999999999996
27.923664122137403,0.7633587786259542,-32.35114503816794,-0.451904296875,-0.066162109375,-0.134521484375,2.3697999999999997
28.061068702290076,0.6870229007633588,-32.58015267175573,-0.451171875,-0.064697265625,-0.134765625,2.3714999999999997
28.091603053435115,0.7480916030534351,-32.778625954198475,-0.452880859375,-0.0673828125,-0.134521484375,2.3731999999999998
28.0,0.6412213740458015,-33.02290076335878,-0.44970703125,-0.068115234375,-0.140380859375,2.3749
28.15267175572519,0.3816793893129771,-32.97709923664122,-0.45166015625,-0.06787109375,-0.1376953125,2.3766
28.106870229007633,0.3969465648854962,-33.23664122137404,-0.449462890625,-0.067138671875,-0.137939453125,2.3783
28.366412213740457,0.4732824427480916,-33.404580152671755,-0.448974609375,-0.069580078125,-0.122802734375,2.38
28.47328244274809,0.3816793893129771,-33.725190839694655,-0.45068359375,-0.07421875,-0.1298828125,2.3817
28.595419847328245,0.04580152671755725,-33.70992366412214,-0.455322265625,-0.076171875,-0.127685546875,2.3834
28.595419847328245,0.16793893129770993,-33.86259541984733,-0.45458984375,-0.068115234375,-0.12744140625,2.3851
28.778625954198475,0.21374045801526717,-34.10687022900763,-0.44970703125,-0.066650390625,-0.1259765625,2.3868
28.625954198473284,-0.015267175572519083,-34.25954198473283,-0.450439453125,-0.068115234375,-0.133056640625,2.3885
28.68702290076336,0.061068702290076333,-34.18320610687023,-0.4501953125,-0.072509765625,-0.12548828125,2.3901999999999997
28.778625954198475,0.0916030534351145,-34.51908396946565,-0.451416015625,-0.073974609375,-0.134765625,2.3918999999999997
28.870229007633586,0.061068702290076333,-34.6412213740458,-0.452392578125,-0.07958984375,-0.14013671875,2.3935999999999997
28.977099236641223,0.015267175572519083,-34.99236641221374,-0.450439453125,-0.0732421875,-0.131591796875,2.3952999999999998
28.885496183206108,-0.07633587786259542,-35.038167938931295,-0.45263671875,-0.079345703125,-0.1279296875,2.397
28.671755725190838,0.015267175572519083,-35.343511450381676,-0.455810546875,-0.070556640625,-0.135986328125,2.3987
28.946564885496183,-0.15267175572519084,-35.31297709923664,-0.454833984375,-0.0771484375,-0.133544921875,2.4004
28.99236641221374,0.015267175572519083,-35.63358778625954,-0.453857421875,-0.073974609375,-0.14013671875,2.4021
28.9618320610687,0.22900763358778625,-35.87786259541985,-0.456298828125,-0.0791015625,-0.1337890625,2.4038
29.14503816793893,0.0,-36.0763358778626,-0.449951171875,-0.073486328125,-0.132568359375,2.4055
29.053435114503817,-0.061068702290076333,-36.091603053435115,-0.454833984375,-0.078857421875,-0.1337890625,2.4072
29.251908396946565,0.061068702290076333,-36.38167938931298,-0.454345703125,-0.083251953125,-0.13525390625,2.4089
29.450381679389313,0.21374045801526717,-36.62595419847328,-0.45166015625,-0.08056640625,-0.1298828125,2.4106
29.389312977099237,0.0916030534351145,-36.900763358778626,-0.451416015625,-0.08349609375,-0.136474609375,2.4122999999999997
29.19083969465649,0.0916030534351145,-36.99236641221374,-0.453125,-0.08203125,-0.1376953125,2.4139999999999997
29.389312977099237,0.2595419847328244,-37.343511450381676,-0.453369140625,-0.0791015625,-0.138427734375,2.4156999999999997
29.72519083969466,0.07633587786259542,-37.31297709923664,-0.451904296875,-0.078857421875,-0.135009765625,2.4173999999999998
29.52671755725191,0.061068702290076333,-37.52671755725191,-0.453857421875,-0.07763671875,-0.128173828125,2.4191
29.633587786259543,0.16793893129770993,-37.7557251908397,-0.448974609375,-0.08837890625,-0.132080078125,2.4208
29.740458015267176,0.04580152671755725,-38.01526717557252,-0.446533203125,-0.088623046875,-0.142822265625,2.4225
29.83206106870229,0.10687022900763359,-38.045801526717554,-0.450927734375,-0.086669921875,-0.132568359375,2.4242
29.83206106870229,0.13740458015267176,-38.595419847328245,-0.454345703125,-0.081787109375,-0.13671875,2.4259
29.862595419847327,0.2900763358778626,-38.58015267175573,-0.4482421875,-0.08447265625,-0.13720703125,2.4276
29.938931297709924,0.24427480916030533,-38.732824427480914,-0.451416015625,-0.082763671875,-0.130859375,2.4293
30.16793893129771,0.13740458015267176,-38.87022900763359,-0.45068359375,-0.086669921875,-0.131103515625,2.431
29.923664122137403,0.07633587786259542,-39.00763358778626,-0.453125,-0.087158203125,-0.13232421875,2.4327
30.015267175572518,0.15267175572519084,-39.14503816793893,-0.452880859375,-0.087158203125,-0.13720703125,2.4343999999999997
30.12213740458015,0.21374045801526717,-39.45038167938932,-0.44921875,-0.0869140625,-0.1318359375,2.4360999999999997
30.229007633587788,0.1984732824427481,-39.3587786259542,-0.452392578125,-0.084228515625,-0.127197265625,2.4377999999999997
30.076335877862597,0.2748091603053435,-39.55725190839695,-0.450439453125,-0.085693359375,-0.13671875,2.4395
30.290076335877863,0.12213740458015267,-39.57251908396947,-0.4501953125,-0.0888671875,-0.1240234375,2.4412
30.580152671755727,-0.015267175572519083,-39.9236641221374,-0.451416015625,-0.091064453125,-0.136962890625,2.4429
30.458015267175572,0.0,-40.01526717557252,-0.44775390625,-0.092041015625,-0.130615234375,2.4446
30.580152671755727,0.10687022900763359,-40.152671755725194,-0.4501953125,-0.089111328125,-0.135986328125,2.4463
30.793893129770993,-0.183206106870229,-40.35114503816794,-0.44921875,-0.086669921875,-0.13525390625,2.448
30.65648854961832,-0.16793893129770993,-40.58015267175573,-0.447509765625,-0.0888671875,-0.134521484375,2.4497
30.595419847328245,-0.07633587786259542,-40.68702290076336,-0.449462890625,-0.09033203125,-0.126708984375,2.4514
30.885496183206108,-0.15267175572519084,-40.94656488549618,-0.446044921875,-0.091064453125,-0.13134765625,2.4531
30.946564885496183,-0.13740458015267176,-41.00763358778626,-0.4521484375,-0.088623046875,-0.123779296875,2.4547999999999996
31.083969465648856,-0.16793893129770993,-41.221374045801525,-0.447998046875,-0.090087890625,-0.129638671875,2.4564999999999997
31.053435114503817,-0.3053435114503817,-41.3587786259542,-0.4501953125,-0.095947265625,-0.12548828125,2.4581999999999997
31.46564885496183,-0.2748091603053435,-41.465648854961835,-0.45458984375,-0.093505859375,-0.13330078125,2.4598999999999998
31.603053435114504,-0.3511450381679389,-41.603053435114504,-0.44921875,-0.08837890625,-0.128173828125,2.4616
31.740458015267176,-0.366412213740458,-41.81679389312977,-0.44970703125,-0.090087890625,-0.1298828125,2.4633
31.984732824427482,-0.5190839694656488,-41.908396946564885,-0.44580078125,-0.098388671875,-0.121826171875,2.465
31.908396946564885,-0.4732824427480916,-42.030534351145036,-0.443603515625,-0.099853515625,-0.126953125,2.4667
32.030534351145036,-0.32061068702290074,-42.13740458015267,-0.447021484375,-0.101318359375,-0.132080078125,2.4684
32.13740458015267,-0.6106870229007634,-42.18320610687023,-0.453125,-0.10595703125,-0.126708984375,2.4701
32.412213740458014,-0.7633587786259542,-42.19847328244275,-0.449951171875,-0.09814453125,-0.119140625,2.4718
32.534351145038165,-0.6412213740458015,-42.091603053435115,-0.450927734375,-0.10302734375,-0.12548828125,2.4735
32.68702290076336,-0.48854961832061067,-42.229007633587784,-0.445556640625,-0.095947265625,-0.13623046875,2.4752
32.916030534351144,-0.8091603053435115,-42.13740458015267,-0.44677734375,-0.09716796875,-0.13134765625,2.4768999999999997
32.70229007633588,-0.9923664122137404,-42.229007633587784,-0.4482421875,-0.09716796875,-0.1298828125,2.4785999999999997
32.94656488549618,-0.8396946564885496,-42.274809160305345,-0.443115234375,-0.096923828125,-0.1337890625,2.4802999999999997
33.32824427480916,-0.9007633587786259,-42.045801526717554,-0.44482421875,-0.1025390625,-0.129150390625,2.4819999999999998
33.32824427480916,-1.1755725190839694,-42.10687022900763,-0.4462890625,-0.1044921875,-0.1240234375,2.4837
33.3587786259542,-1.1145038167938932,-41.98473282442748,-0.4501953125,-0.101806640625,-0.121826171875,2.4854
33.7557251908397,-1.0229007633587786,-41.969465648854964,-0.4443359375,-0.103515625,-0.125244140625,2.4871
33.908396946564885,-1.2671755725190839,-41.74045801526717,-0.44580078125,-0.10546875,-0.125244140625,2.4888
33.969465648854964,-1.3282442748091603,-41.51145038167939,-0.446044921875,-0.106689453125,-0.132080078125,2.4905
34.19847328244275,-1.4198473282442747,-41.343511450381676,-0.445556640625,-0.104736328125,-0.12548828125,2.4922
34.44274809160305,-1.4045801526717556,-41.00763358778626,-0.445556640625,-0.107421875,-0.1201171875,2.4939
34.54961832061068,-1.7709923664122138,-40.47328244274809,-0.447021484375,-0.104248046875,-0.128662109375,2.4956
34.50381679389313,-1.816793893129771,-40.0763358778626,-0.447998046875,-0.103271484375,-0.126708984375,2.4973
34.56488549618321,-1.9389312977099236,-39.603053435114504,-0.44384765625,-0.109130859375,-0.127197265625,2.4989999999999997
34.900763358778626,-1.9541984732824427,-39.12977099236641,-0.44775390625,-0.113037109375,-0.1171875,2.5006999999999997
35.05343511450382,-2.16793893129771,-38.70229007633588,-0.444580078125,-0.11376953125,-0.126953125,2.5023999999999997
35.038167938931295,-2.2748091603053435,-38.19847328244275,-0.449951171875,-0.110595703125,-0.12255859375,2.5040999999999998
35.14503816793893,-2.595419847328244,-37.786259541984734,-0.4462890625,-0.114501953125,-0.126708984375,2.5058
35.19083969465649,-2.5343511450381677,-37.14503816793893,-0.450439453125,-0.11328125,-0.12158203125,2.5075
35.267175572519086,-2.732824427480916,-36.778625954198475,-0.444580078125,-0.113525390625,-0.12060546875,2.5092
35.38931297709924,-2.8244274809160306,-36.458015267175576,-0.44384765625,-0.11572265625,-0.118408203125,2.5109
35.282442748091604,-2.931297709923664,-35.98473282442748,-0.44970703125,-0.11474609375,-0.1171875,2.5126
35.3587786259542,-3.1603053435114505,-35.69465648854962,-0.4501953125,-0.11572265625,-0.1171875,2.5143
35.51145038167939,-3.0076335877862594,-35.17557251908397,-0.451171875,-0.110595703125,-0.1162109375,2.516
35.41984732824427,-3.1603053435114505,-35.038167938931295,-0.44921875,-0.113525390625,-0.121337890625,2.5177
35.786259541984734,-3.282442748091603,-34.900763358778626,-0.452392578125,-0.114013671875,-0.119140625,2.5193999999999996
35.74045801526717,-3.145038167938931,-34.62595419847328,-0.44873046875,-0.118896484375,-0.1181640625,2.5210999999999997
36.0,-3.312977099236641,-34.44274809160305,-0.450439453125,-0.119384765625,-0.120849609375,2.5227999999999997
36.30534351145038,-3.1755725190839694,-34.412213740458014,-0.447509765625,-0.12451171875,-0.115966796875,2.5244999999999997
36.44274809160305,-3.068702290076336,-34.396946564885496,-0.451171875,-0.117919921875,-0.119384765625,2.5262
36.534351145038165,-3.2213740458015265,-34.3206106870229,-0.44921875,-0.120361328125,-0.12109375,2.5279
36.76335877862596,-3.2061068702290076,-34.48854961832061,-0.443603515625,-0.119384765625,-0.12109375,2.5296
36.916030534351144,-3.114503816793893,-34.396946564885496,-0.4482421875,-0.11669921875,-0.10986328125,2.5313
37.083969465648856,-3.2519083969465647,-34.80916030534351,-0.44580078125,-0.12158203125,-0.113525390625,2.533
37.51145038167939,-3.2519083969465647,-34.70229007633588,-0.445556640625,-0.119384765625,-0.115234375,2.5347
37.55725190839695,-3.068702290076336,-34.778625954198475,-0.44970703125,-0.117431640625,-0.110595703125,2.5364
37.86259541984733,-3.053435114503817,-34.94656488549618,-0.4453125,-0.117919921875,-0.114990234375,2.5381
38.091603053435115,-3.068702290076336,-35.41984732824427,-0.44580078125,-0.122314453125,-0.117431640625,2.5398
38.274809160305345,-2.9618320610687023,-35.465648854961835,-0.447021484375,-0.123779296875,-0.115234375,2.5414999999999996
38.44274809160305,-2.6259541984732824,-36.030534351145036,-0.441650390625,-0.125732421875,-0.11376953125,2.5431999999999997
38.54961832061068,-2.763358778625954,-36.229007633587784,-0.4453125,-0.123779296875,-0.110107421875,2.5448999999999997
38.79389312977099,-2.763358778625954,-36.6412213740458,-0.442138671875,-0.12939453125,-0.1181640625,2.5465999999999998
38.94656488549618,-2.6564885496183206,-36.82442748091603,-0.4453125,-0.1259765625,-0.11474609375,2.5483
39.17557251908397,-2.4427480916030535,-37.282442748091604,-0.44775390625,-0.126953125,-0.115966796875,2.55
39.32824427480916,-2.33587786259542,-37.61832061068702,-0.44287109375,-0.12841796875,-0.11474609375,2.5517
39.43511450381679,-2.2748091603053435,-38.25954198473283,-0.437744140625,-0.130126953125,-0.1142578125,2.5534
39.908396946564885,-2.3053435114503817,-38.36641221374046,-0.4404296875,-0.12841796875,-0.109619140625,2.5551
40.091603053435115,-2.1068702290076335,-38.88549618320611,-0.440185546875,-0.135009765625,-0.118896484375,2.5568
40.030534351145036,-1.9541984732824427,-39.282442748091604,-0.437255859375,-0.135009765625,-0.12353515625,2.5585
40.213740458015266,-1.9083969465648856,-39.86259541984733,-0.4453125,-0.1328125,-0.120361328125,2.5602
40.56488549618321,-1.816793893129771,-40.229007633587784,-0.445068359375,-0.13818359375,-0.12353515625,2.5619
40.70229007633588,-1.6488549618320612,-40.732824427480914,-0.441650390625,-0.1416015625,-0.113525390625,2.5635999999999997
40.80916030534351,-1.5267175572519085,-40.961832061068705,-0.440185546875,-0.133056640625,-0.11572265625,2.5652999999999997
40.80916030534351,-1.4809160305343512,-41.61832061068702,-0.44091796875,-0.1318359375,-0.116943359375,2.5669999999999997
40.94656488549618,-1.3435114503816794,-41.9236641221374,-0.43701171875,-0.14111328125,-0.1103515625,2.5686999999999998
41.038167938931295,-1.3129770992366412,-42.412213740458014,-0.440185546875,-0.138427734375,-0.117919921875,2.5704
41.02290076335878,-1.1908396946564885,-42.58015267175573,-0.4384765625,-0.136962890625,-0.1142578125,2.5721
41.038167938931295,-1.2366412213740459,-42.97709923664122,-0.439453125,-0.140625,-0.112548828125,2.5738
40.82442748091603,-1.0534351145038168,-42.97709923664122,-0.43701171875,-0.148681640625,-0.11572265625,2.5755
40.85496183206107,-1.1450381679389312,-43.29770992366412,-0.4375,-0.15087890625,-0.113525390625,2.5772
40.74809160305343,-1.2061068702290076,-43.3587786259542,-0.434326171875,-0.152587890625,-0.114990234375,2.5789
40.595419847328245,-1.1145038167938932,-43.52671755725191,-0.4423828125,-0.155029296875,-0.109375,2.5806
40.412213740458014,-0.9312977099236641,-43.64885496183206,-0.438232421875,-0.157470703125,-0.109130859375,2.5823
40.35114503816794,-1.0534351145038168,-43.847328244274806,-0.4375,-0.155029296875,-0.102294921875,2.584
40.2442748091603,-1.0076335877862594,-43.908396946564885,-0.4345703125,-0.16015625,-0.105224609375,2.5856999999999997
39.954198473282446,-0.9923664122137404,-44.33587786259542,-0.434814453125,-0.1630859375,-0.107666015625,2.5873999999999997
40.0763358778626,-1.0229007633587786,-44.18320610687023,-0.434326171875,-0.156982421875,-0.122314453125,2.5890999999999997
39.69465648854962,-0.7633587786259542,-44.38167938931298,-0.43408203125,-0.1591796875,-0.11474609375,2.5907999999999998
39.3587786259542,-0.7022900763358778,-44.44274809160305,-0.435302734375,-0.15869140625,-0.1064453125,2.5925
39.48091603053435,-0.8549618320610687,-44.58015267175573,-0.43603515625,-0.166748046875,-0.113525390625,2.5942
39.14503816793893,-1.0076335877862594,-44.29007633587786,-0.435302734375,-0.165283203125,-0.110107421875,2.5959
39.038167938931295,-0.8091603053435115,-44.44274809160305,-0.436279296875,-0.164794921875,-0.11669921875,2.5976
38.76335877862596,-0.9465648854961832,-44.44274809160305,-0.432373046875,-0.160888671875,-0.10986328125,2.5993
38.58015267175573,-0.9007633587786259,-44.61068702290076,-0.431640625,-0.162353515625,-0.11279296875,2.601
38.2442748091603,-0.8702290076335878,-44.42748091603053,-0.435791015625,-0.16552734375,-0.112548828125,2.6027
38.0,-1.0076335877862594,-44.48854961832061,-0.438720703125,-0.1630859375,-0.112060546875,2.6044
38.0,-0.9618320610687023,-44.44274809160305,-0.432861328125,-0.1650390625,-0.10986328125,2.6060999999999996
37.70992366412214,-0.8091603053435115,-44.44274809160305,-0.4326171875,-0.166259765625,-0.1103515625,2.6077999999999997
37.61832061068702,-1.083969465648855,-44.36641221374046,-0.434326171875,-0.168212890625,-0.108642578125,2.6094999999999997
37.31297709923664,-1.1908396946564885,-44.44274809160305,-0.43115234375,-0.165771484375,-0.112548828125,2.6111999999999997
37.06870229007634,-1.1297709923664123,-44.42748091603053,-0.4306640625,-0.16650390625,-0.110595703125,2.6129
36.900763358778626,-0.9618320610687023,-44.48854961832061,-0.427734375,-0.169677734375,-0.107666015625,2.6146
36.85496183206107,-1.1755725190839694,-44.33587786259542,-0.426513671875,-0.166748046875,-0.11328125,2.6163
36.56488549618321,-1.3435114503816794,-44.58015267175573,-0.43310546875,-0.162353515625,-0.123046875,2.618
36.35114503816794,-1.6030534351145038,-44.61068702290076,-0.4267578125,-0.162353515625,-0.10986328125,2.6197
36.33587786259542,-1.3282442748091603,-44.656488549618324,-0.4267578125,-0.16943359375,-0.115966796875,2.6214
36.18320610687023,-1.3740458015267176,-44.900763358778626,-0.42333984375,-0.172607421875,-0.11083984375,2.6231
35.86259541984733,-1.8015267175572518,-45.00763358778626,-0.422607421875,-0.168212890625,-0.109619140625,2.6248
35.83206106870229,-1.7404580152671756,-45.16030534351145,-0.424072265625,-0.16650390625,-0.112548828125,2.6265
35.770992366412216,-1.816793893129771,-45.45038167938932,-0.4248046875,-0.16455078125,-0.10791015625,2.6281999999999996
35.52671755725191,-1.9541984732824427,-45.70992366412214,-0.424560546875,-0.1708984375,-0.105224609375,2.6298999999999997
35.29770992366412,-2.0763358778625953,-45.93893129770992,-0.42578125,-0.1669921875,-0.112548828125,2.6315999999999997
35.25190839694657,-2.0763358778625953,-46.13740458015267,-0.425048828125,-0.16748046875,-0.113037109375,2.6332999999999998
35.23664122137404,-1.984732824427481,-46.36641221374046,-0.4287109375,-0.1689453125,-0.110595703125,2.635
35.20610687022901,-2.0,-46.68702290076336,-0.423583984375,-0.169921875,-0.10791015625,2.6367
35.02290076335878,-2.030534351145038,-46.93129770992366,-0.431396484375,-0.1689453125,-0.112060546875,2.6384
35.11450381679389,-1.83206106870229,-47.221374045801525,-0.42578125,-0.1640625,-0.10546875,2.6401
35.16030534351145,-1.8473282442748091,-47.55725190839695,-0.42822265625,-0.174072265625,-0.11279296875,2.6418
34.900763358778626,-2.0,-47.87786259541985,-0.427490234375,-0.173828125,-0.114013671875,2.6435
34.83969465648855,-2.015267175572519,-48.229007633587784,-0.42626953125,-0.173095703125,-0.10791015625,2.6452
34.97709923664122,-1.8778625954198473,-48.58015267175573,-0.425537109375,-0.17578125,-0.10546875,2.6469
34.6412213740458,-2.0763358778625953,-48.79389312977099,-0.4287109375,-0.171875,-0.104248046875,2.6486
34.656488549618324,-2.122137404580153,-49.11450381679389,-0.4248046875,-0.174560546875,-0.1044921875,2.6502999999999997
34.82442748091603,-2.0763358778625953,-49.48091603053435,-0.42333984375,-0.178466796875,-0.115966796875,2.6519999999999997
34.67175572519084,-2.1068702290076335,-49.770992366412216,-0.419677734375,-0.181884765625,-0.114013671875,2.6536999999999997
34.48854961832061,-2.2290076335877864,-49.969465648854964,-0.422607421875,-0.18310546875,-0.1015625,2.6553999999999998
34.33587786259542,-1.9236641221374047,-49.98473282442748,-0.420166015625,-0.1796875,-0.10107421875,2.6571
34.29007633587786,-2.030534351145038,-50.2442748091603,-0.419189453125,-0.181640625,-0.112060546875,2.6588
33.786259541984734,-2.122137404580153,-50.6412213740458,-0.426025390625,-0.189208984375,-0.10595703125,2.6605
33.954198473282446,-2.0916030534351147,-50.82442748091603,-0.426025390625,-0.182861328125,-0.102783203125,2.6622
33.86259541984733,-2.0,-50.961832061068705,-0.426513671875,-0.1826171875,-0.109130859375,2.6639
33.55725190839695,-2.122137404580153,-50.97709923664122,-0.423095703125,-0.18701171875,-0.110595703125,2.6656
33.465648854961835,-2.015267175572519,-51.083969465648856,-0.42724609375,-0.1923828125,-0.10791015625,2.6673
33.14503816793893,-1.8473282442748091,-51.19083969465649,-0.424072265625,-0.19482421875,-0.10400390625,2.669
32.83969465648855,-1.8625954198473282,-51.37404580152672,-0.422607421875,-0.193359375,-0.1025390625,2.6706999999999996
32.70229007633588,-1.7099236641221374,-51.37404580152672,-0.426513671875,-0.197021484375,-0.10595703125,2.6723999999999997
32.595419847328245,-1.5267175572519085,-51.57251908396947,-0.42529296875,-0.19873046875,-0.10791015625,2.6740999999999997
32.2442748091603,-1.6793893129770991,-51.587786259541986,-0.422607421875,-0.200927734375,-0.109130859375,2.6757999999999997
32.091603053435115,-1.6793893129770991,-51.81679389312977,-0.431396484375,-0.198486328125,-0.1015625,2.6774999999999998
31.709923664122137,-1.465648854961832,-51.86259541984733,-0.425537109375,-0.201171875,-0.103759765625,2.6792
31.450381679389313,-1.5725190839694656,-52.13740458015267,-0.42236328125,-0.202392578125,-0.09814453125,2.6809
31.17557251908397,-1.5572519083969465,-52.10687022900763,-0.425048828125,-0.201171875,-0.099853515625,2.6826
30.870229007633586,-1.297709923664122,-52.2442748091603,-0.426513671875,-0.20361328125,-0.10205078125,2.6843
30.80916030534351,-1.1908396946564885,-52.47328244274809,-0.424072265625,-0.203857421875,-0.1025390625,2.686
30.35114503816794,-1.2671755725190839,-52.595419847328245,-0.421142578125,-0.20654296875,-0.1025390625,2.6877
30.18320610687023,-1.3435114503816794,-52.51908396946565,-0.42138671875,-0.201171875,-0.10595703125,2.6894
29.954198473282442,-1.1450381679389312,-52.74809160305343,-0.423095703125,-0.203369140625,-0.10986328125,2.6911
29.572519083969464,-1.450381679389313,-52.76335877862596,-0.421142578125,-0.21240234375,-0.097900390625,2.6927999999999996
29.72519083969466,-1.3740458015267176,-53.23664122137404,-0.42138671875,-0.20849609375,-0.096923828125,2.6944999999999997
29.34351145038168,-1.3893129770992367,-53.282442748091604,-0.41943359375,-0.212158203125,-0.098876953125,2.6961999999999997
28.885496183206108,-1.2061068702290076,-53.770992366412216,-0.415283203125,-0.209228515625,-0.0947265625,2.6978999999999997
28.671755725190838,-1.4351145038167938,-53.954198473282446,-0.4189453125,-0.20849609375,-0.09375,2.6995999999999998
28.442748091603054,-1.5877862595419847,-54.030534351145036,-0.418212890625,-0.20751953125,-0.1015625,2.7013
28.35114503816794,-1.5877862595419847,-54.44274809160305,-0.419677734375,-0.208740234375,-0.098388671875,2.703
28.30534351145038,-1.4961832061068703,-54.79389312977099,-0.417236328125,-0.208251953125,-0.100341796875,2.7047
28.35114503816794,-1.4809160305343512,-54.778625954198475,-0.412109375,-0.214599609375,-0.0888671875,2.7064
28.0,-1.4961832061068703,-55.282442748091604,-0.411376953125,-0.2060546875,-0.09130859375,2.7081
27.801526717557252,-1.5572519083969465,-55.43511450381679,-0.415771484375,-0.208251953125,-0.1015625,2.7098
27.709923664122137,-1.5419847328244274,-56.01526717557252,-0.4091796875,-0.21240234375,-0.101318359375,2.7115
27.358778625954198,-1.6793893129770991,-56.51908396946565,-0.410400390625,-0.21630859375,-0.103515625,2.7132
27.114503816793892,-1.8625954198473282,-56.87022900763359,-0.410400390625,-0.212646484375,-0.09423828125,2.7148999999999996
27.053435114503817,-1.9083969465648856,-57.20610687022901,-0.41015625,-0.21484375,-0.092041015625,2.7165999999999997
26.900763358778626,-2.2290076335877864,-57.7557251908397,-0.413818359375,-0.217529296875,-0.097412109375,2.7182999999999997
26.778625954198475,-2.183206106870229,-57.87786259541985,-0.408203125,-0.2158203125,-0.09521484375,2.7199999999999998
26.625954198473284,-2.0763358778625953,-58.29007633587786,-0.41162109375,-0.218994140625,-0.1015625,2.7217
26.564885496183205,-2.0916030534351147,-58.44274809160305,-0.40966796875,-0.219482421875,-0.094970703125,2.7234
26.625954198473284,-1.8625954198473282,-58.93129770992366,-0.411376953125,-0.21484375,-0.096923828125,2.7251
26.65648854961832,-2.0,-59.3587786259542,-0.403076171875,-0.21533203125,-0.093994140625,2.7268
26.290076335877863,-2.045801526717557,-59.43511450381679,-0.4052734375,-0.215087890625,-0.102783203125,2.7285
26.33587786259542,-2.0,-59.69465648854962,-0.409423828125,-0.216552734375,-0.102294921875,2.7302
26.15267175572519,-2.1374045801526718,-60.18320610687023,-0.41357421875,-0.2177734375,-0.09521484375,2.7319
25.83206106870229,-2.3206106870229006,-60.3206106870229,-0.407470703125,-0.21923828125,-0.093505859375,2.7336
25.84732824427481,-2.2748091603053435,-60.458015267175576,-0.41162109375,-0.220947265625,-0.091064453125,2.7353
25.572519083969464,-2.183206106870229,-60.656488549618324,-0.4091796875,-0.2255859375,-0.093994140625,2.7369999999999997
25.480916030534353,-2.213740458015267,-60.717557251908396,-0.407958984375,-0.22900390625,-0.10546875,2.7386999999999997
25.129770992366414,-2.0916030534351147,-60.68702290076336,-0.409423828125,-0.230224609375,-0.097900390625,2.7403999999999997
25.0381679389313,-2.0916030534351147,-60.83969465648855,-0.4140625,-0.227783203125,-0.098388671875,2.7420999999999998
24.717557251908396,-2.0763358778625953,-60.67175572519084,-0.41259765625,-0.2314453125,-0.094970703125,2.7438
24.549618320610687,-1.9541984732824427,-60.76335877862596,-0.414306640625,-0.229248046875,-0.093994140625,2.7455
24.396946564885496,-2.015267175572519,-60.54961832061068,-0.415283203125,-0.23193359375,-0.08984375,2.7472
23.954198473282442,-1.9694656488549618,-60.79389312977099,-0.412109375,-0.23486328125,-0.09619140625,2.7489
23.862595419847327,-1.8015267175572518,-60.76335877862596,-0.4150390625,-0.22998046875,-0.100341796875,2.7506
23.740458015267176,-1.7099236641221374,-60.70229007633588,-0.416015625,-0.234130859375,-0.094482421875,2.7523
23.31297709923664,-1.4961832061068703,-60.51908396946565,-0.422607421875,-0.23828125,-0.08984375,2.754
23.16030534351145,-1.3893129770992367,-60.67175572519084,-0.4169921875,-0.24072265625,-0.09423828125,2.7557
22.732824427480917,-1.083969465648855,-60.48854961832061,-0.421875,-0.237060546875,-0.093017578125,2.7573999999999996
22.68702290076336,-0.9312977099236641,-60.458015267175576,-0.41552734375,-0.236328125,-0.096435546875,2.7590999999999997
22.625954198473284,-0.8396946564885496,-60.29007633587786,-0.42041015625,-0.242431640625,-0.1005859375,2.7607999999999997
22.229007633587788,-0.5343511450381679,-60.229007633587784,-0.420654296875,-0.244873046875,-0.101318359375,2.7624999999999997
22.244274809160306,-0.4122137404580153,-60.01526717557252,-0.416748046875,-0.23876953125,-0.09130859375,2.7641999999999998
21.862595419847327,-0.1984732824427481,-60.25954198473283,-0.415771484375,-0.24169921875,-0.084228515625,2.7659
21.893129770992367,0.030534351145038167,-60.06106870229008,-0.413818359375,-0.245361328125,-0.092529296875,2.7676
21.52671755725191,0.3053435114503817,-60.030534351145036,-0.408935546875,-0.246826171875,-0.09423828125,2.7693
21.49618320610687,0.33587786259541985,-59.954198473282446,-0.414794921875,-0.244384765625,-0.084228515625,2.771
21.206106870229007,0.5343511450381679,-59.908396946564885,-0.41357421875,-0.2392578125,-0.092529296875,2.7727
21.221374045801525,0.6564885496183206,-59.86259541984733,-0.414794921875,-0.24267578125,-0.096923828125,2.7744
21.14503816793893,0.7022900763358778,-60.091603053435115,-0.4130859375,-0.244140625,-0.090087890625,2.7761
21.053435114503817,0.9465648854961832,-59.80152671755725,-0.4091796875,-0.249267578125,-0.093505859375,2.7778
21.00763358778626,0.9923664122137404,-59.847328244274806,-0.41357421875,-0.2470703125,-0.096435546875,2.7794999999999996
20.977099236641223,1.2366412213740459,-59.770992366412216,-0.411376953125,-0.2451171875,-0.091796875,2.7811999999999997
20.946564885496183,1.3893129770992367,-59.89312977099237,-0.409912109375,-0.24609375,-0.084716796875,2.7828999999999997
20.732824427480917,1.5877862595419847,-59.9236641221374,-0.41162109375,-0.24609375,-0.093505859375,2.7845999999999997
20.82442748091603,1.7251908396946565,-60.152671755725194,-0.40869140625,-0.247802734375,-0.098876953125,2.7862999999999998
21.00763358778626,1.8473282442748091,-59.969465648854964,-0.4111328125,-0.249267578125,-0.10205078125,2.788
20.641221374045802,1.9541984732824427,-60.213740458015266,-0.4072265625,-0.246826171875,-0.09130859375,2.7897
20.610687022900763,1.83206106870229,-60.16793893129771,-0.40478515625,-0.24755859375,-0.08935546875,2.7914
20.641221374045802,2.1526717557251906,-60.19847328244275,-0.408203125,-0.240966796875,-0.08984375,2.7931
20.778625954198475,2.2442748091603053,-60.19847328244275,-0.39990234375,-0.2431640625,-0.08544921875,2.7948
21.053435114503817,2.3206106870229006,-60.42748091603053,-0.40283203125,-0.2421875,-0.087890625,2.7965
21.16030534351145,2.4580152671755724,-60.35114503816794,-0.39794921875,-0.2431640625,-0.08837890625,2.7982
21.206106870229007,2.564885496183206,-60.48854961832061,-0.403076171875,-0.24755859375,-0.08935546875,2.7999
21.16030534351145,2.687022900763359,-60.6412213740458,-0.40234375,-0.245849609375,-0.088134765625,2.8015999999999996
21.251908396946565,2.6717557251908395,-60.88549618320611,-0.3994140625,-0.250244140625,-0.087646484375,2.8032999999999997
21.51145038167939,2.7480916030534353,-61.02290076335878,-0.39453125,-0.2470703125,-0.08740234375,2.8049999999999997
21.34351145038168,2.6412213740458017,-61.05343511450382,-0.39697265625,-0.250732421875,-0.079833984375,2.8066999999999998
21.633587786259543,2.6412213740458017,-61.38931297709924,-0.3974609375,-0.24462890625,-0.08251953125,2.8084
21.72519083969466,2.717557251908397,-61.404580152671755,-0.39453125,-0.24169921875,-0.0859375,2.8101
22.0,2.732824427480916,-61.37404580152672,-0.392333984375,-0.243408203125,-0.087890625,2.8118
21.938931297709924,2.946564885496183,-61.908396946564885,-0.398193359375,-0.245849609375,-0.088623046875,2.8135
22.259541984732824,2.9160305343511452,-61.86259541984733,-0.39599609375,-0.244873046875,-0.08349609375,2.8152
22.580152671755727,2.8244274809160306,-61.87786259541985,-0.3896484375,-0.24755859375,-0.08984375,2.8169
22.48854961832061,2.8244274809160306,-61.81679389312977,-0.391357421875,-0.248779296875,-0.078369140625,2.8186
22.610687022900763,2.7480916030534353,-61.66412213740458,-0.394775390625,-0.248046875,-0.08935546875,2.8203
22.610687022900763,2.564885496183206,-61.66412213740458,-0.387939453125,-0.2548828125,-0.084716796875,2.822
22.38167938931298,2.6259541984732824,-61.66412213740458,-0.390625,-0.254638671875,-0.085693359375,2.8236999999999997
22.564885496183205,2.7938931297709924,-61.06870229007634,-0.397705078125,-0.254150390625,-0.0859375,2.8253999999999997
22.702290076335878,2.717557251908397,-60.916030534351144,-0.397216796875,-0.26953125,-0.086669921875,2.8270999999999997
22.366412213740457,2.8244274809160306,-60.732824427480914,-0.397216796875,-0.266357421875,-0.087646484375,2.8287999999999998
22.33587786259542,2.8702290076335877,-60.38167938931298,-0.39697265625,-0.265380859375,-0.087646484375,2.8305
21.938931297709924,3.0229007633587788,-59.786259541984734,-0.397216796875,-0.2705078125,-0.08935546875,2.8322
21.862595419847327,2.931297709923664,-59.45038167938932,-0.393798828125,-0.27587890625,-0.09765625,2.8339
21.61832061068702,2.8244274809160306,-58.88549618320611,-0.397705078125,-0.27099609375,-0.086181640625,2.8356
21.374045801526716,3.053435114503817,-58.274809160305345,-0.39697265625,-0.275634765625,-0.082275390625,2.8373
21.328244274809162,3.3282442748091605,-58.06106870229008,-0.396484375,-0.279052734375,-0.086181640625,2.839
20.946564885496183,3.2213740458015265,-57.725190839694655,-0.39111328125,-0.280517578125,-0.083740234375,2.8407
20.80916030534351,3.312977099236641,-57.14503816793893,-0.390869140625,-0.278076171875,-0.09130859375,2.8424
20.68702290076336,3.5114503816793894,-56.87022900763359,-0.39599609375,-0.28369140625,-0.09619140625,2.8440999999999996
20.519083969465647,3.5114503816793894,-56.51908396946565,-0.395751953125,-0.28515625,-0.084716796875,2.8457999999999997
20.27480916030534,3.6030534351145036,-56.229007633587784,-0.39501953125,-0.290771484375,-0.081298828125,2.8474999999999997
20.213740458015266,3.648854961832061,-55.80152671755725,-0.39013671875,-0.2822265625,-0.0791015625,2.8491999999999997
20.16793893129771,3.6946564885496183,-55.55725190839695,-0.387451171875,-0.28271484375,-0.09130859375,2.8508999999999998
19.786259541984734,3.6946564885496183,-55.29770992366412,-0.387939453125,-0.2919921875,-0.086669921875,2.8526
19.603053435114504,3.7557251908396947,-54.97709923664122,-0.38427734375,-0.2880859375,-0.080810546875,2.8543
19.267175572519083,3.404580152671756,-54.61068702290076,-0.385498046875,-0.290771484375,-0.08837890625,2.856
19.221374045801525,3.450381679389313,-54.33587786259542,-0.387939453125,-0.29052734375,-0.089599609375,2.8577
18.977099236641223,3.4656488549618323,-54.229007633587784,-0.386962890625,-0.291748046875,-0.08642578125,2.8594
18.916030534351144,3.3587786259541983,-53.74045801526717,-0.388427734375,-0.291015625,-0.084228515625,2.8611
18.748091603053435,3.435114503816794,-53.603053435114504,-0.38525390625,-0.294189453125,-0.0791015625,2.8628
18.427480916030536,3.3740458015267176,-53.41984732824427,-0.37890625,-0.29736328125,-0.079833984375,2.8645
18.396946564885496,3.2061068702290076,-53.23664122137404,-0.383056640625,-0.297119140625,-0.079833984375,2.8661999999999996
18.12213740458015,3.1297709923664123,-53.083969465648856,-0.37939453125,-0.29736328125,-0.07666015625,2.8678999999999997
17.87786259541985,3.0839694656488548,-52.99236641221374,-0.384521484375,-0.29638671875,-0.084716796875,2.8695999999999997
17.801526717557252,3.0076335877862594,-52.76335877862596,-0.377197265625,-0.30078125,-0.086181640625,2.8712999999999997
17.64885496183206,2.946564885496183,-52.67175572519084,-0.37646484375,-0.291259765625,-0.08251953125,2.8729999999999998
17.69465648854962,2.854961832061069,-52.51908396946565,-0.374755859375,-0.29736328125,-0.080810546875,2.8747
17.6793893129771,2.931297709923664,-52.33587786259542,-0.377197265625,-0.294677734375,-0.08203125,2.8764
17.786259541984734,2.7480916030534353,-52.18320610687023,-0.375,-0.2958984375,-0.07763671875,2.8781
17.419847328244273,2.6717557251908395,-52.229007633587784,-0.3701171875,-0.29443359375,-0.087890625,2.8798
17.236641221374047,2.6564885496183206,-52.0763358778626,-0.37646484375,-0.29541015625,-0.0849609375,2.8815
17.34351145038168,2.549618320610687,-51.80152671755725,-0.37646484375,-0.297119140625,-0.082763671875,2.8832
17.221374045801525,2.50381679389313,-51.6793893129771,-0.375,-0.29638671875,-0.08544921875,2.8849
17.099236641221374,2.351145038167939,-51.847328244274806,-0.378662109375,-0.293701171875,-0.0859375,2.8866
16.870229007633586,1.9541984732824427,-51.63358778625954,-0.372314453125,-0.294921875,-0.08837890625,2.8882999999999996
17.129770992366414,1.8625954198473282,-51.541984732824424,-0.361328125,-0.2939453125,-0.082275390625,2.8899999999999997
16.9618320610687,1.8625954198473282,-51.282442748091604,-0.369140625,-0.292724609375,-0.0830078125,2.8916999999999997
17.206106870229007,1.6793893129770991,-51.587786259541986,-0.36865234375,-0.292724609375,-0.083251953125,2.8933999999999997
17.267175572519083,1.7099236641221374,-51.51145038167939,-0.364501953125,-0.29052734375,-0.081298828125,2.8951
16.946564885496183,1.6793893129770991,-51.41984732824427,-0.3662109375,-0.296630859375,-0.086181640625,2.8968
17.114503816793892,1.083969465648855,-51.31297709923664,-0.369873046875,-0.29443359375,-0.080810546875,2.8985
17.206106870229007,1.0687022900763359,-51.55725190839695,-0.3671875,-0.29443359375,-0.0830078125,2.9002
16.931297709923665,1.0381679389312977,-51.267175572519086,-0.365478515625,-0.294921875,-0.079345703125,2.9019
17.17557251908397,1.099236641221374,-51.267175572519086,-0.36376953125,-0.292724609375,-0.080322265625,2.9036
17.282442748091604,0.8244274809160306,-51.20610687022901,-0.367431640625,-0.29052734375,-0.08154296875,2.9053
17.34351145038168,0.6564885496183206,-51.38931297709924,-0.3642578125,-0.296875,-0.08935546875,2.907
17.51145038167939,0.3511450381679389,-51.16030534351145,-0.365966796875,-0.29296875,-0.0830078125,2.9086999999999996
17.221374045801525,0.32061068702290074,-51.16030534351145,-0.36376953125,-0.2958984375,-0.07568359375,2.9103999999999997
17.34351145038168,0.22900763358778625,-50.961832061068705,-0.365966796875,-0.2978515625,-0.08935546875,2.9120999999999997
17.450381679389313,-0.0916030534351145,-51.37404580152672,-0.362548828125,-0.3046875,-0.08251953125,2.9137999999999997
17.358778625954198,-0.2595419847328244,-51.02290076335878,-0.3662109375,-0.30419921875,-0.08349609375,2.9154999999999998
17.374045801526716,-0.22900763358778625,-50.94656488549618,-0.37109375,-0.2958984375,-0.09326171875,2.9172
17.419847328244273,-0.48854961832061067,-50.83969465648855,-0.36767578125,-0.298095703125,-0.0830078125,2.9189
17.450381679389313,-0.42748091603053434,-50.94656488549618,-0.369384765625,-0.3046875,-0.07861328125,2.9206
17.64885496183206,-0.3053435114503817,-50.76335877862596,-0.36376953125,-0.302490234375,-0.08056640625,2.9223
17.34351145038168,-0.3969465648854962,-50.595419847328245,-0.3642578125,-0.301513671875,-0.08251953125,2.924
17.374045801526716,-0.3969465648854962,-50.396946564885496,-0.364990234375,-0.3076171875,-0.085205078125,2.9257
17.31297709923664,-0.21374045801526717,-50.29007633587786,-0.37255859375,-0.3056640625,-0.084716796875,2.9274
17.022900763358777,-0.2900763358778626,-49.93893129770992,-0.375244140625,-0.312255859375,-0.082275390625,2.9291
16.9618320610687,-0.21374045801526717,-49.66412213740458,-0.37353515625,-0.315673828125,-0.08251953125,2.9307999999999996
16.748091603053435,-0.2748091603053435,-49.17557251908397,-0.374267578125,-0.31298828125,-0.083740234375,2.9324999999999997
16.48854961832061,-0.030534351145038167,-48.82442748091603,-0.373779296875,-0.320556640625,-0.087158203125,2.9341999999999997
16.442748091603054,0.10687022900763359,-48.38167938931298,-0.379638671875,-0.320068359375,-0.080810546875,2.9358999999999997
16.18320610687023,0.3511450381679389,-48.0,-0.374267578125,-0.32080078125,-0.0810546875,2.9375999999999998
16.061068702290076,0.6717557251908397,-47.25190839694657,-0.377197265625,-0.323486328125,-0.09033203125,2.9393
15.786259541984732,0.6412213740458015,-46.83969465648855,-0.381591796875,-0.322265625,-0.07666015625,2.941
15.679389312977099,0.9770992366412213,-46.595419847328245,-0.38037109375,-0.319091796875,-0.079833984375,2.9427
15.572519083969466,1.4045801526717556,-46.29007633587786,-0.377685546875,-0.324462890625,-0.0771484375,2.9444
15.221374045801527,1.3587786259541985,-45.6793893129771,-0.379150390625,-0.326904296875,-0.088623046875,2.9461
15.007633587786259,1.7251908396946565,-45.45038167938932,-0.382568359375,-0.33203125,-0.089599609375,2.9478
14.900763358778626,1.9083969465648856,-44.80916030534351,-0.37939453125,-0.335205078125,-0.07861328125,2.9495
14.610687022900763,2.213740458015267,-44.42748091603053,-0.38037109375,-0.332275390625,-0.080322265625,2.9512
14.50381679389313,2.50381679389313,-43.9236641221374,-0.380615234375,-0.33154296875,-0.078125,2.9528999999999996
14.366412213740459,2.7022900763358777,-43.41984732824427,-0.382080078125,-0.331787109375,-0.076171875,2.9545999999999997
14.229007633587786,2.9618320610687023,-42.961832061068705,-0.3779296875,-0.3291015625,-0.078857421875,2.9562999999999997
14.045801526717558,3.145038167938931,-42.74809160305343,-0.374267578125,-0.332763671875,-0.080322265625,2.9579999999999997
13.877862595419847,3.49618320610687,-42.091603053435115,-0.37841796875,-0.3310546875,-0.082763671875,2.9596999999999998
13.740458015267176,3.450381679389313,-41.57251908396947,-0.371826171875,-0.33251953125,-0.076416015625,2.9614
13.618320610687023,3.5419847328244276,-41.16030534351145,-0.37255859375,-0.340576171875,-0.08056640625,2.9631
13.419847328244275,3.633587786259542,-40.67175572519084,-0.3701171875,-0.341064453125,-0.075439453125,2.9648
13.206106870229007,3.877862595419847,-40.18320610687023,-0.371826171875,-0.34521484375,-0.076171875,2.9665
12.977099236641221,3.969465648854962,-39.80152671755725,-0.3681640625,-0.341552734375,-0.0810546875,2.9682
12.916030534351146,3.954198473282443,-39.3587786259542,-0.3720703125,-0.33837890625,-0.075439453125,2.9699
12.564885496183207,4.091603053435114,-39.221374045801525,-0.368896484375,-0.346435546875,-0.072265625,2.9716
12.50381679389313,4.137404580152672,-38.47328244274809,-0.36474609375,-0.341552734375,-0.081298828125,2.9733
12.305343511450381,4.213740458015267,-38.06106870229008,-0.36376953125,-0.336181640625,-0.07958984375,2.9749999999999996
12.183206106870228,4.305343511450381,-37.32824427480916,-0.364501953125,-0.336669921875,-0.082275390625,2.9766999999999997
12.198473282442748,4.122137404580153,-37.31297709923664,-0.362060546875,-0.34033203125,-0.071044921875,2.9783999999999997
12.16793893129771,4.259541984732825,-36.87022900763359,-0.356689453125,-0.3408203125,-0.078125,2.9800999999999997
11.908396946564885,4.3816793893129775,-36.47328244274809,-0.364501953125,-0.343994140625,-0.0771484375,2.9818
11.816793893129772,4.2748091603053435,-36.16793893129771,-0.3583984375,-0.338134765625,-0.0703125,2.9835
11.740458015267176,4.412213740458015,-35.7557251908397,-0.361328125,-0.335205078125,-0.073486328125,2.9852
11.908396946564885,4.427480916030534,-35.38931297709924,-0.361083984375,-0.33203125,-0.072265625,2.9869
11.969465648854962,4.3816793893129775,-35.404580152671755,-0.35888671875,-0.339599609375,-0.0810546875,2.9886
11.633587786259541,4.244274809160306,-35.06870229007634,-0.3564453125,-0.335693359375,-0.077392578125,2.9903
11.603053435114504,4.152671755725191,-34.67175572519084,-0.356201171875,-0.336181640625,-0.078125,2.992
11.541984732824428,4.1679389312977095,-34.36641221374046,-0.349853515625,-0.336181640625,-0.075927734375,2.9937
11.572519083969466,4.137404580152672,-34.091603053435115,-0.355224609375,-0.342041015625,-0.0732421875,2.9953999999999996
11.49618320610687,4.1679389312977095,-33.847328244274806,-0.361083984375,-0.335693359375,-0.079345703125,2.9970999999999997
11.526717557251908,3.969465648854962,-33.51145038167939,-0.357666015625,-0.335205078125,-0.07470703125,2.9987999999999997
11.541984732824428,4.030534351145038,-33.23664122137404,-0.3505859375,-0.336669921875,-0.085693359375,3.0004999999999997
11.419847328244275,3.8473282442748094,-32.99236641221374,-0.354736328125,-0.343994140625,-0.080322265625,3.0021999999999998
11.49618320610687,3.648854961832061,-32.94656488549618,-0.35791015625,-0.340087890625,-0.084716796875,3.0039
11.541984732824428,3.7404580152671754,-32.61068702290076,-0.349853515625,-0.3408203125,-0.072265625,3.0056
11.312977099236642,3.66412213740458,-32.3206106870229,-0.349853515625,-0.343505859375,-0.0751953125,3.0073
11.32824427480916,3.801526717557252,-32.10687022900763,-0.346923828125,-0.343505859375,-0.078857421875,3.009
11.526717557251908,3.5267175572519083,-31.984732824427482,-0.34814453125,-0.337646484375,-0.08154296875,3.0107
11.419847328244275,3.5114503816793894,-31.862595419847327,-0.347412109375,-0.338134765625,-0.078125,3.0124
11.419847328244275,3.2977099236641223,-31.587786259541986,-0.34423828125,-0.340576171875,-0.07861328125,3.0141
11.312977099236642,3.3282442748091605,-31.358778625954198,-0.35009765625,-0.3447265625,-0.076171875,3.0158
11.465648854961833,3.236641221374046,-30.916030534351144,-0.345458984375,-0.3427734375,-0.0771484375,3.0174999999999996
11.389312977099237,3.2213740458015265,-30.778625954198475,-0.352783203125,-0.34130859375,-0.06787109375,3.0191999999999997
11.358778625954198,3.1603053435114505,-30.625954198473284,-0.351318359375,-0.345458984375,-0.074462890625,3.0208999999999997
11.206106870229007,3.0229007633587788,-30.442748091603054,-0.3447265625,-0.344482421875,-0.08642578125,3.0225999999999997
11.022900763358779,3.0229007633587788,-30.213740458015266,-0.349853515625,-0.342041015625,-0.07275390625,3.0242999999999998
11.145038167938932,2.9618320610687023,-29.862595419847327,-0.351806640625,-0.339599609375,-0.07568359375,3.026
10.992366412213741,2.931297709923664,-29.893129770992367,-0.345703125,-0.34033203125,-0.07666015625,3.0277
10.732824427480915,2.854961832061069,-29.61832061068702,-0.34375,-0.342041015625,-0.08154296875,3.0294
10.732824427480915,2.6564885496183206,-29.404580152671755,-0.341064453125,-0.342529296875,-0.0732421875,3.0311
10.732824427480915,2.564885496183206,-29.114503816793892,-0.35009765625,-0.34130859375,-0.07568359375,3.0328
10.641221374045802,2.4427480916030535,-28.870229007633586,-0.35009765625,-0.3447265625,-0.079345703125,3.0345
10.610687022900763,2.564885496183206,-28.53435114503817,-0.344482421875,-0.345947265625,-0.077880859375,3.0362
10.50381679389313,2.33587786259542,-28.229007633587788,-0.342529296875,-0.348388671875,-0.072509765625,3.0379
10.320610687022901,2.366412213740458,-27.984732824427482,-0.346435546875,-0.34716796875,-0.072021484375,3.0395999999999996
10.061068702290076,2.2748091603053435,-27.755725190839694,-0.345947265625,-0.34423828125,-0.0859375,3.0412999999999997
10.030534351145038,2.0916030534351147,-27.419847328244273,-0.347412109375,-0.349365234375,-0.083740234375,3.0429999999999997
9.938931297709924,2.0610687022900764,-27.16030534351145,-0.343994140625,-0.348876953125,-0.07080078125,3.0446999999999997
9.618320610687023,2.0,-26.870229007633586,-0.3388671875,-0.3505859375,-0.08203125,3.0463999999999998
9.725190839694656,1.8778625954198473,-26.610687022900763,-0.34375,-0.346923828125,-0.078125,3.0481
9.618320610687023,1.8931297709923665,-26.30534351145038,-0.34228515625,-0.343017578125,-0.07470703125,3.0498
9.389312977099237,1.7709923664122138,-26.045801526717558,-0.345947265625,-0.349365234375,-0.072021484375,3.0515
9.49618320610687,1.7404580152671756,-25.740458015267176,-0.344970703125,-0.351318359375,-0.076171875,3.0532
9.17557251908397,1.5267175572519085,-25.572519083969464,-0.3408203125,-0.350341796875,-0.07666015625,3.0549
9.053435114503817,1.450381679389313,-25.206106870229007,-0.33935546875,-0.3525390625,-0.07568359375,3.0566
9.053435114503817,1.297709923664122,-24.99236641221374,-0.3427734375,-0.3486328125,-0.07470703125,3.0583
8.916030534351146,1.1603053435114503,-24.610687022900763,-0.334716796875,-0.3466796875,-0.074951171875,3.0599999999999996
9.007633587786259,1.0534351145038168,-24.48854961832061,-0.33642578125,-0.354736328125,-0.077880859375,3.0616999999999996
8.946564885496183,1.0076335877862594,-24.106870229007633,-0.33642578125,-0.351806640625,-0.0703125,3.0633999999999997
8.82442748091603,0.6870229007633588,-24.12213740458015,-0.33203125,-0.348388671875,-0.077880859375,3.0650999999999997
8.67175572519084,0.7633587786259542,-23.740458015267176,-0.343505859375,-0.353759765625,-0.07080078125,3.0667999999999997
8.641221374045802,0.44274809160305345,-23.66412213740458,-0.340576171875,-0.351318359375,-0.075439453125,3.0685
8.488549618320612,0.42748091603053434,-23.297709923664122,-0.34130859375,-0.349609375,-0.07275390625,3.0702
8.198473282442748,0.4580152671755725,-23.114503816793892,-0.339111328125,-0.34716796875,-0.0673828125,3.0719
8.229007633587786,0.48854961832061067,-22.748091603053435,-0.33203125,-0.349609375,-0.08154296875,3.0736
8.198473282442748,0.44274809160305345,-22.610687022900763,-0.337646484375,-0.35546875,-0.07763671875,3.0753
8.106870229007633,0.16793893129770993,-22.290076335877863,-0.33349609375,-0.356689453125,-0.066650390625,3.077
8.01526717557252,-0.015267175572519083,-22.091603053435115,-0.336181640625,-0.353515625,-0.060791015625,3.0787
8.122137404580153,0.2595419847328244,-21.862595419847327,-0.337890625,-0.35400390625,-0.07275390625,3.0804
8.061068702290076,0.07633587786259542,-21.755725190839694,-0.3408203125,-0.35205078125,-0.0693359375,3.0820999999999996
7.908396946564886,-0.07633587786259542,-21.557251908396946,-0.341064453125,-0.3525390625,-0.06396484375,3.0837999999999997
7.862595419847328,0.061068702290076333,-21.450381679389313,-0.341552734375,-0.353759765625,-0.064453125,3.0854999999999997
7.8320610687022905,-0.04580152671755725,-21.099236641221374,-0.339599609375,-0.35791015625,-0.065185546875,3.0871999999999997
7.66412213740458,0.07633587786259542,-20.946564885496183,-0.3359375,-0.356689453125,-0.070068359375,3.0888999999999998
7.557251908396947,0.07633587786259542,-20.732824427480917,-0.338623046875,-0.358642578125,-0.0712890625,3.0906
7.541984732824427,0.15267175572519084,-20.65648854961832,-0.33935546875,-0.357421875,-0.073486328125,3.0923
7.6183206106870225,0.15267175572519084,-20.38167938931298,-0.35009765625,-0.349365234375,-0.05517578125,3.094
7.603053435114504,0.2595419847328244,-20.396946564885496,-0.341552734375,-0.353759765625,-0.072998046875,3.0957
7.755725190839694,0.3969465648854962,-20.045801526717558,-0.344970703125,-0.3564453125,-0.07275390625,3.0974
7.755725190839694,0.3816793893129771,-19.66412213740458,-0.34326171875,-0.352294921875,-0.07568359375,3.0991
7.419847328244275,0.5190839694656488,-19.52671755725191,-0.35205078125,-0.360595703125,-0.0703125,3.1008
7.343511450381679,0.549618320610687,-19.49618320610687,-0.34814453125,-0.359619140625,-0.067138671875,3.1025
7.4961832061068705,0.6870229007633588,-18.9618320610687,-0.35009765625,-0.359375,-0.069091796875,3.1041999999999996
7.206106870229007,0.6106870229007634,-18.931297709923665,-0.343017578125,-0.349853515625,-0.06298828125,3.1058999999999997
7.435114503816794,0.7938931297709924,-18.671755725190838,-0.34912109375,-0.3544921875,-0.066162109375,3.1075999999999997
7.175572519083969,1.0381679389312977,-18.519083969465647,-0.34765625,-0.358154296875,-0.06591796875,3.1092999999999997
7.236641221374046,1.099236641221374,-18.091603053435115,-0.34716796875,-0.364013671875,-0.0654296875,3.1109999999999998
7.083969465648855,1.083969465648855,-17.770992366412212,-0.3505859375,-0.357666015625,-0.07763671875,3.1127
7.129770992366412,1.2061068702290076,-17.541984732824428,-0.347412109375,-0.359619140625,-0.074462890625,3.1144
7.145038167938932,1.282442748091603,-17.51145038167939,-0.345947265625,-0.36279296875,-0.067138671875,3.1161
6.8396946564885495,1.3587786259541985,-17.0381679389313,-0.346923828125,-0.356689453125,-0.05810546875,3.1178
6.885496183206107,1.450381679389313,-16.931297709923665,-0.346435546875,-0.36083984375,-0.062744140625,3.1195
7.099236641221374,1.8015267175572518,-16.458015267175572,-0.339599609375,-0.362548828125,-0.064208984375,3.1212
6.977099236641221,1.8625954198473282,-16.259541984732824,-0.34912109375,-0.364501953125,-0.064697265625,3.1229
6.732824427480916,1.7709923664122138,-16.0,-0.341064453125,-0.36669921875,-0.065673828125,3.1246
6.67175572519084,1.83206106870229,-15.877862595419847,-0.3427734375,-0.364013671875,-0.066650390625,3.1262999999999996
6.549618320610687,2.1374045801526718,-15.572519083969466,-0.342041015625,-0.36572265625,-0.0625,3.1279999999999997
6.412213740458015,2.1068702290076335,-15.145038167938932,-0.34375,-0.3662109375,-0.066162109375,3.1296999999999997
6.396946564885496,2.198473282442748,-14.885496183206106,-0.3447265625,-0.364501953125,-0.0693359375,3.1313999999999997
6.213740458015267,2.549618320610687,-14.641221374045802,-0.345458984375,-0.3671875,-0.069580078125,3.1330999999999998
5.908396946564886,2.4427480916030535,-14.274809160305344,-0.345947265625,-0.36962890625,-0.0703125,3.1348
5.66412213740458,2.717557251908397,-14.229007633587786,-0.347412109375,-0.3662109375,-0.071533203125,3.1365
5.648854961832061,2.8091603053435112,-13.633587786259541,-0.34765625,-0.367431640625,-0.06494140625,3.1382
5.206106870229007,3.068702290076336,-13.526717557251908,-0.341796875,-0.3720703125,-0.064453125,3.1399
5.083969465648855,2.931297709923664,-13.17557251908397,-0.347412109375,-0.3701171875,-0.07568359375,3.1416
4.99236641221374,3.099236641221374,-12.977099236641221,-0.346923828125,-0.37255859375,-0.064453125,3.1433
4.641221374045801,3.3282442748091605,-12.564885496183207,-0.3408203125,-0.371337890625,-0.060791015625,3.145
4.519083969465649,3.5572519083969465,-12.351145038167939,-0.344482421875,-0.371826171875,-0.068359375,3.1466999999999996
4.213740458015267,3.5267175572519083,-12.183206106870228,-0.3466796875,-0.37158203125,-0.07177734375,3.1483999999999996
4.076335877862595,3.49618320610687,-11.893129770992367,-0.341552734375,-0.372314453125,-0.0654296875,3.1500999999999997
3.9083969465648853,3.6030534351145036,-11.526717557251908,-0.345703125,-0.373291015625,-0.074462890625,3.1517999999999997
3.7557251908396947,3.7099236641221376,-11.404580152671755,-0.346435546875,-0.371826171875,-0.07763671875,3.1534999999999997
3.480916030534351,3.83206106870229,-11.083969465648854,-0.342529296875,-0.36962890625,-0.07470703125,3.1552
3.267175572519084,3.9236641221374047,-11.007633587786259,-0.3388671875,-0.372802734375,-0.06982421875,3.1569
3.1755725190839694,3.801526717557252,-10.442748091603054,-0.343017578125,-0.373291015625,-0.066650390625,3.1586
3.0229007633587788,3.83206106870229,-10.488549618320612,-0.33740234375,-0.366943359375,-0.0673828125,3.1603
2.8396946564885495,3.969465648854962,-10.412213740458014,-0.3427734375,-0.362060546875,-0.066650390625,3.162
3.0381679389312977,4.122137404580153,-10.16793893129771,-0.3388671875,-0.366455078125,-0.068359375,3.1637
2.763358778625954,4.106870229007634,-9.83206106870229,-0.341064453125,-0.362548828125,-0.0751953125,3.1654
2.564885496183206,4.3816793893129775,-9.816793893129772,-0.33935546875,-0.364501953125,-0.068115234375,3.1671
2.4427480916030535,4.366412213740458,-9.664122137404581,-0.34228515625,-0.369384765625,-0.070068359375,3.1687999999999996
2.366412213740458,4.6106870229007635,-9.526717557251908,-0.338134765625,-0.367919921875,-0.068603515625,3.1704999999999997
2.4580152671755724,4.458015267175573,-9.312977099236642,-0.346435546875,-0.36279296875,-0.069091796875,3.1721999999999997
2.015267175572519,4.6106870229007635,-8.916030534351146,-0.335693359375,-0.367919921875,-0.072998046875,3.1738999999999997
1.816793893129771,4.519083969465649,-8.748091603053435,-0.33984375,-0.363037109375,-0.0673828125,3.1755999999999998
2.045801526717557,4.916030534351145,-8.641221374045802,-0.33984375,-0.364501953125,-0.0703125,3.1773
1.9083969465648856,4.885496183206107,-8.534351145038167,-0.341796875,-0.363525390625,-0.063232421875,3.179
1.7099236641221374,5.129770992366412,-8.290076335877863,-0.34033203125,-0.367919921875,-0.07080078125,3.1807
1.6946564885496183,5.1603053435114505,-8.351145038167939,-0.340576171875,-0.366455078125,-0.074951171875,3.1824
1.5267175572519085,5.267175572519084,-8.213740458015268,-0.338134765625,-0.366943359375,-0.073974609375,3.1841
1.3435114503816794,5.267175572519084,-7.923664122137405,-0.3369140625,-0.36474609375,-0.078857421875,3.1858
1.3435114503816794,5.206106870229007,-7.801526717557252,-0.335693359375,-0.36669921875,-0.078125,3.1875
1.3740458015267176,5.251908396946565,-7.480916030534351,-0.340576171875,-0.36376953125,-0.06591796875,3.1892
1.4045801526717556,5.541984732824427,-7.282442748091603,-0.33740234375,-0.369873046875,-0.0791015625,3.1908999999999996
1.0687022900763359,5.633587786259542,-7.083969465648855,-0.335693359375,-0.369384765625,-0.0693359375,3.1925999999999997
0.9923664122137404,5.6183206106870225,-6.732824427480916,-0.337646484375,-0.3701171875,-0.067626953125,3.1942999999999997
0.9007633587786259,5.587786259541985,-6.488549618320611,-0.340087890625,-0.36474609375,-0.075439453125,3.1959999999999997
0.916030534351145,5.557251908396947,-6.137404580152672,-0.33544921875,-0.364501953125,-0.07275390625,3.1976999999999998
0.6870229007633588,5.694656488549619,-6.106870229007634,-0.339599609375,-0.3642578125,-0.071533203125,3.1994
0.5954198473282443,5.679389312977099,-5.7251908396946565,-0.33837890625,-0.3681640625,-0.078125,3.2011
0.549618320610687,5.816793893129771,-5.221374045801527,-0.3369140625,-0.369140625,-0.064453125,3.2028
0.1984732824427481,5.816793893129771,-5.00763358778626,-0.334228515625,-0.370361328125,-0.069091796875,3.2045
0.061068702290076333,5.877862595419847,-4.687022900763359,-0.33984375,-0.372802734375,-0.076171875,3.2062
-0.2595419847328244,5.908396946564886,-4.213740458015267,-0.341796875,-0.37109375,-0.072998046875,3.2079
-0.3816793893129771,5.938931297709924,-3.8473282442748094,-0.34375,-0.3681640625,-0.072265625,3.2096
-0.4122137404580153,5.66412213740458,-3.5114503816793894,-0.336669921875,-0.372314453125,-0.07177734375,3.2112999999999996
-0.6412213740458015,5.8320610687022905,-3.1603053435114505,-0.337646484375,-0.37451171875,-0.070068359375,3.2129999999999996
-0.8091603053435115,5.8320610687022905,-2.7938931297709924,-0.341796875,-0.370361328125,-0.067626953125,3.2146999999999997
-1.083969465648855,5.908396946564886,-2.6717557251908395,-0.337890625,-0.369873046875,-0.06591796875,3.2163999999999997
-1.1908396946564885,5.770992366412214,-2.1526717557251906,-0.33349609375,-0.37060546875,-0.07080078125,3.2180999999999997
-1.4351145038167938,5.862595419847328,-2.16793893129771,-0.339111328125,-0.373046875,-0.070556640625,3.2197999999999998
-1.9236641221374047,5.908396946564886,-2.0916030534351147,-0.337890625,-0.369873046875,-0.067626953125,3.2215
-1.9083969465648856,5.679389312977099,-1.7099236641221374,-0.334716796875,-0.375732421875,-0.072509765625,3.2232
-2.0763358778625953,5.770992366412214,-1.4045801526717556,-0.337646484375,-0.369140625,-0.06591796875,3.2249
-2.213740458015267,5.786259541984733,-1.2213740458015268,-0.333251953125,-0.371337890625,-0.071533203125,3.2266
-2.351145038167939,5.6183206106870225,-1.0534351145038168,-0.333740234375,-0.372802734375,-0.075439453125,3.2283
-2.6412213740458017,5.557251908396947,-1.0076335877862594,-0.329345703125,-0.364990234375,-0.074462890625,3.23
-2.885496183206107,5.603053435114504,-0.6717557251908397,-0.333984375,-0.3701171875,-0.06982421875,3.2317
-2.8244274809160306,5.32824427480916,-0.5954198473282443,-0.331787109375,-0.370361328125,-0.067626953125,3.2333999999999996
-2.9770992366412212,5.236641221374046,-0.44274809160305345,-0.327392578125,-0.368408203125,-0.06298828125,3.2350999999999996
-3.1297709923664123,5.297709923664122,-0.2595419847328244,-0.330322265625,-0.36474609375,-0.06884765625,3.2367999999999997
-3.114503816793893,5.236641221374046,-0.21374045801526717,-0.330322265625,-0.363525390625,-0.072021484375,3.2384999999999997
-3.3282442748091605,5.282442748091603,-0.061068702290076333,-0.32861328125,-0.368408203125,-0.073486328125,3.2401999999999997
-3.3587786259541983,4.809160305343512,0.07633587786259542,-0.333251953125,-0.36474609375,-0.068603515625,3.2419
-3.267175572519084,5.068702290076335,0.0916030534351145,-0.3271484375,-0.367919921875,-0.071533203125,3.2436
-3.404580152671756,5.038167938931298,0.6717557251908397,-0.325927734375,-0.359619140625,-0.072998046875,3.2453
-3.66412213740458,4.748091603053435,0.33587786259541985,-0.322998046875,-0.36474609375,-0.073974609375,3.247
-3.633587786259542,4.702290076335878,0.48854961832061067,-0.327392578125,-0.3671875,-0.07568359375,3.2487
-3.8625954198473282,4.427480916030534,0.8702290076335878,-0.3212890625,-0.36376953125,-0.067626953125,3.2504
-3.984732824427481,4.198473282442748,0.9618320610687023,-0.326904296875,-0.364013671875,-0.072509765625,3.2521
-3.9236641221374047,4.1679389312977095,1.0229007633587786,-0.327880859375,-0.368896484375,-0.07763671875,3.2538
-4.198473282442748,4.030534351145038,1.4198473282442747,-0.32568359375,-0.36669921875,-0.076416015625,3.2554999999999996
-4.320610687022901,4.061068702290076,1.3587786259541985,-0.33056640625,-0.361083984375,-0.080322265625,3.2571999999999997
-4.33587786259542,3.9389312977099236,1.5267175572519085,-0.3291015625,-0.365234375,-0.0712890625,3.2588999999999997
-4.580152671755725,3.816793893129771,1.6030534351145038,-0.327880859375,-0.36474609375,-0.074462890625,3.2605999999999997
-4.9465648854961835,3.7404580152671754,1.6793893129770991,-0.3271484375,-0.36474609375,-0.07275390625,3.2622999999999998
-5.068702290076335,3.7709923664122136,1.5725190839694656,-0.32958984375,-0.370361328125,-0.073486328125,3.264
-5.038167938931298,3.786259541984733,1.8931297709923665,-0.330078125,-0.3662109375,-0.075439453125,3.2657
-5.343511450381679,3.572519083969466,1.83206106870229,-0.332275390625,-0.3701171875,-0.079345703125,3.2674
-5.648854961832061,3.8473282442748094,2.1526717557251906,-0.32763671875,-0.367919921875,-0.078857421875,3.2691
-5.786259541984733,3.7404580152671754,2.3206106870229006,-0.333740234375,-0.368408203125,-0.080810546875,3.2708
-5.938931297709924,3.7099236641221376,2.5343511450381677,-0.333251953125,-0.3740234375,-0.07861328125,3.2725
-6.061068702290076,3.8931297709923665,2.717557251908397,-0.327392578125,-0.3623046875,-0.079833984375,3.2742
-6.0,3.8625954198473282,2.900763358778626,-0.336669921875,-0.364501953125,-0.0771484375,3.2759
-6.427480916030534,3.877862595419847,3.0229007633587788,-0.33740234375,-0.36328125,-0.07275390625,3.2775999999999996
-6.534351145038168,3.801526717557252,3.267175572519084,-0.3310546875,-0.370849609375,-0.0703125,3.2792999999999997
-6.824427480916031,3.66412213740458,3.3740458015267176,-0.33447265625,-0.368896484375,-0.076171875,3.2809999999999997
-6.8396946564885495,3.801526717557252,3.5419847328244276,-0.3310546875,-0.37109375,-0.07568359375,3.2826999999999997
-7.083969465648855,3.8473282442748094,3.83206106870229,-0.334228515625,-0.367431640625,-0.076171875,3.2843999999999998
-7.358778625954199,4.030534351145038,4.2748091603053435,-0.334228515625,-0.3662109375,-0.0791015625,3.2861
-7.480916030534351,4.106870229007634,4.5038167938931295,-0.340576171875,-0.369140625,-0.074462890625,3.2878
-7.557251908396947,4.259541984732825,4.778625954198473,-0.335693359375,-0.364501953125,-0.076904296875,3.2895
-7.694656488549619,4.33587786259542,5.114503816793893,-0.337646484375,-0.367919921875,-0.065673828125,3.2912
-8.01526717557252,4.137404580152672,5.282442748091603,-0.338623046875,-0.371337890625,-0.0693359375,3.2929
-8.396946564885496,4.213740458015267,5.3893129770992365,-0.3359375,-0.367431640625,-0.07373046875,3.2946
-8.50381679389313,4.290076335877862,5.908396946564886,-0.33837890625,-0.36669921875,-0.074462890625,3.2963
-8.641221374045802,4.412213740458015,6.1679389312977095,-0.34130859375,-0.365478515625,-0.07177734375,3.2979999999999996
-8.946564885496183,4.580152671755725,6.3816793893129775,-0.34326171875,-0.369140625,-0.073486328125,3.2996999999999996
-9.129770992366412,4.778625954198473,6.564885496183206,-0.341796875,-0.36572265625,-0.079345703125,3.3013999999999997
-9.129770992366412,4.870229007633588,6.854961832061068,-0.3447265625,-0.3662109375,-0.074462890625,3.3030999999999997
-9.007633587786259,4.977099236641221,7.068702290076335,-0.350341796875,-0.3681640625,-0.073974609375,3.3047999999999997
-9.374045801526718,5.175572519083969,7.511450381679389,-0.34423828125,-0.3623046875,-0.08447265625,3.3064999999999998
-9.541984732824428,5.358778625954199,7.572519083969466,-0.35107421875,-0.363525390625,-0.077880859375,3.3082
-9.48091603053435,5.450381679389313,7.8320610687022905,-0.349853515625,-0.364990234375,-0.07470703125,3.3099
-9.48091603053435,5.572519083969466,8.076335877862595,-0.34423828125,-0.36083984375,-0.069091796875,3.3116
-9.450381679389313,5.816793893129771,8.259541984732824,-0.344482421875,-0.35888671875,-0.08056640625,3.3133
-9.526717557251908,6.0,8.381679389312977,-0.34375,-0.363525390625,-0.07763671875,3.315
-9.557251908396946,5.9541984732824424,8.854961832061068,-0.343994140625,-0.361572265625,-0.079833984375,3.3167
-9.572519083969466,6.183206106870229,9.114503816793894,-0.34716796875,-0.36376953125,-0.08544921875,3.3184
-9.633587786259541,6.259541984732825,9.16030534351145,-0.34521484375,-0.35791015625,-0.078125,3.3200999999999996
-9.664122137404581,6.244274809160306,9.221374045801527,-0.34521484375,-0.362548828125,-0.08251953125,3.3217999999999996
-9.633587786259541,6.366412213740458,9.435114503816793,-0.34716796875,-0.3623046875,-0.070068359375,3.3234999999999997
-9.725190839694656,6.290076335877862,9.664122137404581,-0.34375,-0.356689453125,-0.072021484375,3.3251999999999997
-9.725190839694656,6.259541984732825,9.725190839694656,-0.345703125,-0.354736328125,-0.080810546875,3.3268999999999997
-9.770992366412214,6.351145038167939,9.938931297709924,-0.33935546875,-0.35595703125,-0.074462890625,3.3286
-9.603053435114504,6.595419847328245,10.229007633587786,-0.33642578125,-0.36181640625,-0.076171875,3.3303
-9.541984732824428,6.3816793893129775,10.13740458015267,-0.338623046875,-0.3544921875,-0.0751953125,3.332
-9.511450381679388,6.259541984732825,10.366412213740459,-0.33642578125,-0.354248046875,-0.0830078125,3.3337
-9.755725190839694,6.229007633587786,10.427480916030534,-0.337890625,-0.3603515625,-0.068603515625,3.3354
-9.603053435114504,6.290076335877862,10.702290076335878,-0.33154296875,-0.359130859375,-0.07666015625,3.3371
-9.893129770992367,6.442748091603053,10.641221374045802,-0.328857421875,-0.362060546875,-0.0771484375,3.3388
-9.679389312977099,6.198473282442748,11.099236641221374,-0.335693359375,-0.36279296875,-0.079345703125,3.3405
-9.648854961832061,6.015267175572519,11.038167938931299,-0.332763671875,-0.35791015625,-0.079345703125,3.3421999999999996
-9.755725190839694,5.908396946564886,11.34351145038168,-0.33349609375,-0.35693359375,-0.090087890625,3.3438999999999997
-9.603053435114504,6.076335877862595,11.450381679389313,-0.33251953125,-0.357421875,-0.08154296875,3.3455999999999997
-9.572519083969466,6.015267175572519,11.618320610687023,-0.336669921875,-0.359130859375,-0.07666015625,3.3472999999999997
-9.648854961832061,5.9541984732824424,11.816793893129772,-0.32861328125,-0.357177734375,-0.075927734375,3.3489999999999998
-9.801526717557252,5.770992366412214,12.381679389312977,-0.332275390625,-0.36279296875,-0.067138671875,3.3507
-9.725190839694656,5.526717557251908,12.458015267175572,-0.337158203125,-0.364501953125,-0.07080078125,3.3524
-9.770992366412214,5.404580152671755,12.82442748091603,-0.33935546875,-0.363037109375,-0.07470703125,3.3541
-9.98473282442748,5.312977099236641,13.34351145038168,-0.34228515625,-0.364013671875,-0.07568359375,3.3558
-10.244274809160306,5.358778625954199,13.740458015267176,-0.33740234375,-0.36865234375,-0.07275390625,3.3575
-10.534351145038167,5.206106870229007,14.061068702290076,-0.342529296875,-0.37158203125,-0.072998046875,3.3592
-10.473282442748092,5.190839694656488,14.396946564885496,-0.33984375,-0.371826171875,-0.076171875,3.3609
-10.83969465648855,5.068702290076335,14.732824427480915,-0.3388671875,-0.367431640625,-0.080810546875,3.3626
-11.083969465648854,5.190839694656488,15.282442748091603,-0.341796875,-0.37255859375,-0.07666015625,3.3642999999999996
-11.389312977099237,5.129770992366412,15.603053435114504,-0.341552734375,-0.3740234375,-0.07666015625,3.3659999999999997
-11.648854961832061,5.00763358778626,16.076335877862597,-0.3447265625,-0.37353515625,-0.0771484375,3.3676999999999997
-11.816793893129772,4.885496183206107,16.549618320610687,-0.345703125,-0.37353515625,-0.075439453125,3.3693999999999997
-12.229007633587786,4.870229007633588,17.129770992366414,-0.346923828125,-0.37939453125,-0.080322265625,3.3710999999999998
-12.625954198473282,4.763358778625954,17.46564885496183,-0.350341796875,-0.376953125,-0.079833984375,3.3728
-12.763358778625955,4.519083969465649,17.81679389312977,-0.34765625,-0.36767578125,-0.0693359375,3.3745
-12.80916030534351,4.702290076335878,18.47328244274809,-0.3486328125,-0.370361328125,-0.0830078125,3.3762
-13.312977099236642,4.595419847328245,18.916030534351144,-0.34716796875,-0.371826171875,-0.080078125,3.3779
-13.740458015267176,4.717557251908397,19.46564885496183,-0.34912109375,-0.363525390625,-0.08251953125,3.3796
-13.98473282442748,4.717557251908397,20.15267175572519,-0.35009765625,-0.37060546875,-0.08056640625,3.3813
-14.106870229007633,4.656488549618321,20.412213740458014,-0.34912109375,-0.371337890625,-0.0810546875,3.383
-14.534351145038167,4.625954198473282,20.68702290076336,-0.355224609375,-0.369873046875,-0.081298828125,3.3846999999999996
-14.900763358778626,4.6106870229007635,21.251908396946565,-0.3515625,-0.365478515625,-0.0810546875,3.3863999999999996
-15.068702290076336,4.641221374045801,21.6793893129771,-0.35498046875,-0.36328125,-0.0751953125,3.3880999999999997
-15.419847328244275,4.519083969465649,22.198473282442748,-0.35107421875,-0.361328125,-0.07763671875,3.3897999999999997
-15.450381679389313,4.67175572519084,22.229007633587788,-0.352783203125,-0.3603515625,-0.074462890625,3.3914999999999997
-15.633587786259541,4.67175572519084,22.68702290076336,-0.3525390625,-0.358642578125,-0.073974609375,3.3931999999999998
-16.03053435114504,4.687022900763359,22.83969465648855,-0.352783203125,-0.362548828125,-0.07373046875,3.3949
-15.969465648854962,4.854961832061068,23.099236641221374,-0.349853515625,-0.35693359375,-0.07080078125,3.3966
-16.15267175572519,4.763358778625954,23.221374045801525,-0.34912109375,-0.353759765625,-0.078369140625,3.3983
-16.366412213740457,4.763358778625954,23.374045801526716,-0.3505859375,-0.355712890625,-0.08349609375,3.4
-16.549618320610687,4.977099236641221,23.389312977099237,-0.3515625,-0.3515625,-0.083984375,3.4017
-16.610687022900763,5.0534351145038165,23.374045801526716,-0.3505859375,-0.3505859375,-0.0771484375,3.4034
-16.595419847328245,4.977099236641221,23.6793893129771,-0.34521484375,-0.348876953125,-0.0771484375,3.4051
-16.82442748091603,4.9465648854961835,23.64885496183206,-0.34326171875,-0.3525390625,-0.081298828125,3.4067999999999996
-16.9618320610687,5.022900763358779,23.480916030534353,-0.34716796875,-0.350830078125,-0.0859375,3.4084999999999996
-16.870229007633586,5.129770992366412,23.66412213740458,-0.353759765625,-0.349609375,-0.072998046875,3.4101999999999997
-17.221374045801525,5.1603053435114505,23.435114503816795,-0.347900390625,-0.346923828125,-0.08447265625,3.4118999999999997
-17.099236641221374,5.297709923664122,23.419847328244273,-0.343505859375,-0.351806640625,-0.070556640625,3.4135999999999997
-17.129770992366414,5.343511450381679,23.404580152671755,-0.3447265625,-0.34912109375,-0.076171875,3.4153
-17.206106870229007,5.4961832061068705,23.435114503816795,-0.34765625,-0.350830078125,-0.082275390625,3.417
-17.17557251908397,5.374045801526718,23.358778625954198,-0.3466796875,-0.343505859375,-0.08154296875,3.4187
-17.251908396946565,5.343511450381679,23.480916030534353,-0.34814453125,-0.346923828125,-0.08349609375,3.4204
-17.358778625954198,5.465648854961832,23.34351145038168,-0.35205078125,-0.347412109375,-0.08251953125,3.4221
-17.389312977099237,5.541984732824427,23.51145038167939,-0.350830078125,-0.339599609375,-0.078857421875,3.4238
-17.480916030534353,5.679389312977099,23.49618320610687,-0.353271484375,-0.340087890625,-0.06982421875,3.4255
-17.389312977099237,5.709923664122138,23.770992366412212,-0.35107421875,-0.33837890625,-0.080810546875,3.4272
-17.557251908396946,5.770992366412214,23.52671755725191,-0.3466796875,-0.336181640625,-0.080810546875,3.4288999999999996
-17.46564885496183,5.847328244274809,23.770992366412212,-0.35009765625,-0.335693359375,-0.08056640625,3.4305999999999996
-17.587786259541986,5.862595419847328,23.786259541984734,-0.3544921875,-0.3388671875,-0.086181640625,3.4322999999999997
-17.587786259541986,5.938931297709924,23.87786259541985,-0.352783203125,-0.33984375,-0.086181640625,3.4339999999999997
-17.541984732824428,6.1679389312977095,24.12213740458015,-0.354248046875,-0.334716796875,-0.08251953125,3.4356999999999998
-17.801526717557252,6.259541984732825,24.33587786259542,-0.355712890625,-0.344482421875,-0.08154296875,3.4374
-17.83206106870229,6.198473282442748,24.16793893129771,-0.351806640625,-0.34423828125,-0.08837890625,3.4391
-17.81679389312977,6.305343511450381,24.519083969465647,-0.35302734375,-0.34228515625,-0.085205078125,3.4408
-17.87786259541985,6.412213740458015,24.48854961832061,-0.358642578125,-0.335693359375,-0.088134765625,3.4425
-18.03053435114504,6.67175572519084,24.916030534351144,-0.356201171875,-0.33740234375,-0.087646484375,3.4442
-17.984732824427482,6.824427480916031,25.022900763358777,-0.35888671875,-0.341552734375,-0.08837890625,3.4459
-17.96946564885496,6.687022900763359,25.14503816793893,-0.360595703125,-0.33203125,-0.088134765625,3.4476
-18.213740458015266,6.748091603053435,25.34351145038168,-0.361572265625,-0.339599609375,-0.089111328125,3.4492999999999996
-18.3206106870229,7.00763358778626,25.572519083969464,-0.35888671875,-0.34326171875,-0.087890625,3.4509999999999996
-18.366412213740457,7.083969465648855,25.572519083969464,-0.359375,-0.33544921875,-0.096435546875,3.4526999999999997
-18.549618320610687,7.374045801526718,25.938931297709924,-0.35986328125,-0.338134765625,-0.0908203125,3.4543999999999997
-18.412213740458014,7.526717557251908,25.81679389312977,-0.36279296875,-0.34033203125,-0.085205078125,3.4560999999999997
-18.35114503816794,7.526717557251908,26.18320610687023,-0.359619140625,-0.3359375,-0.085205078125,3.4577999999999998
-18.641221374045802,7.709923664122138,26.015267175572518,-0.35791015625,-0.341796875,-0.087646484375,3.4595
-18.610687022900763,7.877862595419847,26.259541984732824,-0.360107421875,-0.333740234375,-0.09619140625,3.4612
-18.671755725190838,7.877862595419847,26.27480916030534,-0.359375,-0.337158203125,-0.087646484375,3.4629
-18.763358778625953,7.923664122137405,26.564885496183205,-0.36083984375,-0.3369140625,-0.08740234375,3.4646
-19.022900763358777,8.106870229007633,26.33587786259542,-0.35888671875,-0.340576171875,-0.08154296875,3.4663
-19.022900763358777,8.259541984732824,26.702290076335878,-0.359130859375,-0.337890625,-0.0888671875,3.468
-19.19083969465649,8.274809160305344,26.85496183206107,-0.36083984375,-0.335693359375,-0.08935546875,3.4697
-18.977099236641223,8.381679389312977,26.916030534351144,-0.358154296875,-0.337646484375,-0.093017578125,3.4713999999999996
-19.267175572519083,8.50381679389313,26.641221374045802,-0.356689453125,-0.337646484375,-0.078125,3.4730999999999996
-19.419847328244273,8.549618320610687,26.717557251908396,-0.3603515625,-0.336181640625,-0.0859375,3.4747999999999997
-19.480916030534353,8.900763358778626,26.732824427480917,-0.366455078125,-0.330810546875,-0.100341796875,3.4764999999999997
-19.374045801526716,8.702290076335878,26.99236641221374,-0.3603515625,-0.3369140625,-0.10009765625,3.4781999999999997
-19.587786259541986,8.870229007633588,26.793893129770993,-0.35888671875,-0.3291015625,-0.095458984375,3.4798999999999998
-19.709923664122137,8.946564885496183,26.82442748091603,-0.364501953125,-0.327880859375,-0.09619140625,3.4816
-19.81679389312977,9.022900763358779,26.946564885496183,-0.3603515625,-0.330810546875,-0.091796875,3.4833
-19.72519083969466,9.038167938931299,26.977099236641223,-0.359619140625,-0.32666015625,-0.087646484375,3.485
-19.893129770992367,9.114503816793894,26.900763358778626,-0.35595703125,-0.327392578125,-0.08984375,3.4867
-19.862595419847327,9.083969465648854,26.99236641221374,-0.35693359375,-0.3291015625,-0.097412109375,3.4884
-20.03053435114504,9.007633587786259,26.702290076335878,-0.35791015625,-0.323974609375,-0.095947265625,3.4901
-20.12213740458015,9.282442748091603,27.068702290076335,-0.355224609375,-0.325927734375,-0.09375,3.4918
-20.0,9.053435114503817,26.931297709923665,-0.35498046875,-0.32763671875,-0.09033203125,3.4934999999999996
-20.106870229007633,9.083969465648854,27.0381679389313,-0.3544921875,-0.3271484375,-0.10205078125,3.4951999999999996
-20.137404580152673,8.916030534351146,26.793893129770993,-0.355224609375,-0.32568359375,-0.09521484375,3.4968999999999997
-20.396946564885496,8.885496183206106,26.732824427480917,-0.35693359375,-0.3291015625,-0.103759765625,3.4985999999999997
-20.519083969465647,9.053435114503817,26.900763358778626,-0.357177734375,-0.327392578125,-0.102294921875,3.5002999999999997
-20.595419847328245,8.82442748091603,27.00763358778626,-0.35009765625,-0.331787109375,-0.0947265625,3.502
-20.717557251908396,8.870229007633588,26.900763358778626,-0.349853515625,-0.333251953125,-0.0927734375,3.5037
-20.65648854961832,8.687022900763358,27.374045801526716,-0.3544921875,-0.330810546875,-0.099365234375,3.5054
-21.068702290076335,8.51908396946565,27.267175572519083,-0.354248046875,-0.3369140625,-0.100341796875,3.5071
-21.129770992366414,8.366412213740459,27.221374045801525,-0.35546875,-0.326416015625,-0.09716796875,3.5088
-21.297709923664122,8.534351145038167,27.52671755725191,-0.3544921875,-0.33544921875,-0.10205078125,3.5105
-21.61832061068702,8.122137404580153,27.541984732824428,-0.3515625,-0.3310546875,-0.104736328125,3.5122
-21.740458015267176,7.938931297709924,27.740458015267176,-0.3525390625,-0.332275390625,-0.1015625,3.5139
-21.923664122137403,7.893129770992366,28.061068702290076,-0.35791015625,-0.3291015625,-0.099365234375,3.5155999999999996
-22.076335877862597,7.770992366412214,28.137404580152673,-0.354736328125,-0.329345703125,-0.102294921875,3.5172999999999996
-22.396946564885496,7.572519083969466,28.519083969465647,-0.359619140625,-0.33056640625,-0.09375,3.5189999999999997
-22.625954198473284,7.419847328244275,28.82442748091603,-0.359130859375,-0.336181640625,-0.095458984375,3.5206999999999997
-22.748091603053435,7.572519083969466,29.053435114503817,-0.36474609375,-0.333984375,-0.0986328125,3.5223999999999998
-22.916030534351144,7.343511450381679,29.129770992366414,-0.363525390625,-0.337890625,-0.100341796875,3.5241
-23.14503816793893,7.129770992366412,29.64885496183206,-0.358642578125,-0.331298828125,-0.105224609375,3.5258
-23.404580152671755,6.870229007633588,29.954198473282442,-0.36181640625,-0.328857421875,-0.097900390625,3.5275
-23.450381679389313,6.977099236641221,30.091603053435115,-0.360107421875,-0.32763671875,-0.0947265625,3.5292
-23.83206106870229,6.931297709923665,30.595419847328245,-0.355224609375,-0.32666015625,-0.104248046875,3.5309
-23.81679389312977,6.67175572519084,30.9618320610687,-0.361328125,-0.326904296875,-0.1064453125,3.5326
-24.137404580152673,6.778625954198473,31.17557251908397,-0.357421875,-0.326171875,-0.101806640625,3.5343
-24.35114503816794,6.519083969465649,31.61832061068702,-0.36328125,-0.327880859375,-0.100341796875,3.5359999999999996
-24.427480916030536,6.33587786259542,31.81679389312977,-0.364501953125,-0.32861328125,-0.098876953125,3.5376999999999996
-24.80916030534351,6.442748091603053,32.2442748091603,-0.36181640625,-0.325439453125,-0.10693359375,3.5393999999999997
-24.99236641221374,6.290076335877862,32.51908396946565,-0.364013671875,-0.32275390625,-0.096435546875,3.5410999999999997
-24.885496183206108,6.0,33.038167938931295,-0.36572265625,-0.32275390625,-0.10400390625,3.5427999999999997
-25.17557251908397,6.061068702290076,33.23664122137404,-0.37109375,-0.319580078125,-0.1015625,3.5444999999999998
-25.358778625954198,6.015267175572519,33.41984732824427,-0.370361328125,-0.3193359375,-0.1044921875,3.5462
-25.404580152671755,5.969465648854962,33.74045801526717,-0.370361328125,-0.318359375,-0.109130859375,3.5479
-25.374045801526716,5.877862595419847,33.80152671755725,-0.369384765625,-0.317626953125,-0.103271484375,3.5496
-25.34351145038168,6.015267175572519,34.06106870229008,-0.371826171875,-0.31103515625,-0.109130859375,3.5513
-25.52671755725191,5.816793893129771,34.30534351145038,-0.36669921875,-0.310791015625,-0.104736328125,3.553
-25.557251908396946,5.8320610687022905,34.19847328244275,-0.37060546875,-0.310302734375,-0.1083984375,3.5547
-25.358778625954198,5.648854961832061,34.36641221374046,-0.36865234375,-0.30517578125,-0.106689453125,3.5564
-25.52671755725191,5.9541984732824424,34.44274809160305,-0.37451171875,-0.307861328125,-0.11474609375,3.5580999999999996
-25.603053435114504,5.862595419847328,34.68702290076336,-0.37060546875,-0.302734375,-0.110595703125,3.5597999999999996
-25.541984732824428,5.8320610687022905,34.44274809160305,-0.376220703125,-0.30126953125,-0.1083984375,3.5614999999999997
-25.480916030534353,5.893129770992366,34.44274809160305,-0.37451171875,-0.302734375,-0.105224609375,3.5631999999999997
-25.435114503816795,5.969465648854962,34.458015267175576,-0.369873046875,-0.297607421875,-0.107421875,3.5648999999999997
-25.0381679389313,5.877862595419847,34.42748091603053,-0.373291015625,-0.2978515625,-0.11962890625,3.5665999999999998
-24.916030534351144,5.770992366412214,34.458015267175576,-0.37451171875,-0.2978515625,-0.113037109375,3.5683
-24.916030534351144,5.893129770992366,34.25954198473283,-0.372802734375,-0.2939453125,-0.105224609375,3.57
-24.717557251908396,5.908396946564886,34.33587786259542,-0.371337890625,-0.291748046875,-0.115478515625,3.5717
-24.564885496183205,5.709923664122138,34.19847328244275,-0.365966796875,-0.29541015625,-0.1103515625,3.5734
-24.458015267175572,5.679389312977099,34.152671755725194,-0.369384765625,-0.291748046875,-0.109375,3.5751
-24.366412213740457,5.740458015267175,33.969465648854964,-0.371337890625,-0.29345703125,-0.1142578125,3.5768
-24.244274809160306,5.709923664122138,33.98473282442748,-0.369384765625,-0.29736328125,-0.111572265625,3.5785
-24.213740458015266,5.679389312977099,34.06106870229008,-0.3662109375,-0.296142578125,-0.109130859375,3.5801999999999996
-24.229007633587788,5.572519083969466,34.091603053435115,-0.3671875,-0.298828125,-0.107421875,3.5818999999999996
-24.0,5.66412213740458,34.0,-0.368896484375,-0.297607421875,-0.11181640625,3.5835999999999997
-24.076335877862597,5.3893129770992365,34.229007633587784,-0.36767578125,-0.297119140625,-0.113525390625,3.5852999999999997
-24.076335877862597,5.190839694656488,34.0763358778626,-0.37255859375,-0.299072265625,-0.108642578125,3.5869999999999997
-24.259541984732824,5.099236641221374,34.18320610687023,-0.3662109375,-0.308837890625,-0.109130859375,3.5887
-24.38167938931298,4.977099236641221,34.458015267175576,-0.368408203125,-0.308349609375,-0.10546875,3.5904
-24.564885496183205,4.977099236641221,34.48854961832061,-0.36669921875,-0.3076171875,-0.10498046875,3.5921
-24.80916030534351,4.763358778625954,34.67175572519084,-0.367919921875,-0.303955078125,-0.1083984375,3.5938
-24.80916030534351,4.595419847328245,34.900763358778626,-0.363525390625,-0.306640625,-0.101318359375,3.5955
-25.19083969465649,4.3816793893129775,35.14503816793893,-0.365234375,-0.311279296875,-0.104736328125,3.5972
-25.374045801526716,4.259541984732825,35.49618320610687,-0.368408203125,-0.31494140625,-0.110107421875,3.5989
-25.923664122137403,4.137404580152672,35.61832061068702,-0.371826171875,-0.308837890625,-0.108642578125,3.6005999999999996
-26.076335877862597,3.6946564885496183,36.0,-0.366943359375,-0.307861328125,-0.113037109375,3.6022999999999996
-26.396946564885496,3.648854961832061,35.969465648854964,-0.370849609375,-0.309326171875,-0.12060546875,3.6039999999999996
-26.65648854961832,3.7251908396946565,36.396946564885496,-0.36376953125,-0.3095703125,-0.106689453125,3.6056999999999997
-26.977099236641223,3.5572519083969465,36.458015267175576,-0.368896484375,-0.310791015625,-0.11376953125,3.6073999999999997
-27.297709923664122,3.2977099236641223,36.83969465648855,-0.37646484375,-0.3076171875,-0.111083984375,3.6090999999999998
-27.572519083969464,3.282442748091603,36.93129770992366,-0.376220703125,-0.305908203125,-0.111083984375,3.6108
-27.587786259541986,3.0839694656488548,37.19083969465649,-0.3798828125,-0.303466796875,-0.11181640625,3.6125
-27.954198473282442,3.1755725190839694,37.25190839694657,-0.377685546875,-0.30126953125,-0.104736328125,3.6142
-28.137404580152673,3.099236641221374,37.49618320610687,-0.383056640625,-0.30029296875,-0.11279296875,3.6159
-28.244274809160306,3.0076335877862594,37.57251908396947,-0.386962890625,-0.296630859375,-0.108154296875,3.6176
-28.137404580152673,3.0381679389312977,37.86259541984733,-0.37939453125,-0.29296875,-0.11328125,3.6193
-28.33587786259542,3.236641221374046,37.89312977099237,-0.380126953125,-0.291259765625,-0.1064453125,3.621
-28.244274809160306,3.2061068702290076,38.01526717557252,-0.383544921875,-0.2841796875,-0.1171875,3.6226999999999996
-28.137404580152673,3.099236641221374,38.2442748091603,-0.381103515625,-0.28125,-0.1162109375,3.6243999999999996
-28.03053435114504,3.0839694656488548,38.16793893129771,-0.38134765625,-0.283447265625,-0.119140625,3.6260999999999997
-27.954198473282442,3.099236641221374,38.12213740458015,-0.385009765625,-0.274658203125,-0.119873046875,3.6277999999999997
-27.572519083969464,3.2519083969465647,38.229007633587784,-0.38720703125,-0.270751953125,-0.1181640625,3.6294999999999997
-27.404580152671755,3.5419847328244276,38.213740458015266,-0.388427734375,-0.27099609375,-0.11572265625,3.6311999999999998
-27.328244274809162,3.4656488549618323,38.3206106870229,-0.384033203125,-0.267822265625,-0.119873046875,3.6329
-26.80916030534351,3.6030534351145036,38.213740458015266,-0.38720703125,-0.262451171875,-0.123291015625,3.6346
-26.610687022900763,3.648854961832061,38.35114503816794,-0.38720703125,-0.265625,-0.11767578125,3.6363
-26.18320610687023,3.816793893129771,38.19847328244275,-0.388671875,-0.25927734375,-0.12646484375,3.638
-25.87786259541985,3.83206106870229,38.42748091603053,-0.39013671875,-0.257568359375,-0.121826171875,3.6397
-25.572519083969464,3.801526717557252,38.030534351145036,-0.390380859375,-0.258056640625,-0.123291015625,3.6414
-25.282442748091604,4.152671755725191,38.091603053435115,-0.39208984375,-0.258544921875,-0.122802734375,3.6431
-25.0381679389313,4.320610687022901,38.045801526717554,-0.39453125,-0.266845703125,-0.118408203125,3.6447999999999996
-24.671755725190838,4.366412213740458,38.229007633587784,-0.390380859375,-0.263427734375,-0.125732421875,3.6464999999999996
-24.35114503816794,4.534351145038168,37.89312977099237,-0.391357421875,-0.261474609375,-0.11962890625,3.6481999999999997
-24.137404580152673,4.687022900763359,37.954198473282446,-0.388427734375,-0.263916015625,-0.12646484375,3.6498999999999997
-23.954198473282442,4.854961832061068,37.83206106870229,-0.3916015625,-0.26171875,-0.1259765625,3.6515999999999997
-23.740458015267176,4.885496183206107,37.9236641221374,-0.385986328125,-0.26708984375,-0.12646484375,3.6532999999999998
-23.572519083969464,5.068702290076335,38.030534351145036,-0.38818359375,-0.271240234375,-0.1259765625,3.655
-23.221374045801525,5.297709923664122,37.908396946564885,-0.390625,-0.266357421875,-0.12255859375,3.6567
-23.31297709923664,5.358778625954199,37.6793893129771,-0.38671875,-0.262939453125,-0.126708984375,3.6584
-23.0381679389313,5.435114503816794,37.954198473282446,-0.38818359375,-0.267333984375,-0.12646484375,3.6601
-23.053435114503817,5.267175572519084,37.770992366412216,-0.386474609375,-0.268310546875,-0.124755859375,3.6618
-22.977099236641223,5.068702290076335,38.06106870229008,-0.387451171875,-0.268798828125,-0.12451171875,3.6635
-23.14503816793893,4.931297709923665,37.847328244274806,-0.379150390625,-0.27392578125,-0.134033203125,3.6652
-23.19083969465649,4.824427480916031,38.213740458015266,-0.379638671875,-0.276123046875,-0.130859375,3.6668999999999996
-23.31297709923664,4.687022900763359,38.412213740458014,-0.378662109375,-0.27294921875,-0.130859375,3.6685999999999996
-23.31297709923664,4.778625954198473,38.595419847328245,-0.37890625,-0.269287109375,-0.124755859375,3.6702999999999997
-23.17557251908397,4.549618320610687,38.85496183206107,-0.38330078125,-0.274658203125,-0.129638671875,3.6719999999999997
-23.572519083969464,4.488549618320611,39.02290076335878,-0.378662109375,-0.273193359375,-0.127685546875,3.6736999999999997
-23.786259541984734,4.290076335877862,38.778625954198475,-0.383056640625,-0.274658203125,-0.11865234375,3.6754
-23.862595419847327,4.0458015267175576,39.221374045801525,-0.376953125,-0.27587890625,-0.136962890625,3.6771
-24.15267175572519,3.954198473282443,39.343511450381676,-0.378173828125,-0.273193359375,-0.141357421875,3.6788
-24.3206106870229,3.7251908396946565,39.41984732824427,-0.37646484375,-0.27734375,-0.135986328125,3.6805
-24.27480916030534,3.435114503816794,39.603053435114504,-0.3818359375,-0.276611328125,-0.1259765625,3.6822
-24.549618320610687,3.3282442748091605,39.74045801526717,-0.38671875,-0.272216796875,-0.123779296875,3.6839
-24.748091603053435,3.236641221374046,39.6793893129771,-0.384765625,-0.272216796875,-0.1279296875,3.6856
-24.717557251908396,3.282442748091603,39.80152671755725,-0.3828125,-0.271240234375,-0.133056640625,3.6872999999999996
-24.748091603053435,2.8244274809160306,40.0,-0.38232421875,-0.269775390625,-0.1318359375,3.6889999999999996
-24.82442748091603,2.7938931297709924,40.10687022900763,-0.38623046875,-0.270751953125,-0.132568359375,3.6906999999999996
-24.931297709923665,2.6106870229007635,40.01526717557252,-0.3828125,-0.2685546875,-0.13232421875,3.6923999999999997
-24.916030534351144,2.427480916030534,40.10687022900763,-0.3818359375,-0.271240234375,-0.133056640625,3.6940999999999997
-24.83969465648855,2.2748091603053435,40.01526717557252,-0.384033203125,-0.267333984375,-0.130859375,3.6957999999999998
-24.9618320610687,2.0,40.045801526717554,-0.384765625,-0.263671875,-0.129638671875,3.6975
-25.206106870229007,1.8473282442748091,40.091603053435115,-0.39013671875,-0.2646484375,-0.131103515625,3.6992
-25.16030534351145,1.6946564885496183,40.0763358778626,-0.385986328125,-0.263916015625,-0.135009765625,3.7009
-25.450381679389313,1.4809160305343512,40.229007633587784,-0.38330078125,-0.2666015625,-0.13232421875,3.7026
-25.450381679389313,1.3129770992366412,40.12213740458015,-0.385986328125,-0.263427734375,-0.13134765625,3.7043
-25.328244274809162,1.2061068702290076,40.213740458015266,-0.3818359375,-0.258544921875,-0.140869140625,3.706
-25.358778625954198,1.1297709923664123,40.152671755725194,-0.384521484375,-0.2578125,-0.135498046875,3.7077
-25.389312977099237,0.9923664122137404,40.3206106870229,-0.38818359375,-0.26025390625,-0.135986328125,3.7093999999999996
-25.34351145038168,0.916030534351145,40.30534351145038,-0.3896484375,-0.249267578125,-0.138427734375,3.7110999999999996
-25.435114503816795,1.0076335877862594,40.229007633587784,-0.390380859375,-0.252197265625,-0.13525390625,3.7127999999999997
-25.404580152671755,0.9312977099236641,40.412213740458014,-0.392822265625,-0.25146484375,-0.1416015625,3.7144999999999997
-25.374045801526716,0.6259541984732825,40.44274809160305,-0.389892578125,-0.254150390625,-0.140869140625,3.7161999999999997
-25.404580152671755,0.5343511450381679,40.3206106870229,-0.38818359375,-0.25390625,-0.142578125,3.7178999999999998
-25.435114503816795,0.3969465648854962,40.44274809160305,-0.390869140625,-0.257080078125,-0.142578125,3.7196
-25.435114503816795,0.21374045801526717,40.68702290076336,-0.389404296875,-0.250732421875,-0.138427734375,3.7213
-25.389312977099237,0.2595419847328244,40.534351145038165,-0.39404296875,-0.25048828125,-0.14453125,3.723
-25.31297709923664,0.22900763358778625,40.54961832061068,-0.3935546875,-0.250244140625,-0.140869140625,3.7247
-25.221374045801525,-0.16793893129770993,40.68702290076336,-0.39453125,-0.25048828125,-0.13671875,3.7264
-25.374045801526716,-0.12213740458015267,40.74809160305343,-0.395263671875,-0.24755859375,-0.1416015625,3.7281
-25.31297709923664,0.07633587786259542,40.83969465648855,-0.388916015625,-0.24658203125,-0.136962890625,3.7298
-25.374045801526716,-0.24427480916030533,40.93129770992366,-0.39599609375,-0.24267578125,-0.14599609375,3.7314999999999996
-25.34351145038168,-0.3053435114503817,40.94656488549618,-0.3974609375,-0.246826171875,-0.14306640625,3.7331999999999996
-25.19083969465649,-0.366412213740458,41.06870229007634,-0.392333984375,-0.249267578125,-0.141357421875,3.7348999999999997
-25.129770992366414,-0.32061068702290074,41.083969465648856,-0.394287109375,-0.248779296875,-0.13671875,3.7365999999999997
-25.14503816793893,-0.5038167938931297,41.23664122137404,-0.396484375,-0.25439453125,-0.13623046875,3.7382999999999997
-25.46564885496183,-0.48854961832061067,41.282442748091604,-0.3974609375,-0.25927734375,-0.135498046875,3.7399999999999998
-25.251908396946565,-0.5648854961832062,41.343511450381676,-0.39697265625,-0.257080078125,-0.13720703125,3.7417
-25.34351145038168,-0.7633587786259542,41.7557251908397,-0.400146484375,-0.251953125,-0.138916015625,3.7434
-25.358778625954198,-0.5801526717557252,41.98473282442748,-0.39990234375,-0.259521484375,-0.142822265625,3.7451
-25.450381679389313,-0.5648854961832062,42.29007633587786,-0.402099609375,-0.25244140625,-0.13720703125,3.7468
-25.572519083969464,-0.8549618320610687,42.47328244274809,-0.3974609375,-0.254150390625,-0.1279296875,3.7485
-25.69465648854962,-0.8244274809160306,42.900763358778626,-0.39794921875,-0.25341796875,-0.138916015625,3.7502
-25.923664122137403,-0.7786259541984732,43.19083969465649,-0.39990234375,-0.25634765625,-0.13916015625,3.7519
-26.137404580152673,-1.0076335877862594,43.38931297709924,-0.4013671875,-0.25244140625,-0.12890625,3.7535999999999996
-26.045801526717558,-1.083969465648855,43.70992366412214,-0.398193359375,-0.26171875,-0.140625,3.7552999999999996
-26.65648854961832,-1.2213740458015268,43.87786259541985,-0.39794921875,-0.255859375,-0.145263671875,3.7569999999999997
-26.82442748091603,-1.251908396946565,43.87786259541985,-0.401611328125,-0.25732421875,-0.137451171875,3.7586999999999997
-26.83969465648855,-1.3893129770992367,44.3206106870229,-0.4033203125,-0.2529296875,-0.138916015625,3.7603999999999997
-27.083969465648856,-1.2213740458015268,44.38167938931298,-0.404296875,-0.25341796875,-0.139892578125,3.7620999999999998
-27.34351145038168,-1.1145038167938932,44.717557251908396,-0.405517578125,-0.247314453125,-0.136474609375,3.7638
-27.236641221374047,-0.9923664122137404,44.67175572519084,-0.406005859375,-0.2451171875,-0.1396484375,3.7655
-27.267175572519083,-1.2366412213740459,44.85496183206107,-0.406982421875,-0.24658203125,-0.140380859375,3.7672
-27.328244274809162,-1.1603053435114503,44.961832061068705,-0.40380859375,-0.244140625,-0.13623046875,3.7689
-27.52671755725191,-1.1450381679389312,45.19083969465649,-0.401611328125,-0.242919921875,-0.13671875,3.7706
-27.572519083969464,-1.2213740458015268,45.05343511450382,-0.402587890625,-0.23876953125,-0.143310546875,3.7723
-27.480916030534353,-1.251908396946565,45.16030534351145,-0.405517578125,-0.242919921875,-0.1376953125,3.7739999999999996
-27.435114503816795,-1.1450381679389312,45.14503816793893,-0.40771484375,-0.238525390625,-0.138916015625,3.7756999999999996
-27.801526717557252,-1.083969465648855,45.41984732824427,-0.418212890625,-0.243896484375,-0.142578125,3.7773999999999996
-27.893129770992367,-0.9618320610687023,45.43511450381679,-0.4150390625,-0.240966796875,-0.133544921875,3.7790999999999997
-27.709923664122137,-0.8244274809160306,45.64885496183206,-0.408203125,-0.236328125,-0.14013671875,3.7807999999999997
-27.87786259541985,-0.8702290076335878,45.64885496183206,-0.409423828125,-0.234375,-0.138916015625,3.7824999999999998
-27.69465648854962,-0.6412213740458015,45.786259541984734,-0.4091796875,-0.2373046875,-0.137939453125,3.7842
-27.435114503816795,-0.549618320610687,45.770992366412216,-0.40869140625,-0.232666015625,-0.141845703125,3.7859
-27.61832061068702,-0.549618320610687,45.89312977099237,-0.41015625,-0.23388671875,-0.150390625,3.7876
-27.572519083969464,-0.3511450381679389,45.6793893129771,-0.402099609375,-0.231689453125,-0.142333984375,3.7893
-27.66412213740458,-0.549618320610687,45.70992366412214,-0.4052734375,-0.227783203125,-0.1435546875,3.791
-27.633587786259543,-0.48854961832061067,45.55725190839695,-0.41064453125,-0.228515625,-0.13720703125,3.7927
-27.81679389312977,-0.5038167938931297,45.61832061068702,-0.40966796875,-0.226806640625,-0.138427734375,3.7944
-27.49618320610687,-0.42748091603053434,45.48091603053435,-0.414306640625,-0.222900390625,-0.14111328125,3.7960999999999996
-27.328244274809162,-0.3969465648854962,45.770992366412216,-0.416015625,-0.221435546875,-0.1396484375,3.7977999999999996
-27.236641221374047,-0.32061068702290074,45.48091603053435,-0.40869140625,-0.211181640625,-0.150634765625,3.7994999999999997
-27.053435114503817,-0.1984732824427481,45.55725190839695,-0.404052734375,-0.21484375,-0.153076171875,3.8011999999999997
-27.022900763358777,-0.2748091603053435,45.17557251908397,-0.407958984375,-0.21337890625,-0.1396484375,3.8028999999999997
-26.885496183206108,-0.12213740458015267,45.37404580152672,-0.41064453125,-0.2177734375,-0.151611328125,3.8045999999999998
-26.793893129770993,-0.183206106870229,44.83969465648855,-0.410400390625,-0.212890625,-0.1435546875,3.8063
-26.717557251908396,-0.33587786259541985,44.656488549618324,-0.41162109375,-0.216064453125,-0.14306640625,3.808
-26.580152671755727,-0.4732824427480916,44.67175572519084,-0.410888671875,-0.21826171875,-0.146728515625,3.8097
-26.244274809160306,-0.2595419847328244,44.717557251908396,-0.4072265625,-0.211669921875,-0.150146484375,3.8114
-26.38167938931298,-0.3053435114503817,44.50381679389313,-0.40771484375,-0.212890625,-0.140380859375,3.8131
-26.16793893129771,-0.13740458015267176,44.42748091603053,-0.409912109375,-0.208740234375,-0.153076171875,3.8148
-26.0,-0.1984732824427481,44.16793893129771,-0.407470703125,-0.20849609375,-0.14794921875,3.8165
-26.0,-0.4580152671755725,44.33587786259542,-0.40380859375,-0.21142578125,-0.146484375,3.8181999999999996
-25.740458015267176,-0.4732824427480916,43.908396946564885,-0.401611328125,-0.206298828125,-0.1435546875,3.8198999999999996
-25.786259541984734,-0.7633587786259542,43.89312977099237,-0.407470703125,-0.207275390625,-0.148681640625,3.8215999999999997
-25.435114503816795,-0.732824427480916,43.786259541984734,-0.4072265625,-0.211669921875,-0.146484375,3.8232999999999997
-25.14503816793893,-0.916030534351145,43.80152671755725,-0.4130859375,-0.20849609375,-0.14453125,3.8249999999999997
-25.251908396946565,-1.099236641221374,43.74045801526717,-0.41455078125,-0.20654296875,-0.144287109375,3.8266999999999998
-24.916030534351144,-0.9312977099236641,43.786259541984734,-0.404296875,-0.20849609375,-0.146728515625,3.8284
-25.00763358778626,-0.9618320610687023,43.587786259541986,-0.407470703125,-0.21044921875,-0.142578125,3.8301
-24.916030534351144,-0.9312977099236641,43.61832061068702,-0.40673828125,-0.21142578125,-0.144287109375,3.8318
-24.85496183206107,-1.0534351145038168,43.48091603053435,-0.420166015625,-0.214111328125,-0.142578125,3.8335
-24.977099236641223,-1.297709923664122,43.725190839694655,-0.4111328125,-0.211181640625,-0.14599609375,3.8352
-24.977099236641223,-1.4198473282442747,43.63358778625954,-0.410400390625,-0.2158203125,-0.142578125,3.8369
-24.9618320610687,-1.4351145038167938,43.969465648854964,-0.4111328125,-0.210693359375,-0.148193359375,3.8385999999999996
-25.068702290076335,-1.6488549618320612,44.01526717557252,-0.4130859375,-0.2099609375,-0.148193359375,3.8402999999999996
-25.17557251908397,-1.8015267175572518,44.412213740458014,-0.41455078125,-0.2119140625,-0.153564453125,3.8419999999999996
-25.267175572519083,-1.6641221374045803,44.29007633587786,-0.41455078125,-0.2080078125,-0.148193359375,3.8436999999999997
-25.51145038167939,-1.83206106870229,44.54961832061068,-0.416748046875,-0.212890625,-0.1494140625,3.8453999999999997
-25.755725190839694,-1.984732824427481,44.79389312977099,-0.4169921875,-0.217529296875,-0.143798828125,3.8470999999999997
-25.908396946564885,-2.2290076335877864,45.038167938931295,-0.4150390625,-0.208740234375,-0.1455078125,3.8487999999999998
-26.15267175572519,-2.2900763358778624,45.02290076335878,-0.415771484375,-0.214111328125,-0.135986328125,3.8505
-26.33587786259542,-2.427480916030534,45.41984732824427,-0.421875,-0.2119140625,-0.135009765625,3.8522
-26.519083969465647,-2.3969465648854964,45.725190839694655,-0.419677734375,-0.21044921875,-0.14990234375,3.8539
-26.35114503816794,-2.3969465648854964,45.89312977099237,-0.421142578125,-0.20654296875,-0.150634765625,3.8556
-26.625954198473284,-2.3206106870229006,46.152671755725194,-0.4228515625,-0.20361328125,-0.148193359375,3.8573
-26.83969465648855,-2.4122137404580153,46.412213740458014,-0.423828125,-0.206787109375,-0.14306640625,3.859
-27.099236641221374,-2.427480916030534,46.50381679389313,-0.425048828125,-0.202392578125,-0.1435546875,3.8606999999999996
-27.099236641221374,-2.4427480916030535,46.79389312977099,-0.42041015625,-0.205810546875,-0.147705078125,3.8623999999999996
-27.267175572519083,-2.4122137404580153,47.038167938931295,-0.41748046875,-0.204345703125,-0.143798828125,3.8640999999999996
-27.435114503816795,-2.50381679389313,47.083969465648856,-0.42138671875,-0.19482421875,-0.15478515625,3.8657999999999997
-27.541984732824428,-2.351145038167939,47.37404580152672,-0.42138671875,-0.2021484375,-0.15087890625,3.8674999999999997
-27.572519083969464,-2.4427480916030535,47.45038167938932,-0.420166015625,-0.197021484375,-0.152099609375,3.8691999999999998
-27.72519083969466,-2.2442748091603053,47.725190839694655,-0.423583984375,-0.189697265625,-0.147216796875,3.8709
-28.0,-2.1526717557251906,47.847328244274806,-0.4208984375,-0.19091796875,-0.14013671875,3.8726
-27.908396946564885,-2.2442748091603053,47.74045801526717,-0.42822265625,-0.19384765625,-0.1376953125,3.8743
-27.908396946564885,-2.183206106870229,48.0763358778626,-0.4267578125,-0.18798828125,-0.146240234375,3.876
-28.045801526717558,-2.015267175572519,47.98473282442748,-0.424072265625,-0.19189453125,-0.141357421875,3.8777
-27.923664122137403,-1.9236641221374047,48.045801526717554,-0.425537109375,-0.1875,-0.1435546875,3.8794
-27.923664122137403,-2.0763358778625953,47.83206106870229,-0.430419921875,-0.190185546875,-0.139892578125,3.8811
-28.137404580152673,-1.6641221374045803,47.93893129770992,-0.427001953125,-0.1884765625,-0.1484375,3.8827999999999996
-27.87786259541985,-1.6793893129770991,47.847328244274806,-0.43017578125,-0.1806640625,-0.15234375,3.8844999999999996
-27.87786259541985,-1.5419847328244274,47.83206106870229,-0.427490234375,-0.178466796875,-0.151123046875,3.8861999999999997
-27.923664122137403,-1.4045801526717556,47.61832061068702,-0.425537109375,-0.177490234375,-0.142822265625,3.8878999999999997
-27.755725190839694,-1.5114503816793894,47.32824427480916,-0.429443359375,-0.173095703125,-0.1455078125,3.8895999999999997
-27.72519083969466,-1.2061068702290076,47.282442748091604,-0.425537109375,-0.1767578125,-0.1376953125,3.8912999999999998
-27.450381679389313,-1.1450381679389312,47.20610687022901,-0.426513671875,-0.17822265625,-0.14697265625,3.893
-27.46564885496183,-1.0534351145038168,47.19083969465649,-0.432861328125,-0.1728515625,-0.152099609375,3.8947
-27.14503816793893,-0.9465648854961832,46.93129770992366,-0.43359375,-0.173828125,-0.142578125,3.8964
-27.068702290076335,-0.8549618320610687,46.56488549618321,-0.435302734375,-0.1689453125,-0.146240234375,3.8981
-26.778625954198475,-0.6870229007633588,46.396946564885496,-0.43408203125,-0.164794921875,-0.147705078125,3.8998
-26.885496183206108,-0.6717557251908397,46.2442748091603,-0.43310546875,-0.16357421875,-0.146728515625,3.9015
-26.564885496183205,-0.44274809160305345,46.06106870229008,-0.433837890625,-0.1630859375,-0.15087890625,3.9032
-26.259541984732824,-0.2595419847328244,45.7557251908397,-0.4345703125,-0.16015625,-0.158447265625,3.9048999999999996
-26.091603053435115,-0.3511450381679389,45.343511450381676,-0.43408203125,-0.169189453125,-0.1513671875,3.9065999999999996
-26.03053435114504,-0.3511450381679389,45.099236641221374,-0.43212890625,-0.16552734375,-0.1416015625,3.9082999999999997
-25.801526717557252,-0.33587786259541985,44.916030534351144,-0.42919921875,-0.166259765625,-0.14892578125,3.9099999999999997
-25.49618320610687,-0.22900763358778625,44.717557251908396,-0.431640625,-0.161376953125,-0.146240234375,3.9116999999999997
-25.236641221374047,-0.13740458015267176,44.35114503816794,-0.431640625,-0.160888671875,-0.1494140625,3.9133999999999998
-25.129770992366414,0.0,44.16793893129771,-0.437744140625,-0.161865234375,-0.153564453125,3.9151
-24.82442748091603,0.04580152671755725,43.86259541984733,-0.4345703125,-0.155517578125,-0.14990234375,3.9168
-24.564885496183205,0.16793893129770993,43.541984732824424,-0.437255859375,-0.162109375,-0.157958984375,3.9185
-24.412213740458014,0.0916030534351145,43.404580152671755,-0.433837890625,-0.16162109375,-0.156494140625,3.9202
-24.15267175572519,0.22900763358778625,43.221374045801525,-0.430419921875,-0.160888671875,-0.15625,3.9219
-24.15267175572519,0.42748091603053434,42.80916030534351,-0.430908203125,-0.162841796875,-0.15576171875,3.9236
-23.984732824427482,0.07633587786259542,42.88549618320611,-0.4345703125,-0.161376953125,-0.147216796875,3.9252999999999996
-23.709923664122137,0.22900763358778625,42.656488549618324,-0.43505859375,-0.161376953125,-0.158935546875,3.9269999999999996
-23.51145038167939,0.32061068702290074,42.58015267175573,-0.433837890625,-0.159423828125,-0.158447265625,3.9286999999999996
-23.557251908396946,0.3511450381679389,42.656488549618324,-0.43115234375,-0.1591796875,-0.15478515625,3.9303999999999997
-23.61832061068702,0.3053435114503817,42.50381679389313,-0.4326171875,-0.16455078125,-0.15380859375,3.9320999999999997
-23.51145038167939,0.04580152671755725,42.25954198473283,-0.432861328125,-0.160888671875,-0.153564453125,3.9337999999999997
-23.435114503816795,0.3969465648854962,42.33587786259542,-0.4326171875,-0.161376953125,-0.1552734375,3.9354999999999998
-23.46564885496183,0.2595419847328244,42.35114503816794,-0.430419921875,-0.16162109375,-0.1591796875,3.9372
-23.267175572519083,0.3053435114503817,42.44274809160305,-0.434326171875,-0.158447265625,-0.156494140625,3.9389
-23.358778625954198,0.3053435114503817,42.229007633587784,-0.436767578125,-0.162109375,-0.15380859375,3.9406
-23.419847328244273,0.2748091603053435,42.2442748091603,-0.43798828125,-0.162841796875,-0.155029296875,3.9423
-23.267175572519083,0.0,42.35114503816794,-0.4306640625,-0.163330078125,-0.149169921875,3.944
-23.404580152671755,0.0916030534351145,42.412213740458014,-0.43408203125,-0.16162109375,-0.1572265625,3.9457
-23.480916030534353,-0.015267175572519083,42.54961832061068,-0.439453125,-0.16064453125,-0.159423828125,3.9473999999999996
-23.419847328244273,0.15267175572519084,42.67175572519084,-0.438232421875,-0.15576171875,-0.15283203125,3.9490999999999996
-23.389312977099237,0.13740458015267176,42.82442748091603,-0.434326171875,-0.160888671875,-0.146240234375,3.9507999999999996
-23.17557251908397,-0.015267175572519083,42.88549618320611,-0.43359375,-0.157958984375,-0.155029296875,3.9524999999999997
-23.64885496183206,-0.030534351145038167,42.79389312977099,-0.436279296875,-0.15673828125,-0.15673828125,3.9541999999999997
-23.587786259541986,0.04580152671755725,42.87022900763359,-0.430419921875,-0.15234375,-0.144287109375,3.9558999999999997
-23.603053435114504,0.2900763358778626,42.97709923664122,-0.434326171875,-0.154296875,-0.15283203125,3.9576
-23.435114503816795,0.0,43.20610687022901,-0.436279296875,-0.154541015625,-0.155029296875,3.9593
-23.480916030534353,-0.0916030534351145,43.20610687022901,-0.43701171875,-0.15478515625,-0.153076171875,3.961
-23.755725190839694,-0.10687022900763359,43.51145038167939,-0.441650390625,-0.1552734375,-0.158203125,3.9627
-23.72519083969466,0.061068702290076333,43.221374045801525,-0.439453125,-0.152587890625,-0.154052734375,3.9644
-23.557251908396946,0.12213740458015267,43.465648854961835,-0.439453125,-0.1455078125,-0.162109375,3.9661
-23.52671755725191,0.04580152671755725,43.45038167938932,-0.43896484375,-0.143310546875,-0.153564453125,3.9678
-23.72519083969466,0.0916030534351145,43.786259541984734,-0.432373046875,-0.145263671875,-0.158447265625,3.9694999999999996
-23.83206106870229,-0.10687022900763359,43.587786259541986,-0.433349609375,-0.1474609375,-0.151123046875,3.9711999999999996
-23.938931297709924,-0.16793893129770993,43.6793893129771,-0.434326171875,-0.146240234375,-0.15185546875,3.9728999999999997
-23.908396946564885,0.015267175572519083,43.55725190839695,-0.436279296875,-0.143310546875,-0.151611328125,3.9745999999999997
-23.923664122137403,-0.2900763358778626,43.847328244274806,-0.43701171875,-0.140380859375,-0.153076171875,3.9762999999999997
-23.51145038167939,-0.22900763358778625,43.66412213740458,-0.43603515625,-0.144287109375,-0.163330078125,3.9779999999999998
-23.786259541984734,-0.2748091603053435,43.603053435114504,-0.436767578125,-0.138671875,-0.15966796875,3.9797
-23.69465648854962,-0.22900763358778625,43.43511450381679,-0.438720703125,-0.13916015625,-0.16015625,3.9814
-23.61832061068702,-0.32061068702290074,43.343511450381676,-0.43798828125,-0.1337890625,-0.16162109375,3.9831
-23.69465648854962,-0.32061068702290074,43.282442748091604,-0.443359375,-0.134033203125,-0.161376953125,3.9848
-23.557251908396946,-0.4580152671755725,43.12977099236641,-0.437255859375,-0.1328125,-0.1611328125,3.9865
-23.541984732824428,-0.4580152671755725,42.68702290076336,-0.442626953125,-0.1376953125,-0.15771484375,3.9882
-23.297709923664122,-0.4580152671755725,42.48854961832061,-0.43994140625,-0.134033203125,-0.1650390625,3.9898999999999996
-23.267175572519083,-0.42748091603053434,42.29007633587786,-0.440673828125,-0.132080078125,-0.157958984375,3.9915999999999996
-23.251908396946565,-0.366412213740458,42.19847328244275,-0.439453125,-0.12548828125,-0.156005859375,3.9932999999999996
-22.885496183206108,-0.4580152671755725,41.87786259541985,-0.4384765625,-0.130859375,-0.15087890625,3.9949999999999997
-22.885496183206108,-0.6106870229007634,41.63358778625954,-0.43701171875,-0.125,-0.156494140625,3.9966999999999997
-22.68702290076336,-0.6106870229007634,41.25190839694657,-0.4375,-0.125,-0.15380859375,3.9983999999999997
-22.47328244274809,-0.6106870229007634,40.94656488549618,-0.438720703125,-0.123046875,-0.159912109375,4.0001
-22.290076335877863,-0.7786259541984732,40.70229007633588,-0.43505859375,-0.12646484375,-0.159912109375,4.001799999999999
-22.061068702290076,-0.8549618320610687,40.33587786259542,-0.439453125,-0.126953125,-0.163818359375,4.0035
-22.015267175572518,-0.9923664122137404,40.01526717557252,-0.441162109375,-0.1279296875,-0.159423828125,4.005199999999999
-21.64885496183206,-0.9465648854961832,39.49618320610687,-0.43505859375,-0.116943359375,-0.152587890625,4.0069
-21.49618320610687,-1.099236641221374,39.05343511450382,-0.439697265625,-0.116455078125,-0.14501953125,4.0085999999999995
-21.358778625954198,-1.1603053435114503,38.900763358778626,-0.43505859375,-0.115234375,-0.152099609375,4.0103
-21.34351145038168,-1.2366412213740459,38.36641221374046,-0.43701171875,-0.114013671875,-0.157958984375,4.012
-20.931297709923665,-1.1450381679389312,38.091603053435115,-0.440673828125,-0.118408203125,-0.164306640625,4.0137
-20.427480916030536,-1.2213740458015268,37.81679389312977,-0.440673828125,-0.11474609375,-0.153564453125,4.0154
-20.50381679389313,-1.297709923664122,37.37404580152672,-0.437744140625,-0.115478515625,-0.149169921875,4.0171
-20.412213740458014,-1.4198473282442747,36.68702290076336,-0.4453125,-0.119140625,-0.158935546875,4.0188
-19.954198473282442,-1.4351145038167938,36.80916030534351,-0.439453125,-0.120849609375,-0.159912109375,4.0205
-19.893129770992367,-1.3435114503816794,36.33587786259542,-0.44091796875,-0.1201171875,-0.15869140625,4.0222
-19.709923664122137,-1.5267175572519085,35.89312977099237,-0.44140625,-0.1142578125,-0.164794921875,4.023899999999999
-19.61832061068702,-1.4961832061068703,35.6793893129771,-0.440673828125,-0.11474609375,-0.153076171875,4.0256
-19.64885496183206,-1.450381679389313,35.52671755725191,-0.447509765625,-0.119140625,-0.161865234375,4.027299999999999
-19.221374045801525,-1.2671755725190839,35.221374045801525,-0.441162109375,-0.112548828125,-0.158935546875,4.029
-19.053435114503817,-1.3893129770992367,34.94656488549618,-0.44921875,-0.1181640625,-0.153564453125,4.0306999999999995
-19.099236641221374,-1.3282442748091603,34.74809160305343,-0.44970703125,-0.1181640625,-0.154541015625,4.0324
-18.931297709923665,-1.2671755725190839,34.732824427480914,-0.4443359375,-0.117431640625,-0.152587890625,4.0341
-18.793893129770993,-1.1603053435114503,34.42748091603053,-0.447265625,-0.112548828125,-0.159423828125,4.0358
-18.80916030534351,-1.1297709923664123,34.48854961832061,-0.452880859375,-0.118408203125,-0.158935546875,4.0375
-18.595419847328245,-1.0076335877862594,34.274809160305345,-0.44970703125,-0.1181640625,-0.165283203125,4.0392
-18.702290076335878,-0.8549618320610687,34.33587786259542,-0.454345703125,-0.116943359375,-0.166015625,4.0409
-18.702290076335878,-0.6870229007633588,34.12213740458015,-0.4521484375,-0.120361328125,-0.16064453125,4.0426
-18.641221374045802,-0.549618320610687,33.908396946564885,-0.455078125,-0.1220703125,-0.155517578125,4.0443
-18.65648854961832,-0.5038167938931297,33.89312977099237,-0.454833984375,-0.11279296875,-0.155517578125,4.045999999999999
-18.732824427480917,-0.3053435114503817,34.030534351145036,-0.454345703125,-0.112060546875,-0.1494140625,4.0477
-18.717557251908396,-0.15267175572519084,33.847328244274806,-0.451904296875,-0.114013671875,-0.1611328125,4.0493999999999994
-18.519083969465647,0.0,33.93893129770992,-0.45263671875,-0.114990234375,-0.158447265625,4.0511
-18.702290076335878,0.030534351145038167,33.786259541984734,-0.460693359375,-0.11474609375,-0.150390625,4.0527999999999995
-18.900763358778626,0.24427480916030533,33.725190839694655,-0.455322265625,-0.110595703125,-0.1552734375,4.0545
-18.748091603053435,0.2748091603053435,33.61832061068702,-0.459228515625,-0.11181640625,-0.160400390625,4.0562
-18.702290076335878,0.4580152671755725,33.7557251908397,-0.459716796875,-0.11328125,-0.16259765625,4.0579
-18.885496183206108,0.5648854961832062,33.52671755725191,-0.46044921875,-0.111572265625,-0.15185546875,4.0596
-19.00763358778626,0.732824427480916,33.343511450381676,-0.459228515625,-0.11083984375,-0.157958984375,4.0613
-19.068702290076335,0.7480916030534351,33.52671755725191,-0.4521484375,-0.106201171875,-0.163818359375,4.063
-19.099236641221374,1.0534351145038168,33.16030534351145,-0.460205078125,-0.11083984375,-0.157958984375,4.0647
-19.129770992366414,1.1297709923664123,33.17557251908397,-0.45458984375,-0.108642578125,-0.158935546875,4.0664
-19.17557251908397,1.0381679389312977,33.221374045801525,-0.459228515625,-0.11181640625,-0.15576171875,4.068099999999999
-19.16030534351145,1.1755725190839694,33.05343511450382,-0.45751953125,-0.111328125,-0.163818359375,4.0698
-19.603053435114504,1.3740458015267176,33.038167938931295,-0.454833984375,-0.11328125,-0.166748046875,4.0714999999999995
-19.587786259541986,1.4961832061068703,32.93129770992366,-0.450927734375,-0.111083984375,-0.163330078125,4.0732
-19.52671755725191,1.3587786259541985,32.900763358778626,-0.447021484375,-0.111328125,-0.16259765625,4.0748999999999995
-19.709923664122137,1.3740458015267176,32.80916030534351,-0.450927734375,-0.110107421875,-0.1591796875,4.0766
-19.69465648854962,1.3435114503816794,32.656488549618324,-0.45361328125,-0.110107421875,-0.165283203125,4.0783
-19.66412213740458,1.3435114503816794,32.54961832061068,-0.444580078125,-0.110107421875,-0.152587890625,4.08
-19.770992366412212,1.3282442748091603,32.51908396946565,-0.447509765625,-0.107177734375,-0.154296875,4.0817
-20.03053435114504,1.2213740458015268,32.152671755725194,-0.44482421875,-0.103759765625,-0.1689453125,4.0834
-20.091603053435115,1.1145038167938932,32.152671755725194,-0.441162109375,-0.10546875,-0.158203125,4.0851
-20.137404580152673,1.083969465648855,31.87786259541985,-0.449462890625,-0.1044921875,-0.1669921875,4.0868
-20.229007633587788,0.8549618320610687,31.557251908396946,-0.444580078125,-0.099609375,-0.1640625,4.0885
-20.137404580152673,0.8244274809160306,31.419847328244273,-0.445556640625,-0.1064453125,-0.1611328125,4.090199999999999
-20.396946564885496,0.7786259541984732,31.251908396946565,-0.43896484375,-0.10546875,-0.15380859375,4.0919
-20.396946564885496,0.5343511450381679,31.114503816793892,-0.44482421875,-0.1083984375,-0.15869140625,4.0935999999999995
-20.33587786259542,0.3816793893129771,30.946564885496183,-0.441650390625,-0.1064453125,-0.15234375,4.0953
-20.396946564885496,0.15267175572519084,30.732824427480917,-0.4375,-0.1044921875,-0.156005859375,4.0969999999999995
-20.50381679389313,0.07633587786259542,30.366412213740457,-0.438232421875,-0.105224609375,-0.156982421875,4.0987
-20.68702290076336,-0.061068702290076333,30.18320610687023,-0.442626953125,-0.10546875,-0.16015625,4.1004
-20.53435114503817,-0.4580152671755725,29.954198473282442,-0.442138671875,-0.10302734375,-0.1552734375,4.1021
-20.53435114503817,-0.549618320610687,29.893129770992367,-0.441162109375,-0.10107421875,-0.15380859375,4.1038
-20.625954198473284,-0.6564885496183206,29.603053435114504,-0.439453125,-0.10693359375,-0.152099609375,4.1055
-20.625954198473284,-0.7175572519083969,29.328244274809162,-0.437744140625,-0.10498046875,-0.166259765625,4.1072
-20.763358778625953,-0.8702290076335878,29.022900763358777,-0.439208984375,-0.10302734375,-0.165771484375,4.108899999999999
-20.946564885496183,-1.0687022900763359,29.083969465648856,-0.4384765625,-0.107177734375,-0.16162109375,4.1106
-20.748091603053435,-1.2213740458015268,28.900763358778626,-0.439697265625,-0.103759765625,-0.1591796875,4.112299999999999
-21.00763358778626,-1.1908396946564885,28.610687022900763,-0.440673828125,-0.105224609375,-0.16015625,4.114
-21.00763358778626,-1.4809160305343512,28.458015267175572,-0.440185546875,-0.104736328125,-0.154052734375,4.1156999999999995
-21.114503816793892,-1.633587786259542,28.427480916030536,-0.44189453125,-0.104248046875,-0.15966796875,4.1174
-21.14503816793893,-1.633587786259542,28.091603053435115,-0.44091796875,-0.101806640625,-0.159912109375,4.1190999999999995
-21.099236641221374,-1.9083969465648856,28.15267175572519,-0.439697265625,-0.099853515625,-0.1552734375,4.1208
-21.206106870229007,-1.816793893129771,27.938931297709924,-0.4462890625,-0.098388671875,-0.149658203125,4.1225
-21.358778625954198,-2.0610687022900764,27.87786259541985,-0.446044921875,-0.099853515625,-0.158203125,4.1242
-21.267175572519083,-2.122137404580153,27.633587786259543,-0.441162109375,-0.096435546875,-0.154052734375,4.1259
-21.358778625954198,-2.16793893129771,27.64885496183206,-0.44482421875,-0.095458984375,-0.162353515625,4.1276
-21.52671755725191,-2.2442748091603053,27.46564885496183,-0.447021484375,-0.09326171875,-0.163818359375,4.1293
-21.603053435114504,-2.427480916030534,27.603053435114504,-0.446533203125,-0.09521484375,-0.164306640625,4.130999999999999
-21.66412213740458,-2.7022900763358777,27.282442748091604,-0.449462890625,-0.09619140625,-0.16064453125,4.1327
-21.862595419847327,-2.7938931297709924,27.374045801526716,-0.44384765625,-0.09326171875,-0.161376953125,4.134399999999999
-21.938931297709924,-2.8396946564885495,27.49618320610687,-0.44775390625,-0.095947265625,-0.161376953125,4.1361
-21.862595419847327,-2.6259541984732824,27.221374045801525,-0.451416015625,-0.09619140625,-0.15673828125,4.1377999999999995
-21.923664122137403,-2.7480916030534353,27.099236641221374,-0.446044921875,-0.092529296875,-0.16748046875,4.1395
-22.015267175572518,-2.946564885496183,27.251908396946565,-0.451171875,-0.089599609375,-0.157470703125,4.1411999999999995
-22.27480916030534,-3.0229007633587788,27.114503816793892,-0.449462890625,-0.091552734375,-0.15673828125,4.1429
-22.27480916030534,-2.9770992366412212,27.14503816793893,-0.447509765625,-0.09423828125,-0.156982421875,4.1446
-22.061068702290076,-2.8702290076335877,26.885496183206108,-0.44482421875,-0.088623046875,-0.160400390625,4.1463
-22.290076335877863,-2.854961832061069,27.14503816793893,-0.453125,-0.095947265625,-0.15576171875,4.148
-22.15267175572519,-3.053435114503817,27.068702290076335,-0.452880859375,-0.09326171875,-0.153564453125,4.1497
-22.38167938931298,-3.145038167938931,27.068702290076335,-0.4560546875,-0.088134765625,-0.158447265625,4.1514
-22.53435114503817,-3.1297709923664123,26.99236641221374,-0.448486328125,-0.08935546875,-0.156982421875,4.153099999999999
-22.595419847328245,-2.854961832061069,27.00763358778626,-0.45166015625,-0.0888671875,-0.158203125,4.1548
-22.53435114503817,-3.0839694656488548,26.9618320610687,-0.4541015625,-0.08447265625,-0.1513671875,4.156499999999999
-22.610687022900763,-3.099236641221374,27.17557251908397,-0.450927734375,-0.08740234375,-0.159423828125,4.1582
-22.702290076335878,-3.0381679389312977,27.068702290076335,-0.44775390625,-0.08935546875,-0.159912109375,4.1598999999999995
-22.53435114503817,-3.2213740458015265,27.0381679389313,-0.454833984375,-0.090576171875,-0.150146484375,4.1616
-22.763358778625953,-3.3740458015267176,26.977099236641223,-0.45068359375,-0.08544921875,-0.15185546875,4.1633
-22.931297709923665,-3.2977099236641223,27.053435114503817,-0.456787109375,-0.087646484375,-0.1669921875,4.165
-22.778625954198475,-3.145038167938931,27.16030534351145,-0.454345703125,-0.0849609375,-0.160888671875,4.1667
-22.732824427480917,-3.068702290076336,27.206106870229007,-0.4521484375,-0.082275390625,-0.162109375,4.1684
-22.83969465648855,-3.1755725190839694,27.114503816793892,-0.4560546875,-0.085205078125,-0.156494140625,4.1701
-22.83969465648855,-2.9923664122137406,27.221374045801525,-0.453857421875,-0.082763671875,-0.155517578125,4.1718
-22.82442748091603,-3.0839694656488548,26.977099236641223,-0.4541015625,-0.0791015625,-0.156494140625,4.1735
-22.870229007633586,-3.1297709923664123,27.053435114503817,-0.454345703125,-0.07763671875,-0.158447265625,4.175199999999999
-22.99236641221374,-3.114503816793893,27.0381679389313,-0.4580078125,-0.078125,-0.155517578125,4.1769
-22.85496183206107,-3.068702290076336,26.931297709923665,-0.45703125,-0.0859375,-0.150146484375,4.178599999999999
-22.83969465648855,-3.068702290076336,26.85496183206107,-0.452392578125,-0.07958984375,-0.157470703125,4.1803
-22.9618320610687,-3.0076335877862594,27.00763358778626,-0.45458984375,-0.0751953125,-0.16259765625,4.1819999999999995
-22.68702290076336,-2.9618320610687023,26.65648854961832,-0.45703125,-0.08447265625,-0.162109375,4.1837
-22.85496183206107,-3.0381679389312977,27.00763358778626,-0.451904296875,-0.0751953125,-0.164794921875,4.1854
-22.82442748091603,-2.946564885496183,26.732824427480917,-0.455078125,-0.075927734375,-0.162353515625,4.1871
-22.885496183206108,-2.8091603053435112,26.702290076335878,-0.45458984375,-0.080322265625,-0.16259765625,4.1888
-22.702290076335878,-2.6717557251908395,26.595419847328245,-0.4541015625,-0.07275390625,-0.1474609375,4.1905
-22.778625954198475,-2.6717557251908395,26.778625954198475,-0.450927734375,-0.076904296875,-0.153076171875,4.1922
-22.793893129770993,-3.0229007633587788,26.580152671755727,-0.453369140625,-0.072021484375,-0.154052734375,4.1939
-22.702290076335878,-2.687022900763359,26.717557251908396,-0.45361328125,-0.080078125,-0.1513671875,4.1956
-22.519083969465647,-2.595419847328244,26.625954198473284,-0.4580078125,-0.076904296875,-0.148681640625,4.197299999999999
-22.549618320610687,-2.6412213740458017,26.717557251908396,-0.457275390625,-0.06787109375,-0.155029296875,4.199
-22.48854961832061,-2.4732824427480917,26.519083969465647,-0.455810546875,-0.0673828125,-0.16064453125,4.200699999999999
-22.50381679389313,-2.3969465648854964,26.519083969465647,-0.45751953125,-0.069580078125,-0.153076171875,4.2024
-22.38167938931298,-2.1374045801526718,26.641221374045802,-0.45556640625,-0.069091796875,-0.148681640625,4.2040999999999995
-21.984732824427482,-2.198473282442748,26.53435114503817,-0.458984375,-0.07080078125,-0.15673828125,4.2058
-22.35114503816794,-2.198473282442748,26.427480916030536,-0.456298828125,-0.067626953125,-0.156005859375,4.2075
-22.213740458015266,-2.1068702290076335,26.580152671755727,-0.46142578125,-0.067138671875,-0.159423828125,4.2092
-22.091603053435115,-2.1068702290076335,26.50381679389313,-0.45556640625,-0.0654296875,-0.157958984375,4.2109
-22.198473282442748,-2.16793893129771,26.427480916030536,-0.458740234375,-0.071044921875,-0.153076171875,4.2126
-22.061068702290076,-1.7709923664122138,26.3206106870229,-0.4619140625,-0.07177734375,-0.147705078125,4.2143
-21.541984732824428,-1.7404580152671756,26.366412213740457,-0.458251953125,-0.07177734375,-0.152099609375,4.216
-21.740458015267176,-1.816793893129771,26.259541984732824,-0.460205078125,-0.065185546875,-0.15478515625,4.2177
-21.541984732824428,-1.7404580152671756,26.290076335877863,-0.460205078125,-0.063232421875,-0.153076171875,4.219399999999999
-21.541984732824428,-1.5725190839694656,26.16793893129771,-0.464111328125,-0.064453125,-0.157470703125,4.2211
-21.419847328244273,-1.4961832061068703,26.38167938931298,-0.458984375,-0.065673828125,-0.158203125,4.222799999999999
-21.404580152671755,-1.4809160305343512,26.15267175572519,-0.463134765625,-0.070068359375,-0.1591796875,4.2245
-21.435114503816795,-1.450381679389313,26.213740458015266,-0.45947265625,-0.069091796875,-0.161376953125,4.2261999999999995
-21.251908396946565,-1.4045801526717556,26.244274809160306,-0.458740234375,-0.068115234375,-0.15380859375,4.2279
-21.282442748091604,-1.5419847328244274,26.15267175572519,-0.46044921875,-0.06494140625,-0.147216796875,4.2296
-21.267175572519083,-1.633587786259542,26.076335877862597,-0.46435546875,-0.06884765625,-0.155029296875,4.2313
-21.297709923664122,-1.4809160305343512,26.35114503816794,-0.463134765625,-0.06982421875,-0.15185546875,4.233
-21.31297709923664,-1.4045801526717556,26.396946564885496,-0.461669921875,-0.069091796875,-0.156494140625,4.2347
-21.358778625954198,-1.297709923664122,26.442748091603054,-0.459716796875,-0.07177734375,-0.15380859375,4.2364
-21.267175572519083,-1.1908396946564885,26.3206106870229,-0.459716796875,-0.071533203125,-0.153076171875,4.2381
-21.328244274809162,-1.2671755725190839,26.50381679389313,-0.458740234375,-0.069091796875,-0.15625,4.2398
-21.282442748091604,-1.2213740458015268,26.549618320610687,-0.462890625,-0.06396484375,-0.154052734375,4.241499999999999
-21.17557251908397,-1.1603053435114503,26.50381679389313,-0.4619140625,-0.068115234375,-0.152099609375,4.2432
-21.31297709923664,-1.099236641221374,26.641221374045802,-0.466796875,-0.065185546875,-0.156982421875,4.2448999999999995
-21.404580152671755,-1.1603053435114503,26.580152671755727,-0.459716796875,-0.0673828125,-0.145263671875,4.2466
-21.31297709923664,-1.2213740458015268,26.671755725190838,-0.457275390625,-0.063720703125,-0.150390625,4.2482999999999995
-21.251908396946565,-1.099236641221374,26.763358778625953,-0.460205078125,-0.0615234375,-0.155029296875,4.25
-21.251908396946565,-1.1297709923664123,26.748091603053435,-0.45947265625,-0.059326171875,-0.157470703125,4.2517
-21.435114503816795,-1.099236641221374,26.793893129770993,-0.4580078125,-0.066650390625,-0.15234375,4.2534
-21.404580152671755,-1.0534351145038168,26.885496183206108,-0.45947265625,-0.06298828125,-0.15576171875,4.2551
-21.17557251908397,-1.0687022900763359,27.00763358778626,-0.454833984375,-0.062744140625,-0.147216796875,4.2568
-21.328244274809162,-1.0381679389312977,26.9618320610687,-0.462890625,-0.06005859375,-0.1552734375,4.2585
-21.419847328244273,-0.732824427480916,26.99236641221374,-0.458740234375,-0.06201171875,-0.15673828125,4.260199999999999
-21.297709923664122,-1.0076335877862594,27.19083969465649,-0.45849609375,-0.060302734375,-0.154541015625,4.2619
-21.17557251908397,-1.0076335877862594,27.053435114503817,-0.45458984375,-0.063232421875,-0.151123046875,4.263599999999999
-21.19083969465649,-1.0381679389312977,27.022900763358777,-0.458251953125,-0.06103515625,-0.148193359375,4.2653
-21.328244274809162,-1.0381679389312977,27.114503816793892,-0.458740234375,-0.06005859375,-0.15380859375,4.2669999999999995
-21.16030534351145,-0.9312977099236641,27.129770992366414,-0.454833984375,-0.05224609375,-0.15576171875,4.2687
-21.282442748091604,-0.9618320610687023,27.206106870229007,-0.460205078125,-0.056884765625,-0.1484375,4.2703999999999995
-21.282442748091604,-0.9770992366412213,27.34351145038168,-0.462158203125,-0.057373046875,-0.16015625,4.2721
-21.31297709923664,-0.8702290076335878,27.114503816793892,-0.45654296875,-0.05810546875,-0.158447265625,4.2738
-21.221374045801525,-0.9770992366412213,27.221374045801525,-0.4541015625,-0.053955078125,-0.149169921875,4.2755
-21.221374045801525,-0.8549618320610687,27.267175572519083,-0.46044921875,-0.0537109375,-0.15185546875,4.2772
-21.236641221374047,-0.9007633587786259,27.31297709923664,-0.458251953125,-0.058837890625,-0.146484375,4.2789
-21.282442748091604,-0.916030534351145,27.34351145038168,-0.456298828125,-0.056884765625,-0.152099609375,4.2806
-21.19083969465649,-0.916030534351145,27.206106870229007,-0.455810546875,-0.055908203125,-0.16259765625,4.282299999999999
-20.99236641221374,-0.916030534351145,27.14503816793893,-0.455810546875,-0.052001953125,-0.160888671875,4.284
-21.114503816793892,-0.9618320610687023,27.328244274809162,-0.4580078125,-0.056640625,-0.1484375,4.285699999999999
-20.85496183206107,-0.9465648854961832,27.251908396946565,-0.46142578125,-0.056884765625,-0.15380859375,4.2874
-20.778625954198475,-0.9770992366412213,27.389312977099237,-0.45947265625,-0.056884765625,-0.15576171875,4.2890999999999995
-20.870229007633586,-1.1603053435114503,27.083969465648856,-0.453369140625,-0.04931640625,-0.1533203125,4.2908
-20.870229007633586,-1.0381679389312977,27.206106870229007,-0.448974609375,-0.0458984375,-0.15283203125,4.2924999999999995
-20.99236641221374,-1.282442748091603,27.206106870229007,-0.4521484375,-0.053955078125,-0.153564453125,4.2942
-20.83969465648855,-1.3740458015267176,27.328244274809162,-0.4501953125,-0.050048828125,-0.158203125,4.2959
-20.748091603053435,-1.3129770992366412,27.129770992366414,-0.448486328125,-0.05029296875,-0.154296875,4.2976
-20.595419847328245,-1.3435114503816794,27.068702290076335,-0.449951171875,-0.048095703125,-0.152587890625,4.2993
-20.580152671755727,-1.4961832061068703,27.099236641221374,-0.455322265625,-0.04638671875,-0.152587890625,4.301
-20.595419847328245,-1.4809160305343512,27.053435114503817,-0.4521484375,-0.046142578125,-0.150390625,4.3027
-20.580152671755727,-1.465648854961832,26.946564885496183,-0.45458984375,-0.04833984375,-0.155517578125,4.304399999999999
-20.38167938931298,-1.4961832061068703,27.068702290076335,-0.456787109375,-0.046875,-0.1552734375,4.3061
-20.53435114503817,-1.3740458015267176,26.946564885496183,-0.457763671875,-0.044921875,-0.150390625,4.307799999999999
-20.564885496183205,-1.3587786259541985,26.916030534351144,-0.455322265625,-0.0439453125,-0.166748046875,4.3095
-20.458015267175572,-1.6030534351145038,26.732824427480917,-0.456298828125,-0.048828125,-0.160400390625,4.3111999999999995
-20.213740458015266,-1.450381679389313,26.870229007633586,-0.454345703125,-0.043701171875,-0.1513671875,4.3129
-20.259541984732824,-1.4351145038167938,26.641221374045802,-0.457275390625,-0.046630859375,-0.167236328125,4.3145999999999995
-20.519083969465647,-1.633587786259542,26.671755725190838,-0.459228515625,-0.04833984375,-0.169921875,4.3163
-20.427480916030536,-1.7251908396946565,26.717557251908396,-0.45361328125,-0.041259765625,-0.1513671875,4.318
-20.442748091603054,-1.7709923664122138,26.793893129770993,-0.453857421875,-0.044677734375,-0.1484375,4.3197
-20.427480916030536,-1.7557251908396947,26.53435114503817,-0.459228515625,-0.042236328125,-0.153564453125,4.3214
-20.366412213740457,-1.9541984732824427,26.53435114503817,-0.457275390625,-0.0419921875,-0.15576171875,4.3231
-20.519083969465647,-2.0763358778625953,26.580152671755727,-0.458984375,-0.04248046875,-0.154541015625,4.3248
-20.35114503816794,-1.984732824427481,26.48854961832061,-0.456787109375,-0.040283203125,-0.156005859375,4.326499999999999
-20.519083969465647,-1.984732824427481,26.458015267175572,-0.461181640625,-0.04248046875,-0.159423828125,4.3282
-20.35114503816794,-1.984732824427481,26.53435114503817,-0.46142578125,-0.04443359375,-0.1494140625,4.329899999999999
-20.198473282442748,-1.9083969465648856,26.27480916030534,-0.458251953125,-0.04052734375,-0.154296875,4.3316
-20.38167938931298,-1.8778625954198473,26.38167938931298,-0.46044921875,-0.03515625,-0.15771484375,4.3332999999999995
-20.27480916030534,-1.9236641221374047,26.137404580152673,-0.46337890625,-0.03515625,-0.1416015625,4.335
-20.137404580152673,-1.8778625954198473,26.27480916030534,-0.459716796875,-0.041015625,-0.15869140625,4.3366999999999996
-20.366412213740457,-1.9389312977099236,26.045801526717558,-0.458984375,-0.039306640625,-0.154541015625,4.3384
-20.198473282442748,-1.8473282442748091,25.984732824427482,-0.4599609375,-0.038330078125,-0.151123046875,4.3401
-20.213740458015266,-2.015267175572519,25.755725190839694,-0.4619140625,-0.040283203125,-0.151611328125,4.3418
-20.213740458015266,-1.9694656488549618,25.84732824427481,-0.458984375,-0.03515625,-0.1552734375,4.3435
-20.259541984732824,-1.9083969465648856,25.81679389312977,-0.460693359375,-0.038330078125,-0.156494140625,4.3452
-20.15267175572519,-1.984732824427481,25.83206106870229,-0.460693359375,-0.03662109375,-0.150390625,4.3469
-20.091603053435115,-1.984732824427481,25.419847328244273,-0.463134765625,-0.039794921875,-0.156005859375,4.348599999999999
-19.984732824427482,-1.6641221374045803,25.587786259541986,-0.462158203125,-0.033447265625,-0.15966796875,4.3503
-20.03053435114504,-1.9389312977099236,25.374045801526716,-0.454833984375,-0.030517578125,-0.15673828125,4.351999999999999
-19.938931297709924,-1.9694656488549618,25.297709923664122,-0.45947265625,-0.033447265625,-0.15771484375,4.3537
-19.87786259541985,-1.984732824427481,25.053435114503817,-0.4619140625,-0.03369140625,-0.15380859375,4.3553999999999995
-20.015267175572518,-2.0916030534351147,24.977099236641223,-0.45458984375,-0.03466796875,-0.15185546875,4.3571
-19.96946564885496,-2.015267175572519,24.900763358778626,-0.45751953125,-0.031005859375,-0.152587890625,4.3588
-19.740458015267176,-2.015267175572519,24.946564885496183,-0.458984375,-0.032958984375,-0.160888671875,4.3605
-19.770992366412212,-1.9694656488549618,24.641221374045802,-0.455078125,-0.03564453125,-0.16015625,4.3622
-19.603053435114504,-1.9541984732824427,24.564885496183205,-0.4619140625,-0.031982421875,-0.161865234375,4.3639
-19.755725190839694,-2.030534351145038,24.519083969465647,-0.46142578125,-0.03515625,-0.14892578125,4.3656
-19.557251908396946,-1.9389312977099236,24.38167938931298,-0.45849609375,-0.031005859375,-0.152099609375,4.3673
-19.34351145038168,-2.045801526717557,24.03053435114504,-0.463134765625,-0.026611328125,-0.154541015625,4.369
-19.435114503816795,-1.9541984732824427,24.18320610687023,-0.46142578125,-0.029296875,-0.15576171875,4.370699999999999
-19.541984732824428,-1.984732824427481,23.862595419847327,-0.45654296875,-0.0283203125,-0.152099609375,4.3724
-19.251908396946565,-1.9389312977099236,23.52671755725191,-0.468017578125,-0.02783203125,-0.15673828125,4.374099999999999
-19.19083969465649,-2.030534351145038,23.480916030534353,-0.454345703125,-0.022216796875,-0.1591796875,4.3758
-19.114503816793892,-1.7404580152671756,23.572519083969464,-0.456787109375,-0.028564453125,-0.153564453125,4.3774999999999995
-19.114503816793892,-1.7557251908396947,23.267175572519083,-0.459716796875,-0.02783203125,-0.1591796875,4.3792
-19.083969465648856,-1.7709923664122138,23.114503816793892,-0.462890625,-0.0244140625,-0.156494140625,4.3809
-18.99236641221374,-1.8015267175572518,22.931297709923665,-0.45654296875,-0.0234375,-0.15185546875,4.3826
-18.595419847328245,-1.9389312977099236,22.80916030534351,-0.45361328125,-0.0263671875,-0.1494140625,4.3843
-18.748091603053435,-2.0763358778625953,22.53435114503817,-0.456298828125,-0.026611328125,-0.1611328125,4.386
-18.610687022900763,-2.2595419847328246,22.610687022900763,-0.459228515625,-0.031005859375,-0.15771484375,4.3877
-18.564885496183205,-2.0916030534351147,22.580152671755727,-0.4599609375,-0.0244140625,-0.155517578125,4.3894
-18.366412213740457,-2.045801526717557,22.3206106870229,-0.457763671875,-0.01904296875,-0.158447265625,4.3911
-18.47328244274809,-2.1374045801526718,22.12213740458015,-0.45849609375,-0.022216796875,-0.146240234375,4.392799999999999
-18.259541984732824,-2.2748091603053435,22.244274809160306,-0.456298828125,-0.0224609375,-0.151611328125,4.3945
-18.244274809160306,-2.1374045801526718,22.03053435114504,-0.46240234375,-0.025390625,-0.156982421875,4.396199999999999
-17.938931297709924,-2.2748091603053435,21.938931297709924,-0.460693359375,-0.019287109375,-0.1572265625,4.3979
-17.938931297709924,-2.2595419847328246,21.770992366412212,-0.458251953125,-0.017578125,-0.160888671875,4.3995999999999995
-18.015267175572518,-2.50381679389313,21.83206106870229,-0.4541015625,-0.021240234375,-0.16064453125,4.4013
-17.83206106870229,-2.50381679389313,21.72519083969466,-0.459716796875,-0.022705078125,-0.149169921875,4.403
-17.755725190839694,-2.6412213740458017,21.6793893129771,-0.4619140625,-0.026123046875,-0.154541015625,4.4047
-17.908396946564885,-2.5343511450381677,21.61832061068702,-0.466064453125,-0.024658203125,-0.15966796875,4.4064
-17.51145038167939,-2.6106870229007635,21.603053435114504,-0.4599609375,-0.019775390625,-0.154052734375,4.4081
-17.46564885496183,-2.6564885496183206,21.61832061068702,-0.45751953125,-0.011474609375,-0.155029296875,4.4098
-17.358778625954198,-2.763358778625954,21.49618320610687,-0.460693359375,-0.014404296875,-0.15625,4.411499999999999
-17.34351145038168,-2.763358778625954,21.358778625954198,-0.458740234375,-0.01416015625,-0.158447265625,4.4132
-17.17557251908397,-2.763358778625954,21.480916030534353,-0.46240234375,-0.019287109375,-0.159912109375,4.414899999999999
-17.206106870229007,-2.8396946564885495,21.46564885496183,-0.461181640625,-0.01708984375,-0.153076171875,4.4166
-17.129770992366414,-2.8244274809160306,21.46564885496183,-0.4580078125,-0.01416015625,-0.148193359375,4.4182999999999995
-16.946564885496183,-2.9160305343511452,21.51145038167939,-0.459716796875,-0.011474609375,-0.149169921875,4.42
-16.885496183206108,-2.9618320610687023,21.557251908396946,-0.461181640625,-0.01513671875,-0.150390625,4.4216999999999995
-16.977099236641223,-3.053435114503817,21.419847328244273,-0.465087890625,-0.01416015625,-0.147705078125,4.4234
-16.85496183206107,-3.2061068702290076,21.236641221374047,-0.461669921875,-0.01611328125,-0.15283203125,4.4251
-16.717557251908396,-3.0076335877862594,21.64885496183206,-0.456787109375,-0.01513671875,-0.15869140625,4.4268
-16.702290076335878,-3.0076335877862594,21.450381679389313,-0.458251953125,-0.017333984375,-0.152099609375,4.4285
-16.564885496183205,-3.312977099236641,21.46564885496183,-0.462158203125,-0.01708984375,-0.15185546875,4.4302
-16.47328244274809,-3.3587786259541983,21.282442748091604,-0.463623046875,-0.018310546875,-0.150390625,4.4319
-16.519083969465647,-3.5267175572519083,21.358778625954198,-0.465576171875,-0.015625,-0.15185546875,4.433599999999999
-16.396946564885496,-3.5877862595419847,21.236641221374047,-0.457275390625,-0.007568359375,-0.153076171875,4.4353
-16.396946564885496,-3.618320610687023,21.236641221374047,-0.455322265625,-0.011962890625,-0.159912109375,4.436999999999999
-16.458015267175572,-3.5877862595419847,21.17557251908397,-0.45849609375,-0.01171875,-0.15673828125,4.4387
-16.229007633587788,-3.633587786259542,21.297709923664122,-0.45703125,-0.01416015625,-0.151611328125,4.4403999999999995
-16.213740458015266,-3.7099236641221376,21.129770992366414,-0.4619140625,-0.016357421875,-0.15625,4.4421
-16.198473282442748,-3.786259541984733,21.129770992366414,-0.45849609375,-0.01416015625,-0.154296875,4.4437999999999995
-16.229007633587788,-3.8473282442748094,21.083969465648856,-0.458740234375,-0.0166015625,-0.152587890625,4.4455
-16.061068702290076,-3.816793893129771,21.14503816793893,-0.451171875,-0.013427734375,-0.151123046875,4.4472
-16.106870229007633,-4.061068702290076,21.00763358778626,-0.4541015625,-0.011962890625,-0.15673828125,4.4489
-16.091603053435115,-4.061068702290076,20.85496183206107,-0.458251953125,-0.017333984375,-0.15087890625,4.4506
-16.091603053435115,-4.030534351145038,20.931297709923665,-0.46142578125,-0.017578125,-0.15283203125,4.4523
-16.045801526717558,-4.076335877862595,20.85496183206107,-0.460205078125,-0.0146484375,-0.15966796875,4.454
-16.106870229007633,-4.091603053435114,20.793893129770993,-0.46044921875,-0.01806640625,-0.152587890625,4.455699999999999
-15.908396946564885,-4.1679389312977095,20.763358778625953,-0.457763671875,-0.0146484375,-0.155517578125,4.4574
-16.0,-4.122137404580153,20.885496183206108,-0.456787109375,-0.01318359375,-0.154296875,4.459099999999999
-15.86259541984733,-4.183206106870229,20.595419847328245,-0.454833984375,-0.013671875,-0.15478515625,4.4608
-15.709923664122137,-4.259541984732825,20.412213740458014,-0.454833984375,-0.009521484375,-0.15087890625,4.4624999999999995
-15.572519083969466,-4.305343511450381,20.610687022900763,-0.460693359375,-0.0087890625,-0.15185546875,4.4642
-15.587786259541986,-4.183206106870229,20.50381679389313,-0.457763671875,-0.015869140625,-0.146728515625,4.4658999999999995
-15.694656488549619,-4.213740458015267,20.580152671755727,-0.462158203125,-0.009033203125,-0.148681640625,4.4676
-15.49618320610687,-4.244274809160306,20.396946564885496,-0.46435546875,-0.012451171875,-0.14208984375,4.4693
-15.435114503816793,-3.8931297709923665,20.53435114503817,-0.462158203125,-0.0126953125,-0.149169921875,4.471
-15.435114503816793,-4.259541984732825,20.35114503816794,-0.4638671875,-0.009765625,-0.145263671875,4.4727
-15.48091603053435,-4.152671755725191,20.38167938931298,-0.46435546875,-0.017333984375,-0.152099609375,4.4744
-15.465648854961833,-4.290076335877862,20.33587786259542,-0.46044921875,-0.012451171875,-0.158447265625,4.4761
-15.374045801526718,-4.061068702290076,20.259541984732824,-0.461669921875,-0.01123046875,-0.1513671875,4.477799999999999
-15.419847328244275,-4.137404580152672,19.87786259541985,-0.46044921875,-0.008544921875,-0.149658203125,4.4795
-15.267175572519085,-4.2748091603053435,20.061068702290076,-0.462158203125,-0.008056640625,-0.1552734375,4.481199999999999
-15.236641221374045,-4.091603053435114,20.18320610687023,-0.461181640625,-0.008056640625,-0.156982421875,4.4829
-15.297709923664122,-4.1679389312977095,20.213740458015266,-0.463623046875,-0.009521484375,-0.158447265625,4.4845999999999995
-15.389312977099237,-4.0458015267175576,19.801526717557252,-0.46484375,-0.005615234375,-0.16064453125,4.4863
-15.16030534351145,-3.9236641221374047,19.923664122137403,-0.462158203125,-0.008544921875,-0.14990234375,4.4879999999999995
-14.977099236641221,-3.786259541984733,19.740458015267176,-0.46484375,-0.004638671875,-0.149169921875,4.4897
-15.053435114503817,-3.8625954198473282,19.801526717557252,-0.461181640625,-0.00390625,-0.154052734375,4.4914
-15.068702290076336,-3.7709923664122136,19.69465648854962,-0.464599609375,-0.0107421875,-0.145751953125,4.4931
-15.129770992366412,-3.7709923664122136,19.87786259541985,-0.46630859375,-0.006103515625,-0.146484375,4.4948
-14.946564885496183,-3.6946564885496183,19.709923664122137,-0.46923828125,-0.004638671875,-0.154296875,4.4965
-15.007633587786259,-3.5419847328244276,19.786259541984734,-0.4619140625,-0.007080078125,-0.1552734375,4.4982
-15.007633587786259,-3.7404580152671754,19.34351145038168,-0.462158203125,-0.002197265625,-0.150634765625,4.499899999999999
-15.068702290076336,-3.5877862595419847,19.587786259541986,-0.464599609375,-0.0009765625,-0.14892578125,4.5016
-14.793893129770993,-3.404580152671756,19.34351145038168,-0.46044921875,-0.00146484375,-0.156005859375,4.503299999999999
-14.65648854961832,-3.480916030534351,19.419847328244273,-0.4658203125,0.001953125,-0.155517578125,4.505
-14.580152671755725,-3.3893129770992365,19.068702290076335,-0.45947265625,0.001220703125,-0.158447265625,4.5066999999999995
-14.51908396946565,-3.4198473282442747,19.022900763358777,-0.4619140625,-0.002685546875,-0.154541015625,4.5084
-14.610687022900763,-3.49618320610687,19.022900763358777,-0.457763671875,-0.00146484375,-0.156005859375,4.5100999999999996
-14.50381679389313,-3.4656488549618323,18.977099236641223,-0.465087890625,-0.0009765625,-0.14306640625,4.5118
-14.198473282442748,-3.3740458015267176,18.65648854961832,-0.45751953125,-0.001953125,-0.15283203125,4.5135
-14.351145038167939,-3.2977099236641223,18.625954198473284,-0.46240234375,0.00048828125,-0.14892578125,4.5152
-14.030534351145038,-3.2977099236641223,18.3206106870229,-0.46337890625,0.002197265625,-0.153564453125,4.5169
-14.16793893129771,-3.480916030534351,18.48854961832061,-0.46484375,0.004638671875,-0.14990234375,4.5186
-13.908396946564885,-3.099236641221374,18.244274809160306,-0.4609375,0.0009765625,-0.158203125,4.5203
-13.755725190839694,-3.1297709923664123,18.076335877862597,-0.462890625,0.000732421875,-0.153564453125,4.521999999999999
-13.86259541984733,-3.3587786259541983,17.72519083969466,-0.462890625,0.00244140625,-0.151123046875,4.5237
-13.86259541984733,-3.4198473282442747,17.66412213740458,-0.45556640625,0.00048828125,-0.146728515625,4.525399999999999
-13.679389312977099,-3.1297709923664123,17.480916030534353,-0.458984375,0.002197265625,-0.14794921875,4.5271
-13.419847328244275,-3.404580152671756,17.358778625954198,-0.45751953125,0.00341796875,-0.1455078125,4.5287999999999995
-13.374045801526718,-3.480916030534351,17.114503816793892,-0.46142578125,0.00439453125,-0.14794921875,4.5305
-13.34351145038168,-3.450381679389313,17.053435114503817,-0.463623046875,0.00439453125,-0.15576171875,4.5322
-13.267175572519085,-3.2977099236641223,16.80916030534351,-0.462646484375,0.0048828125,-0.15576171875,4.5339
-13.114503816793894,-3.236641221374046,16.671755725190838,-0.461669921875,0.0048828125,-0.143798828125,4.5356
-12.961832061068701,-3.1908396946564888,16.15267175572519,-0.458984375,0.00439453125,-0.15283203125,4.5373
-12.641221374045802,-3.267175572519084,16.18320610687023,-0.464111328125,0.00732421875,-0.150634765625,4.539
-12.625954198473282,-3.1603053435114505,15.725190839694656,-0.47021484375,0.005126953125,-0.156005859375,4.5407
-12.50381679389313,-3.0381679389312977,15.694656488549619,-0.465576171875,0.007080078125,-0.146484375,4.5424
-12.50381679389313,-3.0229007633587788,15.526717557251908,-0.466796875,0.008544921875,-0.1416015625,4.544099999999999
-12.442748091603054,-3.0839694656488548,15.267175572519085,-0.463623046875,0.0087890625,-0.144775390625,4.5458
-12.366412213740459,-2.931297709923664,14.977099236641221,-0.4638671875,0.005859375,-0.14111328125,4.547499999999999
-12.122137404580153,-2.8702290076335877,15.129770992366412,-0.470947265625,0.012939453125,-0.152587890625,4.5492
-12.122137404580153,-3.0076335877862594,14.67175572519084,-0.470703125,0.01220703125,-0.150634765625,4.5508999999999995
-12.061068702290076,-2.931297709923664,14.351145038167939,-0.470947265625,0.01025390625,-0.143310546875,4.5526
-11.908396946564885,-2.9923664122137406,14.244274809160306,-0.46337890625,0.00732421875,-0.14208984375,4.5543
-11.98473282442748,-2.9923664122137406,14.15267175572519,-0.46875,0.007568359375,-0.151611328125,4.556
-11.770992366412214,-2.854961832061069,13.725190839694656,-0.471435546875,0.00634765625,-0.150390625,4.5577
-11.633587786259541,-2.763358778625954,13.572519083969466,-0.473876953125,0.0029296875,-0.1484375,4.5594
-11.511450381679388,-2.7022900763358777,13.404580152671755,-0.466064453125,0.013671875,-0.156494140625,4.5611
-11.32824427480916,-2.6259541984732824,13.221374045801527,-0.47119140625,0.012451171875,-0.1474609375,4.5628
-11.206106870229007,-2.5343511450381677,12.900763358778626,-0.466796875,0.013916015625,-0.150634765625,4.5645
-11.083969465648854,-2.427480916030534,12.870229007633588,-0.467529296875,0.018310546875,-0.1484375,4.566199999999999
-11.114503816793894,-2.381679389312977,12.625954198473282,-0.47119140625,0.015380859375,-0.156494140625,4.5679
-10.854961832061068,-2.2748091603053435,12.427480916030534,-0.4697265625,0.012451171875,-0.15185546875,4.569599999999999
-10.748091603053435,-2.213740458015267,12.244274809160306,-0.469970703125,0.01220703125,-0.1572265625,4.5713
-10.778625954198473,-2.0610687022900764,11.938931297709924,-0.470458984375,0.01123046875,-0.149658203125,4.5729999999999995
-10.717557251908397,-2.1374045801526718,11.770992366412214,-0.466552734375,0.01611328125,-0.149658203125,4.5747
-10.351145038167939,-2.1068702290076335,11.587786259541986,-0.47607421875,0.00927734375,-0.147705078125,4.5764
-10.305343511450381,-2.198473282442748,11.48091603053435,-0.469482421875,0.014892578125,-0.15625,4.5781
-10.351145038167939,-2.2748091603053435,11.267175572519085,-0.46875,0.013427734375,-0.154541015625,4.5798
-10.366412213740459,-2.213740458015267,11.068702290076336,-0.46728515625,0.015380859375,-0.151123046875,4.5815
-10.335877862595419,-1.9083969465648856,11.083969465648854,-0.468994140625,0.014404296875,-0.146728515625,4.5832
-10.061068702290076,-1.786259541984733,10.763358778625955,-0.468017578125,0.017333984375,-0.151123046875,4.584899999999999
-9.664122137404581,-1.5725190839694656,10.580152671755725,-0.470458984375,0.01611328125,-0.15087890625,4.5866
-9.648854961832061,-1.4809160305343512,10.274809160305344,-0.46826171875,0.014404296875,-0.1572265625,4.588299999999999
-9.694656488549619,-1.3282442748091603,10.366412213740459,-0.4697265625,0.011962890625,-0.147705078125,4.59
-9.587786259541986,-1.282442748091603,10.01526717557252,-0.46923828125,0.013916015625,-0.156494140625,4.5916999999999994
-9.48091603053435,-1.1755725190839694,9.84732824427481,-0.466064453125,0.015625,-0.143798828125,4.5934
-9.389312977099237,-1.2061068702290076,9.786259541984732,-0.469970703125,0.01416015625,-0.1513671875,4.5950999999999995
-9.267175572519085,-1.297709923664122,9.450381679389313,-0.468505859375,0.0185546875,-0.158447265625,4.5968
-9.099236641221374,-1.1755725190839694,9.221374045801527,-0.464599609375,0.015380859375,-0.145751953125,4.5985
-8.992366412213741,-1.0076335877862594,9.19083969465649,-0.46484375,0.01708984375,-0.1474609375,4.6002
-9.068702290076336,-0.9618320610687023,8.870229007633588,-0.464111328125,0.017822265625,-0.152587890625,4.6019
-8.946564885496183,-0.9312977099236641,8.80916030534351,-0.4619140625,0.016845703125,-0.153564453125,4.6036
-8.65648854961832,-1.1297709923664123,8.717557251908397,-0.463134765625,0.0166015625,-0.1494140625,4.6053
-8.748091603053435,-1.1450381679389312,8.412213740458014,-0.46728515625,0.0185546875,-0.152099609375,4.606999999999999
-8.442748091603054,-0.9770992366412213,8.458015267175572,-0.460693359375,0.01708984375,-0.14892578125,4.6087
-8.50381679389313,-0.9923664122137404,8.198473282442748,-0.466796875,0.01953125,-0.141845703125,4.610399999999999
-8.549618320610687,-0.9923664122137404,7.969465648854962,-0.466796875,0.01611328125,-0.15478515625,4.6121
-8.259541984732824,-1.0534351145038168,7.847328244274809,-0.46630859375,0.01123046875,-0.15966796875,4.6137999999999995
-8.076335877862595,-1.099236641221374,7.786259541984733,-0.472900390625,0.019775390625,-0.151123046875,4.6155
-7.9541984732824424,-0.7786259541984732,7.450381679389313,-0.464599609375,0.017578125,-0.145751953125,4.6171999999999995
-7.8320610687022905,-0.7938931297709924,7.450381679389313,-0.467529296875,0.01708984375,-0.1435546875,4.6189
-7.786259541984733,-0.7633587786259542,7.068702290076335,-0.4677734375,0.01806640625,-0.148193359375,4.6206
-7.740458015267175,-0.7480916030534351,7.190839694656488,-0.462646484375,0.017822265625,-0.147705078125,4.6223
-7.66412213740458,-0.8702290076335878,7.114503816793893,-0.46337890625,0.017333984375,-0.145263671875,4.624
-7.526717557251908,-0.7175572519083969,6.793893129770993,-0.46630859375,0.01416015625,-0.1376953125,4.6257
-7.374045801526718,-0.8244274809160306,6.748091603053435,-0.466064453125,0.02001953125,-0.148681640625,4.6274
-7.251908396946565,-0.8244274809160306,6.549618320610687,-0.46484375,0.0205078125,-0.152587890625,4.629099999999999
-7.068702290076335,-0.6106870229007634,6.5038167938931295,-0.46240234375,0.017822265625,-0.150146484375,4.6308
-7.236641221374046,-0.6259541984732825,6.427480916030534,-0.467529296875,0.017822265625,-0.150634765625,4.632499999999999
-6.961832061068702,-0.6717557251908397,6.152671755725191,-0.46923828125,0.017578125,-0.146240234375,4.6342
-6.824427480916031,-0.3969465648854962,6.1679389312977095,-0.46923828125,0.01708984375,-0.151611328125,4.6358999999999995
-6.870229007633588,-0.4580152671755725,5.923664122137405,-0.46435546875,0.01513671875,-0.146728515625,4.6376
-6.717557251908397,-0.4122137404580153,5.908396946564886,-0.467529296875,0.0146484375,-0.15576171875,4.6392999999999995
-6.564885496183206,-0.3816793893129771,5.923664122137405,-0.466552734375,0.015380859375,-0.15283203125,4.641
-6.549618320610687,-0.5954198473282443,5.770992366412214,-0.468017578125,0.0166015625,-0.14892578125,4.6427
-6.641221374045801,-0.48854961832061067,5.66412213740458,-0.46630859375,0.019287109375,-0.149169921875,4.6444
-6.412213740458015,-0.33587786259541985,5.633587786259542,-0.47119140625,0.021728515625,-0.14599609375,4.6461
-6.351145038167939,-0.4122137404580153,5.603053435114504,-0.46435546875,0.013671875,-0.14990234375,4.6478
-6.33587786259542,-0.1984732824427481,5.435114503816794,-0.471923828125,0.016357421875,-0.156005859375,4.6495
-6.244274809160306,-0.22900763358778625,5.358778625954199,-0.467529296875,0.02392578125,-0.152587890625,4.651199999999999
-6.183206106870229,-0.015267175572519083,5.297709923664122,-0.464599609375,0.02392578125,-0.151123046875,4.6529
-6.091603053435114,-0.030534351145038167,5.083969465648855,-0.46875,0.01611328125,-0.15087890625,4.654599999999999
-6.091603053435114,0.13740458015267176,5.0534351145038165,-0.465087890625,0.019287109375,-0.152099609375,4.6563
-5.984732824427481,0.12213740458015267,5.00763358778626,-0.467041015625,0.015380859375,-0.15234375,4.6579999999999995
-5.9541984732824424,0.13740458015267176,5.099236641221374,-0.466552734375,0.0126953125,-0.156005859375,4.6597
-5.816793893129771,0.24427480916030533,4.854961832061068,-0.46923828125,0.01904296875,-0.1455078125,4.6613999999999995
-5.816793893129771,0.366412213740458,4.824427480916031,-0.470458984375,0.0126953125,-0.1474609375,4.6631
-5.8320610687022905,0.3816793893129771,4.458015267175573,-0.461181640625,0.01611328125,-0.147216796875,4.6648
-5.694656488549619,0.6259541984732825,4.67175572519084,-0.468017578125,0.015625,-0.150390625,4.6665
-5.541984732824427,0.6717557251908397,4.458015267175573,-0.468017578125,0.016357421875,-0.15087890625,4.6682
-5.66412213740458,0.732824427480916,4.641221374045801,-0.459228515625,0.019287109375,-0.14892578125,4.6699
-5.4961832061068705,0.6106870229007634,4.458015267175573,-0.462646484375,0.01416015625,-0.145263671875,4.6716
-5.419847328244275,0.5648854961832062,4.458015267175573,-0.4697265625,0.01953125,-0.15087890625,4.673299999999999
-5.343511450381679,0.7786259541984732,4.1679389312977095,-0.467529296875,0.0166015625,-0.146484375,4.675
-5.374045801526718,0.7786259541984732,4.213740458015267,-0.46728515625,0.013916015625,-0.15185546875,4.676699999999999
-5.145038167938932,0.9007633587786259,4.183206106870229,-0.462646484375,0.013916015625,-0.154541015625,4.6784
-5.038167938931298,1.0076335877862594,4.152671755725191,-0.467529296875,0.0166015625,-0.156982421875,4.6800999999999995
-5.099236641221374,0.9465648854961832,3.877862595419847,-0.467041015625,0.01171875,-0.143798828125,4.6818
-5.282442748091603,0.9312977099236641,4.015267175572519,-0.46240234375,0.010009765625,-0.15478515625,4.6834999999999996
-5.0534351145038165,0.9312977099236641,3.969465648854962,-0.46484375,0.013916015625,-0.139404296875,4.6852
-5.022900763358779,0.9770992366412213,3.954198473282443,-0.46337890625,0.01513671875,-0.152099609375,4.6869
-4.99236641221374,0.9770992366412213,3.633587786259542,-0.463623046875,0.018310546875,-0.14208984375,4.6886
-4.916030534351145,1.2213740458015268,3.6946564885496183,-0.46337890625,0.021240234375,-0.156005859375,4.6903
-4.824427480916031,0.9770992366412213,3.648854961832061,-0.463134765625,0.01708984375,-0.154541015625,4.692
-4.763358778625954,1.0229007633587786,3.6946564885496183,-0.468017578125,0.014404296875,-0.145751953125,4.6937
-5.038167938931298,1.099236641221374,3.3435114503816794,-0.4619140625,0.01416015625,-0.152099609375,4.695399999999999
-4.9465648854961835,1.1297709923664123,3.480916030534351,-0.465087890625,0.018310546875,-0.150390625,4.6971
-4.763358778625954,1.0381679389312977,3.4656488549618323,-0.467041015625,0.01953125,-0.15185546875,4.698799999999999
-4.793893129770993,1.251908396946565,3.3282442748091605,-0.467041015625,0.015869140625,-0.1474609375,4.7005
-4.6106870229007635,1.2671755725190839,3.1603053435114505,-0.468505859375,0.013427734375,-0.150390625,4.7021999999999995
-4.687022900763359,1.2671755725190839,3.2519083969465647,-0.465576171875,0.015625,-0.14892578125,4.7039
-4.641221374045801,1.1603053435114503,3.053435114503817,-0.465576171875,0.01513671875,-0.142333984375,4.7056
-4.6106870229007635,1.1297709923664123,3.2061068702290076,-0.466552734375,0.020751953125,-0.14990234375,4.7073
-4.5038167938931295,1.2671755725190839,2.900763358778626,-0.4677734375,0.017333984375,-0.1513671875,4.709
-4.5038167938931295,1.5114503816793894,2.931297709923664,-0.45849609375,0.011474609375,-0.146728515625,4.7107
-4.488549618320611,1.2213740458015268,2.7022900763358777,-0.4609375,0.01611328125,-0.15478515625,4.7124
-4.534351145038168,1.1603053435114503,2.6564885496183206,-0.46240234375,0.01806640625,-0.155517578125,4.7141
-4.3816793893129775,1.282442748091603,2.7022900763358777,-0.46728515625,0.0205078125,-0.151123046875,4.7158
-4.152671755725191,1.251908396946565,2.6412213740458017,-0.468017578125,0.01513671875,-0.1552734375,4.717499999999999
-4.320610687022901,1.4045801526717556,2.381679389312977,-0.464599609375,0.017578125,-0.149658203125,4.7192
-4.412213740458015,1.297709923664122,2.50381679389313,-0.46630859375,0.013427734375,-0.149658203125,4.720899999999999
-4.137404580152672,1.1450381679389312,2.198473282442748,-0.464599609375,0.02001953125,-0.1552734375,4.7226
-4.290076335877862,1.1450381679389312,2.381679389312977,-0.4658203125,0.02392578125,-0.150634765625,4.7242999999999995
-4.106870229007634,1.1755725190839694,2.3053435114503817,-0.466796875,0.01611328125,-0.144287109375,4.726
-4.076335877862595,1.2366412213740459,2.351145038167939,-0.462158203125,0.01708984375,-0.1484375,4.7277
-3.9389312977099236,1.282442748091603,2.3206106870229006,-0.469482421875,0.015380859375,-0.144287109375,4.7294
-3.8931297709923665,1.2671755725190839,2.122137404580153,-0.4658203125,0.015625,-0.145751953125,4.7311
-3.8473282442748094,1.083969465648855,1.8931297709923665,-0.46044921875,0.01611328125,-0.138671875,4.7328
-3.786259541984733,1.2366412213740459,1.984732824427481,-0.462158203125,0.01953125,-0.149658203125,4.7345
-3.816793893129771,1.2671755725190839,1.8625954198473282,-0.462890625,0.017578125,-0.141845703125,4.736199999999999
-3.450381679389313,1.3282442748091603,1.9236641221374047,-0.46728515625,0.020263671875,-0.15625,4.7379
-3.66412213740458,1.2671755725190839,1.6793893129770991,-0.464111328125,0.013671875,-0.158935546875,4.739599999999999
-3.648854961832061,1.2671755725190839,1.816793893129771,-0.46875,0.011474609375,-0.161865234375,4.7413
-3.6030534351145036,1.2213740458015268,1.5572519083969465,-0.46533203125,0.014892578125,-0.14599609375,4.742999999999999
-3.3587786259541983,1.5572519083969465,1.816793893129771,-0.4580078125,0.014892578125,-0.151611328125,4.7447
-3.3435114503816794,1.3587786259541985,1.6793893129770991,-0.46142578125,0.015380859375,-0.147705078125,4.7463999999999995
-3.2519083969465647,1.2061068702290076,1.7404580152671756,-0.4697265625,0.015380859375,-0.154296875,4.7481
-3.3435114503816794,1.3740458015267176,1.633587786259542,-0.46484375,0.0126953125,-0.1416015625,4.7498
-3.1755725190839694,1.3893129770992367,1.5572519083969465,-0.46630859375,0.016357421875,-0.150390625,4.7515
-3.0839694656488548,1.297709923664122,1.3587786259541985,-0.466064453125,0.014892578125,-0.14794921875,4.7532
-3.099236641221374,1.5267175572519085,1.618320610687023,-0.464599609375,0.01611328125,-0.150146484375,4.7549
-2.946564885496183,1.4351145038167938,1.3587786259541985,-0.4638671875,0.01953125,-0.146728515625,4.7566
-2.946564885496183,1.3740458015267176,1.5114503816793894,-0.46240234375,0.02001953125,-0.14404296875,4.758299999999999
-2.854961832061069,1.3893129770992367,1.465648854961832,-0.469970703125,0.019775390625,-0.14892578125,4.76
-2.946564885496183,1.6488549618320612,1.4961832061068703,-0.466796875,0.01708984375,-0.145263671875,4.761699999999999
-2.900763358778626,1.5419847328244274,1.4351145038167938,-0.464599609375,0.0166015625,-0.139892578125,4.7634
-2.7480916030534353,1.450381679389313,1.5725190839694656,-0.464599609375,0.016357421875,-0.150634765625,4.7650999999999994
-2.7022900763358777,1.5267175572519085,1.3435114503816794,-0.46337890625,0.0126953125,-0.15673828125,4.7668
-2.732824427480916,1.4961832061068703,1.3893129770992367,-0.462646484375,0.01318359375,-0.154296875,4.7684999999999995
-2.6717557251908395,1.5114503816793894,1.3893129770992367,-0.467529296875,0.017333984375,-0.149658203125,4.7702
-2.595419847328244,1.450381679389313,1.3435114503816794,-0.46728515625,0.012451171875,-0.152099609375,4.7719
-2.549618320610687,1.5419847328244274,1.297709923664122,-0.469482421875,0.014404296875,-0.1484375,4.7736
-2.6106870229007635,1.5572519083969465,1.297709923664122,-0.465576171875,0.01513671875,-0.14501953125,4.7753
-2.427480916030534,1.5725190839694656,1.3893129770992367,-0.46630859375,0.01611328125,-0.153076171875,4.777
-2.2900763358778624,1.5114503816793894,1.3587786259541985,-0.468017578125,0.013427734375,-0.147705078125,4.7787
-2.33587786259542,1.5725190839694656,1.4198473282442747,-0.466064453125,0.0107421875,-0.1513671875,4.780399999999999
-2.2748091603053435,1.450381679389313,1.251908396946565,-0.464111328125,0.015869140625,-0.1533203125,4.7821
-2.3206106870229006,1.6641221374045803,1.083969465648855,-0.468017578125,0.013671875,-0.142822265625,4.783799999999999
-2.1068702290076335,1.6793893129770991,1.251908396946565,-0.46142578125,0.015625,-0.150146484375,4.7855
-2.2595419847328246,1.6793893129770991,1.1450381679389312,-0.461181640625,0.020751953125,-0.14794921875,4.7871999999999995
-2.2748091603053435,1.6946564885496183,1.1145038167938932,-0.463623046875,0.02197265625,-0.15234375,4.7889
-2.1374045801526718,1.6030534351145038,1.1145038167938932,-0.46630859375,0.018310546875,-0.1435546875,4.7905999999999995
-2.2442748091603053,1.7251908396946565,1.1297709923664123,-0.462158203125,0.0166015625,-0.144287109375,4.7923
-1.8625954198473282,1.7251908396946565,1.0687022900763359,-0.46142578125,0.012939453125,-0.145263671875,4.794
-2.0,1.7251908396946565,1.099236641221374,-0.465087890625,0.01416015625,-0.15234375,4.7957
-1.8778625954198473,2.0,1.1755725190839694,-0.46484375,0.017578125,-0.1513671875,4.7974
-1.9694656488549618,1.5877862595419847,0.8702290076335878,-0.466552734375,0.021240234375,-0.147705078125,4.7991
-1.8778625954198473,1.465648854961832,0.9465648854961832,-0.46630859375,0.012451171875,-0.151123046875,4.8008
-1.984732824427481,1.7404580152671756,1.0687022900763359,-0.46142578125,0.01416015625,-0.143310546875,4.802499999999999
-1.7251908396946565,1.8015267175572518,1.0076335877862594,-0.463134765625,0.016845703125,-0.153564453125,4.8042
-1.7404580152671756,1.8473282442748091,1.0229007633587786,-0.4619140625,0.01611328125,-0.156982421875,4.805899999999999
-1.6946564885496183,1.9541984732824427,0.8549618320610687,-0.463623046875,0.017578125,-0.1474609375,4.8076
-1.5114503816793894,1.8625954198473282,0.9770992366412213,-0.458984375,0.015869140625,-0.1376953125,4.8092999999999995
-1.7251908396946565,1.816793893129771,0.9312977099236641,-0.460693359375,0.01513671875,-0.148681640625,4.811
-1.4961832061068703,1.8931297709923665,0.6564885496183206,-0.46435546875,0.015625,-0.14794921875,4.8126999999999995
-1.6793893129770991,1.7709923664122138,0.8854961832061069,-0.462890625,0.0146484375,-0.147705078125,4.8144
-1.4961832061068703,1.8473282442748091,0.8549618320610687,-0.45947265625,0.014404296875,-0.150390625,4.8161
-1.7251908396946565,1.8015267175572518,0.6412213740458015,-0.463134765625,0.013427734375,-0.14794921875,4.8178
-1.6641221374045803,1.816793893129771,0.7938931297709924,-0.459716796875,0.015869140625,-0.152099609375,4.8195
-1.5572519083969465,1.6793893129770991,0.8396946564885496,-0.461669921875,0.018310546875,-0.152099609375,4.8212
-1.4961832061068703,1.7557251908396947,0.5954198473282443,-0.464111328125,0.019775390625,-0.144775390625,4.8229
-1.6946564885496183,1.9541984732824427,0.5954198473282443,-0.45751953125,0.014404296875,-0.14697265625,4.824599999999999
-1.7404580152671756,1.5725190839694656,0.6259541984732825,-0.462890625,0.020751953125,-0.151123046875,4.8263
-1.618320610687023,1.450381679389313,0.6259541984732825,-0.458740234375,0.019775390625,-0.140869140625,4.827999999999999
-1.465648854961832,1.816793893129771,0.5038167938931297,-0.46142578125,0.006591796875,-0.1416015625,4.8297
-1.5267175572519085,1.5725190839694656,0.48854961832061067,-0.46044921875,0.0087890625,-0.1455078125,4.8313999999999995
-1.5725190839694656,1.5419847328244274,0.4122137404580153,-0.4580078125,0.018310546875,-0.15478515625,4.8331
-1.3740458015267176,1.6793893129770991,0.4580152671755725,-0.45751953125,0.017333984375,-0.14453125,4.8347999999999995
-1.4198473282442747,1.618320610687023,0.16793893129770993,-0.4599609375,0.0205078125,-0.14990234375,4.8365
-1.5267175572519085,1.5114503816793894,0.2900763358778626,-0.460693359375,0.015869140625,-0.146728515625,4.8382
-1.4809160305343512,1.4961832061068703,0.183206106870229,-0.458984375,0.024169921875,-0.15478515625,4.8399
-1.3587786259541985,1.4198473282442747,0.1984732824427481,-0.45849609375,0.01904296875,-0.15478515625,4.8416
-1.3435114503816794,1.5267175572519085,0.061068702290076333,-0.463134765625,0.020263671875,-0.156005859375,4.8433
-1.4045801526717556,1.4198473282442747,0.183206106870229,-0.468505859375,0.017822265625,-0.15771484375,4.845
-1.251908396946565,1.3129770992366412,-0.16793893129770993,-0.45947265625,0.0205078125,-0.146484375,4.846699999999999
-1.297709923664122,1.3740458015267176,-0.015267175572519083,-0.458251953125,0.020263671875,-0.149169921875,4.8484
-1.2671755725190839,1.3893129770992367,0.061068702290076333,-0.4619140625,0.015869140625,-0.15625,4.850099999999999
-1.297709923664122,1.2671755725190839,0.061068702290076333,-0.464111328125,0.01806640625,-0.1513671875,4.8518
-1.3435114503816794,1.5114503816793894,-0.24427480916030533,-0.460693359375,0.015869140625,-0.1513671875,4.8534999999999995
-1.1908396946564885,1.4198473282442747,-0.22900763358778625,-0.465087890625,0.018798828125,-0.14404296875,4.8552
-1.2366412213740459,1.450381679389313,-0.2900763358778626,-0.464599609375,0.01708984375,-0.150390625,4.8568999999999996
-1.1145038167938932,1.5877862595419847,-0.12213740458015267,-0.4677734375,0.01611328125,-0.146240234375,4.8586
-1.2061068702290076,1.465648854961832,-0.6259541984732825,-0.46826171875,0.018798828125,-0.154052734375,4.8603
-1.1603053435114503,1.5114503816793894,-0.3053435114503817,-0.466552734375,0.0146484375,-0.145751953125,4.862
-1.2366412213740459,1.4809160305343512,-0.3969465648854962,-0.466796875,0.015625,-0.146240234375,4.8637
-1.0687022900763359,1.6946564885496183,-0.549618320610687,-0.464111328125,0.015625,-0.15234375,4.8654
-0.9923664122137404,1.465648854961832,-0.6412213740458015,-0.47314453125,0.018310546875,-0.155517578125,4.8671
-1.0534351145038168,1.5267175572519085,-0.6717557251908397,-0.464111328125,0.019775390625,-0.143798828125,4.868799999999999
-1.0381679389312977,1.8015267175572518,-0.732824427480916,-0.470458984375,0.0166015625,-0.14111328125,4.8705
-1.0687022900763359,1.7404580152671756,-0.6717557251908397,-0.46923828125,0.013671875,-0.15185546875,4.872199999999999
-1.0534351145038168,1.8931297709923665,-0.8549618320610687,-0.465087890625,0.01513671875,-0.16259765625,4.8739
-1.0076335877862594,1.6793893129770991,-0.8549618320610687,-0.46240234375,0.01611328125,-0.155517578125,4.8755999999999995
-0.8244274809160306,1.6488549618320612,-1.083969465648855,-0.468505859375,0.01708984375,-0.15185546875,4.8773
-1.099236641221374,1.786259541984733,-1.0229007633587786,-0.46826171875,0.017578125,-0.14990234375,4.879
-1.0229007633587786,1.6488549618320612,-1.099236641221374,-0.46533203125,0.01806640625,-0.154541015625,4.8807
-0.8854961832061069,1.816793893129771,-1.1145038167938932,-0.4609375,0.018310546875,-0.152587890625,4.8824
-0.9465648854961832,1.9236641221374047,-1.3129770992366412,-0.468505859375,0.01806640625,-0.153076171875,4.8841
-0.732824427480916,1.6946564885496183,-1.2366412213740459,-0.46484375,0.016357421875,-0.1494140625,4.8858
-0.916030534351145,1.786259541984733,-1.3740458015267176,-0.460205078125,0.012451171875,-0.14697265625,4.887499999999999
-1.0076335877862594,1.7404580152671756,-1.1603053435114503,-0.466064453125,0.012939453125,-0.150634765625,4.8892
-0.8549618320610687,1.8473282442748091,-1.2671755725190839,-0.461669921875,0.01123046875,-0.1513671875,4.890899999999999
-0.8244274809160306,1.8473282442748091,-1.3435114503816794,-0.465087890625,0.013671875,-0.16162109375,4.8926
-0.7480916030534351,1.6030534351145038,-1.450381679389313,-0.465576171875,0.019775390625,-0.158203125,4.894299999999999
-0.7480916030534351,1.6488549618320612,-1.282442748091603,-0.461181640625,0.016845703125,-0.1455078125,4.896
-0.9312977099236641,1.9083969465648856,-1.3740458015267176,-0.46337890625,0.017822265625,-0.140869140625,4.8976999999999995
-1.0076335877862594,1.8473282442748091,-1.3129770992366412,-0.462158203125,0.02099609375,-0.15087890625,4.8994
-0.9923664122137404,1.7251908396946565,-1.5572519083969465,-0.467529296875,0.012939453125,-0.14892578125,4.9011
-0.8091603053435115,1.6030534351145038,-1.4351145038167938,-0.467041015625,0.0146484375,-0.146728515625,4.9028
-1.2213740458015268,1.8015267175572518,-1.5114503816793894,-0.463623046875,0.017578125,-0.15185546875,4.9045
-0.9923664122137404,1.6946564885496183,-1.3282442748091603,-0.46240234375,0.015625,-0.1572265625,4.9062
-1.0534351145038168,1.7251908396946565,-1.5267175572519085,-0.46484375,0.01025390625,-0.1474609375,4.9079
-1.0076335877862594,1.5572519083969465,-1.5877862595419847,-0.4619140625,0.01171875,-0.15234375,4.909599999999999
-1.0534351145038168,1.5725190839694656,-1.816793893129771,-0.467041015625,0.0126953125,-0.16064453125,4.9113
-1.2213740458015268,1.4198473282442747,-1.3893129770992367,-0.466064453125,0.01318359375,-0.156005859375,4.912999999999999
-0.9465648854961832,1.5725190839694656,-1.5725190839694656,-0.46435546875,0.01611328125,-0.157470703125,4.9147
-1.2213740458015268,1.5725190839694656,-1.465648854961832,-0.46435546875,0.014892578125,-0.151123046875,4.916399999999999
-1.282442748091603,1.465648854961832,-1.4809160305343512,-0.46337890625,0.019287109375,-0.15185546875,4.9181
-1.1297709923664123,1.3740458015267176,-1.5419847328244274,-0.46337890625,0.01904296875,-0.1552734375,4.9197999999999995
-1.251908396946565,1.465648854961832,-1.5419847328244274,-0.4638671875,0.018798828125,-0.155029296875,4.9215
-1.0229007633587786,1.2671755725190839,-1.5572519083969465,-0.46240234375,0.019775390625,-0.1474609375,4.9232
-1.2213740458015268,1.282442748091603,-1.5267175572519085,-0.4638671875,0.018798828125,-0.155517578125,4.9249
-1.3282442748091603,1.2366412213740459,-1.7251908396946565,-0.462890625,0.016357421875,-0.146240234375,4.9266
-1.1450381679389312,1.0076335877862594,-1.984732824427481,-0.4580078125,0.017578125,-0.151123046875,4.9283
-1.282442748091603,1.0381679389312977,-1.6488549618320612,-0.4638671875,0.019775390625,-0.154296875,4.93
-1.0381679389312977,0.9465648854961832,-1.618320610687023,-0.4638671875,0.015625,-0.142822265625,4.931699999999999
-1.3129770992366412,0.9465648854961832,-1.8625954198473282,-0.458740234375,0.01513671875,-0.14306640625,4.9334
-1.3587786259541985,0.8549618320610687,-1.9694656488549618,-0.46044921875,0.015625,-0.152099609375,4.935099999999999
-1.083969465648855,0.732824427480916,-1.8625954198473282,-0.45849609375,0.01611328125,-0.154296875,4.9368
-1.099236641221374,0.7786259541984732,-1.8473282442748091,-0.463134765625,0.02099609375,-0.150634765625,4.9384999999999994
-1.251908396946565,0.6717557251908397,-1.7251908396946565,-0.4580078125,0.01953125,-0.14892578125,4.9402
-1.0687022900763359,0.5954198473282443,-2.183206106870229,-0.462158203125,0.022216796875,-0.154052734375,4.9418999999999995
-0.9465648854961832,0.6259541984732825,-2.0,-0.455322265625,0.017578125,-0.150634765625,4.9436
-1.083969465648855,0.549618320610687,-1.9694656488549618,-0.457763671875,0.020751953125,-0.151611328125,4.9453
-1.099236641221374,0.3816793893129771,-2.045801526717557,-0.45947265625,0.01806640625,-0.147705078125,4.947
-1.1603053435114503,0.42748091603053434,-2.030534351145038,-0.460693359375,0.013427734375,-0.143310546875,4.9487
-0.9923664122137404,0.32061068702290074,-2.183206106870229,-0.463134765625,0.02099609375,-0.15234375,4.9504
-0.9770992366412213,0.33587786259541985,-2.1526717557251906,-0.458251953125,0.02294921875,-0.151123046875,4.9521
-0.9770992366412213,0.22900763358778625,-2.2748091603053435,-0.461669921875,0.016845703125,-0.149658203125,4.953799999999999
-0.8396946564885496,0.2595419847328244,-2.2900763358778624,-0.458740234375,0.0185546875,-0.140625,4.9555
-0.7175572519083969,0.10687022900763359,-2.1526717557251906,-0.4599609375,0.017822265625,-0.153076171875,4.957199999999999
-0.5648854961832062,0.015267175572519083,-2.3206106870229006,-0.459716796875,0.02001953125,-0.140869140625,4.9589
-0.6870229007633588,-0.07633587786259542,-2.3969465648854964,-0.463623046875,0.02099609375,-0.14990234375,4.9605999999999995
-0.4580152671755725,0.04580152671755725,-2.2290076335877864,-0.465087890625,0.02197265625,-0.14501953125,4.9623
-0.5801526717557252,-0.15267175572519084,-2.351145038167939,-0.457763671875,0.01904296875,-0.1513671875,4.9639999999999995
-0.5190839694656488,-0.13740458015267176,-2.427480916030534,-0.46875,0.021484375,-0.1484375,4.9657
-0.3511450381679389,0.015267175572519083,-2.3969465648854964,-0.463623046875,0.021240234375,-0.14453125,4.9674
-0.33587786259541985,-0.12213740458015267,-2.50381679389313,-0.460693359375,0.019775390625,-0.15576171875,4.9691
-0.16793893129770993,-0.061068702290076333,-2.4580152671755724,-0.46142578125,0.02099609375,-0.1552734375,4.9708
-0.0916030534351145,-0.21374045801526717,-2.2442748091603053,-0.461181640625,0.021484375,-0.14453125,4.9725
-0.1984732824427481,-0.0916030534351145,-2.4427480916030535,-0.46728515625,0.021728515625,-0.151611328125,4.9742
-0.21374045801526717,-0.13740458015267176,-2.6717557251908395,-0.46484375,0.02099609375,-0.15087890625,4.975899999999999
0.13740458015267176,-0.2748091603053435,-2.6106870229007635,-0.462158203125,0.020751953125,-0.149169921875,4.9776
0.33587786259541985,-0.1984732824427481,-2.4732824427480917,-0.466796875,0.016845703125,-0.146728515625,4.979299999999999
0.2900763358778626,-0.3053435114503817,-2.4885496183206106,-0.46435546875,0.02294921875,-0.14453125,4.981
0.366412213740458,-0.16793893129770993,-2.5343511450381677,-0.4619140625,0.02197265625,-0.15380859375,4.9826999999999995
0.366412213740458,-0.2748091603053435,-2.6717557251908395,-0.461669921875,0.026611328125,-0.148681640625,4.9844
0.42748091603053434,-0.07633587786259542,-2.6259541984732824,-0.463134765625,0.022216796875,-0.1474609375,4.9860999999999995
0.5190839694656488,-0.183206106870229,-2.564885496183206,-0.46630859375,0.016357421875,-0.14453125,4.9878
0.6564885496183206,-0.2595419847328244,-2.549618320610687,-0.466064453125,0.0234375,-0.147705078125,4.9895
0.9312977099236641,-0.0916030534351145,-2.732824427480916,-0.459716796875,0.01171875,-0.14892578125,4.9912
0.9007633587786259,-0.21374045801526717,-2.687022900763359,-0.465576171875,0.015625,-0.145751953125,4.9929
0.8244274809160306,-0.10687022900763359,-2.687022900763359,-0.457763671875,0.0205078125,-0.1455078125,4.9946
1.1145038167938932,-0.0916030534351145,-2.5801526717557253,-0.46533203125,0.022705078125,-0.1484375,4.9963
1.251908396946565,-0.12213740458015267,-2.549618320610687,-0.466552734375,0.0185546875,-0.15283203125,4.997999999999999
1.2671755725190839,-0.15267175572519084,-2.519083969465649,-0.464599609375,0.02294921875,-0.153076171875,4.9997
1.297709923664122,-0.07633587786259542,-2.717557251908397,-0.461669921875,0.023681640625,-0.150634765625,5.001399999999999
1.5877862595419847,-0.183206106870229,-2.6564885496183206,-0.46142578125,0.018798828125,-0.1455078125,5.0031
1.6946564885496183,-0.10687022900763359,-2.763358778625954,-0.461181640625,0.01806640625,-0.1474609375,5.0047999999999995
1.7404580152671756,-0.0916030534351145,-2.7022900763358777,-0.463623046875,0.01416015625,-0.139404296875,5.0065
1.5572519083969465,0.061068702290076333,-2.7022900763358777,-0.47021484375,0.02001953125,-0.147216796875,5.0081999999999995
1.816793893129771,0.12213740458015267,-2.7938931297709924,-0.46875,0.025390625,-0.1533203125,5.0099
1.8625954198473282,0.16793893129770993,-2.6259541984732824,-0.46337890625,0.0234375,-0.147216796875,5.0116
1.8625954198473282,0.16793893129770993,-2.763358778625954,-0.46337890625,0.017822265625,-0.14599609375,5.0133
1.9083969465648856,0.030534351145038167,-2.931297709923664,-0.463623046875,0.016845703125,-0.14453125,5.015
2.0916030534351147,0.13740458015267176,-2.687022900763359,-0.468505859375,0.01806640625,-0.1572265625,5.0167
1.9694656488549618,0.32061068702290074,-2.763358778625954,-0.463623046875,0.021728515625,-0.149169921875,5.0184
2.122137404580153,0.366412213740458,-2.9618320610687023,-0.465087890625,0.018310546875,-0.15283203125,5.020099999999999
2.3053435114503817,0.3816793893129771,-3.0839694656488548,-0.4677734375,0.01318359375,-0.15185546875,5.0218
2.198473282442748,0.22900763358778625,-3.0839694656488548,-0.462646484375,0.02734375,-0.158447265625,5.023499999999999
2.213740458015267,0.5954198473282443,-3.1755725190839694,-0.46337890625,0.0185546875,-0.1474609375,5.0252
2.366412213740458,0.44274809160305345,-3.236641221374046,-0.465576171875,0.012451171875,-0.153076171875,5.0268999999999995
2.3969465648854964,0.44274809160305345,-3.236641221374046,-0.466796875,0.01220703125,-0.139892578125,5.0286
2.50381679389313,0.549618320610687,-2.9923664122137406,-0.462158203125,0.01123046875,-0.149658203125,5.0302999999999995
2.3206106870229006,0.366412213740458,-3.114503816793893,-0.464599609375,0.011962890625,-0.151123046875,5.032
2.381679389312977,0.48854961832061067,-3.099236641221374,-0.461669921875,0.019775390625,-0.1484375,5.0337
2.2442748091603053,0.5801526717557252,-3.435114503816794,-0.46044921875,0.014404296875,-0.14794921875,5.0354
2.183206106870229,0.549618320610687,-3.236641221374046,-0.46142578125,0.013916015625,-0.1494140625,5.0371
2.381679389312977,0.3816793893129771,-3.5267175572519083,-0.46142578125,0.012451171875,-0.1494140625,5.038799999999999
2.381679389312977,0.4580152671755725,-3.2977099236641223,-0.459228515625,0.016845703125,-0.1396484375,5.0405
2.198473282442748,0.42748091603053434,-3.236641221374046,-0.461181640625,0.01171875,-0.15185546875,5.042199999999999
2.16793893129771,0.3053435114503817,-3.450381679389313,-0.4638671875,0.01220703125,-0.1484375,5.0439
2.4427480916030535,0.3816793893129771,-3.3587786259541983,-0.464599609375,0.018798828125,-0.147705078125,5.045599999999999
2.2900763358778624,0.2595419847328244,-3.4656488549618323,-0.4560546875,0.01416015625,-0.150390625,5.0473
2.33587786259542,0.3511450381679389,-3.618320610687023,-0.458984375,0.01220703125,-0.15380859375,5.0489999999999995
2.366412213740458,0.22900763358778625,-3.49618320610687,-0.45654296875,0.012939453125,-0.147216796875,5.0507
2.381679389312977,0.366412213740458,-3.5572519083969465,-0.45849609375,0.012451171875,-0.14697265625,5.0524
2.183206106870229,0.2748091603053435,-3.404580152671756,-0.46044921875,0.0126953125,-0.140380859375,5.0541
2.381679389312977,0.10687022900763359,-3.633587786259542,-0.458984375,0.010986328125,-0.1552734375,5.0558
2.3969465648854964,0.10687022900763359,-3.49618320610687,-0.461669921875,0.016357421875,-0.145263671875,5.0575
2.2442748091603053,0.0,-3.4656488549618323,-0.459716796875,0.013916015625,-0.148193359375,5.0592
2.2442748091603053,0.0,-3.404580152671756,-0.463134765625,0.012451171875,-0.142578125,5.060899999999999
2.2748091603053435,0.16793893129770993,-3.5877862595419847,-0.4638671875,0.006591796875,-0.148681640625,5.0626
2.183206106870229,0.0,-3.4198473282442747,-0.461669921875,0.0146484375,-0.152587890625,5.064299999999999
2.1526717557251906,-0.12213740458015267,-3.5114503816793894,-0.457763671875,0.013427734375,-0.14990234375,5.066
2.213740458015267,-0.21374045801526717,-3.3435114503816794,-0.4599609375,0.010986328125,-0.13720703125,5.067699999999999
2.030534351145038,-0.15267175572519084,-3.5267175572519083,-0.46484375,0.010498046875,-0.146484375,5.0694
1.9083969465648856,-0.3053435114503817,-3.4198473282442747,-0.459228515625,0.01416015625,-0.143798828125,5.0710999999999995
1.984732824427481,-0.2595419847328244,-3.282442748091603,-0.464111328125,0.01220703125,-0.146484375,5.0728
2.16793893129771,-0.1984732824427481,-3.1908396946564888,-0.465576171875,0.010498046875,-0.14892578125,5.0745
2.030534351145038,-0.5190839694656488,-3.3435114503816794,-0.4609375,0.01123046875,-0.155517578125,5.0762
1.9694656488549618,-0.2748091603053435,-3.2519083969465647,-0.4619140625,0.01025390625,-0.143310546875,5.0779
1.7251908396946565,-0.183206106870229,-3.2213740458015265,-0.461669921875,0.00927734375,-0.153076171875,5.0796
1.6946564885496183,-0.5038167938931297,-3.068702290076336,-0.46337890625,0.005126953125,-0.14306640625,5.0813
1.633587786259542,-0.7786259541984732,-3.1603053435114505,-0.467529296875,0.006591796875,-0.14794921875,5.082999999999999
1.4198473282442747,-0.9770992366412213,-3.0839694656488548,-0.46728515625,0.00830078125,-0.15380859375,5.0847
1.5114503816793894,-0.916030534351145,-2.9160305343511452,-0.458740234375,0.013916015625,-0.1484375,5.086399999999999
1.4961832061068703,-1.1145038167938932,-2.9160305343511452,-0.45849609375,0.00927734375,-0.146484375,5.0881
1.5114503816793894,-0.9923664122137404,-2.8396946564885495,-0.464599609375,0.012451171875,-0.155029296875,5.089799999999999
1.4809160305343512,-0.9007633587786259,-3.0839694656488548,-0.46142578125,0.009521484375,-0.15283203125,5.0915
1.3282442748091603,-0.9312977099236641,-3.053435114503817,-0.46337890625,0.0146484375,-0.154052734375,5.0931999999999995
1.4961832061068703,-0.8091603053435115,-2.8091603053435112,-0.462158203125,0.0126953125,-0.1494140625,5.0949
1.3435114503816794,-0.916030534351145,-2.8396946564885495,-0.46630859375,0.013427734375,-0.14599609375,5.0966
1.5267175572519085,-1.0076335877862594,-2.595419847328244,-0.468505859375,0.011474609375,-0.145751953125,5.0983
1.5419847328244274,-0.8396946564885496,-2.8244274809160306,-0.466064453125,0.01171875,-0.14990234375,5.1
1.3282442748091603,-0.6870229007633588,-2.6717557251908395,-0.468017578125,0.0078125,-0.140380859375,5.1017
1.3740458015267176,-0.6412213740458015,-2.564885496183206,-0.4677734375,0.009521484375,-0.150146484375,5.1034
1.465648854961832,-0.6412213740458015,-2.549618320610687,-0.464599609375,0.011962890625,-0.14794921875,5.105099999999999
1.2671755725190839,-0.5343511450381679,-2.732824427480916,-0.465576171875,0.006103515625,-0.143310546875,5.1068
1.1297709923664123,-0.6259541984732825,-2.7938931297709924,-0.46435546875,0.010009765625,-0.148193359375,5.108499999999999
1.083969465648855,-0.6564885496183206,-2.6259541984732824,-0.462890625,0.011962890625,-0.154541015625,5.1102
1.297709923664122,-0.7480916030534351,-2.4732824427480917,-0.45947265625,0.006591796875,-0.147705078125,5.1118999999999994
1.1145038167938932,-0.8702290076335878,-2.4122137404580153,-0.45703125,0.008544921875,-0.151611328125,5.1136
1.1603053435114503,-1.1297709923664123,-2.351145038167939,-0.45947265625,0.00927734375,-0.15283203125,5.1152999999999995
1.3129770992366412,-1.2671755725190839,-2.5801526717557253,-0.466064453125,0.004638671875,-0.14599609375,5.117
0.9007633587786259,-1.297709923664122,-2.1526717557251906,-0.458251953125,0.0068359375,-0.153076171875,5.1187
1.1450381679389312,-1.1297709923664123,-2.1526717557251906,-0.465087890625,0.009521484375,-0.144287109375,5.1204
1.0076335877862594,-1.099236641221374,-2.0610687022900764,-0.468017578125,0.0068359375,-0.141845703125,5.1221
0.8549618320610687,-0.9465648854961832,-2.2748091603053435,-0.464599609375,0.013427734375,-0.147216796875,5.1238
1.0229007633587786,-0.8549618320610687,-2.1068702290076335,-0.463623046875,0.005126953125,-0.14599609375,5.1255
0.6412213740458015,-0.7480916030534351,-2.1068702290076335,-0.466796875,0.004150390625,-0.152587890625,5.127199999999999
0.6259541984732825,-0.5801526717557252,-2.0916030534351147,-0.4619140625,0.003662109375,-0.1494140625,5.1289
0.8091603053435115,-0.549618320610687,-2.015267175572519,-0.468505859375,0.011474609375,-0.14404296875,5.130599999999999
0.7480916030534351,-0.5343511450381679,-2.0763358778625953,-0.465576171875,0.00927734375,-0.147705078125,5.1323
0.4732824427480916,-0.366412213740458,-1.9541984732824427,-0.46484375,0.009033203125,-0.146240234375,5.1339999999999995
0.6717557251908397,-0.48854961832061067,-1.83206106870229,-0.465087890625,0.00634765625,-0.14453125,5.1357
0.4122137404580153,-0.5038167938931297,-1.984732824427481,-0.464599609375,0.00537109375,-0.14892578125,5.1373999999999995
0.48854961832061067,-0.5190839694656488,-1.8931297709923665,-0.46484375,0.007080078125,-0.1513671875,5.1391
0.44274809160305345,-0.4580152671755725,-2.015267175572519,-0.461669921875,0.009521484375,-0.140380859375,5.1408
0.44274809160305345,-0.3969465648854962,-2.1068702290076335,-0.465576171875,0.00439453125,-0.1455078125,5.1425
0.32061068702290074,-0.32061068702290074,-1.9694656488549618,-0.462158203125,0.01025390625,-0.140380859375,5.1442
0.44274809160305345,-0.10687022900763359,-2.030534351145038,-0.46630859375,0.012451171875,-0.146240234375,5.1459
0.5343511450381679,-0.1984732824427481,-2.198473282442748,-0.462890625,0.003173828125,-0.1455078125,5.1476
0.44274809160305345,-0.24427480916030533,-2.015267175572519,-0.455810546875,0.0068359375,-0.1484375,5.149299999999999
0.3511450381679389,-0.15267175572519084,-2.122137404580153,-0.46826171875,0.007080078125,-0.136962890625,5.151
0.4580152671755725,-0.1984732824427481,-2.122137404580153,-0.46240234375,0.008056640625,-0.1455078125,5.152699999999999
0.5038167938931297,0.10687022900763359,-2.2290076335877864,-0.46728515625,0.006591796875,-0.1298828125,5.1544
0.33587786259541985,0.04580152671755725,-2.1068702290076335,-0.466796875,0.004150390625,-0.146484375,5.1560999999999995
0.32061068702290074,-0.12213740458015267,-2.198473282442748,-0.463623046875,0.008544921875,-0.1484375,5.1578
0.15267175572519084,0.015267175572519083,-2.183206106870229,-0.4599609375,0.00537109375,-0.142578125,5.1594999999999995
0.0916030534351145,0.2595419847328244,-1.9694656488549618,-0.470458984375,0.0068359375,-0.143310546875,5.1612
-0.015267175572519083,0.16793893129770993,-1.9389312977099236,-0.466552734375,0.007080078125,-0.143798828125,5.1629
0.10687022900763359,0.16793893129770993,-2.2595419847328246,-0.46044921875,0.010498046875,-0.143798828125,5.1646
0.16793893129770993,0.183206106870229,-2.0610687022900764,-0.464111328125,0.01171875,-0.135498046875,5.1663
0.04580152671755725,0.22900763358778625,-1.9236641221374047,-0.46533203125,0.00634765625,-0.143798828125,5.168
0.015267175572519083,0.2900763358778626,-1.9236641221374047,-0.465576171875,0.00390625,-0.144775390625,5.1697
-0.1984732824427481,0.4732824427480916,-2.0,-0.465087890625,0.004638671875,-0.145263671875,5.171399999999999
-0.12213740458015267,0.33587786259541985,-1.9236641221374047,-0.46484375,0.007080078125,-0.1455078125,5.1731
0.015267175572519083,0.4732824427480916,-2.045801526717557,-0.468017578125,0.007568359375,-0.142578125,5.174799999999999
-0.183206106870229,0.4732824427480916,-1.984732824427481,-0.467041015625,0.00732421875,-0.145751953125,5.1765
-0.183206106870229,0.6412213740458015,-1.83206106870229,-0.468505859375,0.0078125,-0.14208984375,5.1781999999999995
-0.2595419847328244,0.6564885496183206,-2.015267175572519,-0.465576171875,0.009033203125,-0.142578125,5.1799
-0.16793893129770993,0.7175572519083969,-1.9389312977099236,-0.47412109375,0.004638671875,-0.1416015625,5.1815999999999995
-0.32061068702290074,0.7938931297709924,-1.984732824427481,-0.467041015625,0.003662109375,-0.150146484375,5.1833
-0.44274809160305345,0.8091603053435115,-1.5877862595419847,-0.46533203125,0.009033203125,-0.14404296875,5.185
-0.3816793893129771,0.8549618320610687,-1.8015267175572518,-0.466064453125,0.003662109375,-0.13916015625,5.1867
-0.6106870229007634,0.9923664122137404,-2.015267175572519,-0.466552734375,0.00439453125,-0.142822265625,5.1884
-0.4122137404580153,1.0229007633587786,-1.7709923664122138,-0.46533203125,0.005126953125,-0.151611328125,5.190099999999999
-0.2900763358778626,1.099236641221374,-1.5877862595419847,-0.468017578125,0.00390625,-0.145751953125,5.1918
-0.5954198473282443,1.0687022900763359,-1.8473282442748091,-0.466552734375,0.00244140625,-0.134521484375,5.193499999999999
-0.6106870229007634,0.9312977099236641,-1.5725190839694656,-0.46484375,0.00634765625,-0.142578125,5.1952
-0.5038167938931297,1.1145038167938932,-1.6946564885496183,-0.46142578125,0.00537109375,-0.14697265625,5.196899999999999
-0.7175572519083969,1.2213740458015268,-1.786259541984733,-0.466552734375,0.010009765625,-0.14013671875,5.1986
-0.7633587786259542,1.251908396946565,-1.7099236641221374,-0.46826171875,0.00634765625,-0.140380859375,5.2002999999999995
-0.8244274809160306,1.3282442748091603,-1.7251908396946565,-0.4677734375,0.0078125,-0.147216796875,5.202
-0.7480916030534351,1.4809160305343512,-1.7099236641221374,-0.46923828125,0.013671875,-0.1376953125,5.2036999999999995
-0.7633587786259542,1.5267175572519085,-1.6793893129770991,-0.467041015625,0.01318359375,-0.142822265625,5.2054
-0.8702290076335878,1.4351145038167938,-1.786259541984733,-0.468017578125,0.009765625,-0.14990234375,5.2071
-0.7022900763358778,1.3282442748091603,-1.4809160305343512,-0.4697265625,0.010009765625,-0.142578125,5.2088
-0.6106870229007634,1.5267175572519085,-1.9541984732824427,-0.46728515625,0.010009765625,-0.1435546875,5.2105
-0.6870229007633588,1.5572519083969465,-1.6488549618320612,-0.46875,0.01025390625,-0.1484375,5.212199999999999
-0.6412213740458015,1.6641221374045803,-1.8931297709923665,-0.468505859375,0.0078125,-0.14111328125,5.2139
-0.8854961832061069,1.6946564885496183,-1.7557251908396947,-0.4638671875,0.013671875,-0.14111328125,5.215599999999999
-0.8396946564885496,1.7251908396946565,-1.7251908396946565,-0.463134765625,0.008056640625,-0.14453125,5.2173
-0.8549618320610687,1.786259541984733,-1.816793893129771,-0.464111328125,0.0126953125,-0.137451171875,5.218999999999999
-0.7786259541984732,1.7709923664122138,-1.8473282442748091,-0.46728515625,0.011962890625,-0.141845703125,5.2207
-0.732824427480916,1.786259541984733,-2.0610687022900764,-0.46923828125,0.013916015625,-0.146484375,5.2223999999999995
-1.099236641221374,1.7251908396946565,-2.198473282442748,-0.460693359375,0.006591796875,-0.14306640625,5.2241
-0.9465648854961832,1.7557251908396947,-1.9236641221374047,-0.465087890625,0.007568359375,-0.146728515625,5.2258
-0.6870229007633588,1.7557251908396947,-2.015267175572519,-0.461669921875,0.006103515625,-0.143310546875,5.2275
-0.6870229007633588,1.6641221374045803,-1.8931297709923665,-0.458740234375,0.01025390625,-0.147216796875,5.2292
-0.8702290076335878,1.83206106870229,-2.1068702290076335,-0.462158203125,0.013427734375,-0.14453125,5.2309
-0.7938931297709924,1.6641221374045803,-2.0610687022900764,-0.463623046875,0.01220703125,-0.148681640625,5.2326
-0.9007633587786259,1.7099236641221374,-2.0763358778625953,-0.46337890625,0.01025390625,-0.135986328125,5.234299999999999
-1.0534351145038168,1.7404580152671756,-2.122137404580153,-0.461181640625,0.011474609375,-0.14404296875,5.236
-0.9923664122137404,1.4809160305343512,-2.381679389312977,-0.461669921875,0.011962890625,-0.14306640625,5.237699999999999
-0.8702290076335878,1.5572519083969465,-2.030534351145038,-0.4638671875,0.00927734375,-0.14453125,5.2394
-0.9618320610687023,1.6030534351145038,-2.381679389312977,-0.4638671875,0.01220703125,-0.1396484375,5.241099999999999
-1.0229007633587786,1.7251908396946565,-2.213740458015267,-0.466796875,0.010498046875,-0.14453125,5.2428
-0.8702290076335878,1.5877862595419847,-2.3206106870229006,-0.46533203125,0.011962890625,-0.14404296875,5.2444999999999995
-0.9465648854961832,1.450381679389313,-2.2595419847328246,-0.459228515625,0.009765625,-0.147216796875,5.2462
-0.7938931297709924,1.6641221374045803,-2.1374045801526718,-0.462158203125,0.010986328125,-0.142578125,5.2479
-1.1450381679389312,1.5725190839694656,-1.8931297709923665,-0.4609375,0.01220703125,-0.141845703125,5.2496
-1.1755725190839694,1.5267175572519085,-2.16793893129771,-0.46435546875,0.00927734375,-0.140380859375,5.2513
-1.099236641221374,1.450381679389313,-2.213740458015267,-0.469482421875,0.010986328125,-0.14501953125,5.253
-1.083969465648855,1.3893129770992367,-2.0763358778625953,-0.467041015625,0.01025390625,-0.1474609375,5.2547
-1.0381679389312977,1.450381679389313,-1.9694656488549618,-0.462890625,0.006103515625,-0.1396484375,5.256399999999999
-1.0229007633587786,1.5419847328244274,-2.0,-0.467529296875,0.009521484375,-0.15185546875,5.2581
-1.0381679389312977,1.4809160305343512,-2.0610687022900764,-0.466796875,0.0029296875,-0.143798828125,5.259799999999999
-1.0229007633587786,1.5572519083969465,-2.0,-0.462890625,0.0078125,-0.142822265625,5.2615
-1.251908396946565,1.5419847328244274,-2.0,-0.466796875,0.01318359375,-0.1455078125,5.263199999999999
-1.1450381679389312,1.5725190839694656,-2.1068702290076335,-0.46533203125,0.00830078125,-0.145751953125,5.2649
-1.1297709923664123,1.4961832061068703,-2.030534351145038,-0.466552734375,0.010498046875,-0.14404296875,5.2665999999999995
-1.3893129770992367,1.3129770992366412,-2.0610687022900764,-0.466796875,0.0068359375,-0.134521484375,5.2683
-1.1603053435114503,1.5267175572519085,-2.0,-0.460693359375,0.01513671875,-0.141845703125,5.27
-0.9923664122137404,1.3740458015267176,-2.0,-0.4619140625,0.008056640625,-0.145751953125,5.2717
-1.2213740458015268,1.4045801526717556,-1.816793893129771,-0.46240234375,0.005615234375,-0.14794921875,5.2734
-1.1908396946564885,1.4809160305343512,-1.9083969465648856,-0.46484375,0.01171875,-0.150390625,5.2751
-1.1908396946564885,1.282442748091603,-1.8931297709923665,-0.468994140625,0.010986328125,-0.15087890625,5.2768
-1.2213740458015268,1.282442748091603,-2.045801526717557,-0.466064453125,0.009765625,-0.145751953125,5.278499999999999
-1.1908396946564885,1.3435114503816794,-2.0,-0.460693359375,0.0087890625,-0.14892578125,5.2802
-1.2366412213740459,1.4809160305343512,-1.8931297709923665,-0.4619140625,0.009033203125,-0.149169921875,5.281899999999999
-1.4045801526717556,1.3435114503816794,-2.1526717557251906,-0.46484375,0.009521484375,-0.14453125,5.2836
-1.3129770992366412,1.5267175572519085,-1.9236641221374047,-0.468994140625,0.011962890625,-0.145263671875,5.285299999999999
-1.1603053435114503,1.3282442748091603,-1.9694656488549618,-0.46484375,0.013427734375,-0.140869140625,5.287
-1.3435114503816794,1.5572519083969465,-2.030534351145038,-0.45947265625,0.010009765625,-0.146484375,5.2886999999999995
-1.0534351145038168,1.633587786259542,-1.9541984732824427,-0.466064453125,0.01220703125,-0.14697265625,5.2904
-1.2213740458015268,1.4045801526717556,-2.015267175572519,-0.463134765625,0.009521484375,-0.151123046875,5.2921
-1.1145038167938932,1.5877862595419847,-1.9389312977099236,-0.467041015625,0.010009765625,-0.150634765625,5.2938
-0.9770992366412213,1.5267175572519085,-1.9694656488549618,-0.46630859375,0.011474609375,-0.148681640625,5.2955
-0.8091603053435115,1.4961832061068703,-1.8778625954198473,-0.462890625,0.010498046875,-0.148193359375,5.2972
-1.0381679389312977,1.5877862595419847,-1.9541984732824427,-0.46337890625,0.01220703125,-0.140869140625,5.2989
-0.9618320610687023,1.7709923664122138,-1.8931297709923665,-0.4599609375,0.00927734375,-0.140380859375,5.300599999999999
-0.8396946564885496,1.4809160305343512,-2.0916030534351147,-0.461181640625,0.012939453125,-0.1474609375,5.3023
-0.916030534351145,1.633587786259542,-1.9083969465648856,-0.465087890625,0.010009765625,-0.14306640625,5.303999999999999
-0.916030534351145,1.7099236641221374,-1.984732824427481,-0.464111328125,0.009521484375,-0.14990234375,5.3057
-0.7633587786259542,1.8015267175572518,-1.9694656488549618,-0.468505859375,0.010498046875,-0.14697265625,5.3073999999999995
-0.7938931297709924,1.6641221374045803,-2.0,-0.462890625,0.015380859375,-0.142822265625,5.3091
-0.6106870229007634,1.786259541984733,-2.0610687022900764,-0.46337890625,0.010986328125,-0.145263671875,5.3107999999999995
-0.4122137404580153,1.83206106870229,-2.3206106870229006,-0.466796875,0.011962890625,-0.158203125,5.3125
-0.5190839694656488,1.8778625954198473,-2.2442748091603053,-0.468017578125,0.0107421875,-0.148193359375,5.3142
-0.366412213740458,1.786259541984733,-2.2748091603053435,-0.466064453125,0.014404296875,-0.14892578125,5.3159
-0.33587786259541985,1.83206106870229,-2.2595419847328246,-0.464599609375,0.018310546875,-0.1494140625,5.3176
-0.2595419847328244,2.0,-2.2748091603053435,-0.4638671875,0.009765625,-0.14794921875,5.3193
-0.2748091603053435,1.8778625954198473,-2.351145038167939,-0.467529296875,0.012939453125,-0.142578125,5.321
-0.1984732824427481,2.0763358778625953,-2.3206106870229006,-0.457763671875,0.010986328125,-0.142822265625,5.322699999999999
-0.3053435114503817,2.1068702290076335,-2.4122137404580153,-0.460693359375,0.009521484375,-0.151123046875,5.3244
-0.07633587786259542,2.0,-2.33587786259542,-0.462890625,0.013916015625,-0.1474609375,5.326099999999999
0.1984732824427481,2.1374045801526718,-2.2748091603053435,-0.46337890625,0.014404296875,-0.148193359375,5.3278
0.12213740458015267,2.0763358778625953,-2.351145038167939,-0.462158203125,0.01123046875,-0.1513671875,5.3294999999999995
0.04580152671755725,1.9236641221374047,-2.519083969465649,-0.4638671875,0.015380859375,-0.14453125,5.3312
0.21374045801526717,2.0,-2.3206106870229006,-0.467041015625,0.01025390625,-0.143310546875,5.3328999999999995
0.24427480916030533,2.030534351145038,-2.2748091603053435,-0.46728515625,0.010009765625,-0.141845703125,5.3346
0.12213740458015267,2.1526717557251906,-2.3206106870229006,-0.470458984375,0.013916015625,-0.146240234375,5.3363
0.4580152671755725,2.1526717557251906,-2.4732824427480917,-0.46533203125,0.0107421875,-0.146728515625,5.338
0.549618320610687,2.2595419847328246,-2.50381679389313,-0.46435546875,0.01220703125,-0.14208984375,5.3397
0.4122137404580153,2.183206106870229,-2.351145038167939,-0.4658203125,0.01611328125,-0.153076171875,5.341399999999999
0.4122137404580153,2.2442748091603053,-2.2900763358778624,-0.462158203125,0.01220703125,-0.148681640625,5.3431
0.549618320610687,2.2442748091603053,-2.4885496183206106,-0.4658203125,0.015380859375,-0.1435546875,5.344799999999999
0.7480916030534351,2.1526717557251906,-2.4580152671755724,-0.463134765625,0.01171875,-0.14501953125,5.3465
0.7480916030534351,2.3206106870229006,-2.4732824427480917,-0.462646484375,0.009765625,-0.14013671875,5.348199999999999
0.6259541984732825,2.183206106870229,-2.2748091603053435,-0.46142578125,0.012451171875,-0.14453125,5.3499
0.7480916030534351,2.2900763358778624,-2.2595419847328246,-0.46630859375,0.011474609375,-0.14404296875,5.3515999999999995
0.7175572519083969,2.5343511450381677,-2.2290076335877864,-0.46484375,0.0107421875,-0.1435546875,5.3533
0.9007633587786259,2.33587786259542,-2.3969465648854964,-0.467041015625,0.0087890625,-0.14697265625,5.3549999999999995
0.8396946564885496,2.3053435114503817,-2.351145038167939,-0.46435546875,0.01123046875,-0.147216796875,5.3567
0.9312977099236641,2.564885496183206,-2.427480916030534,-0.459716796875,0.013671875,-0.143798828125,5.3584
1.0229007633587786,2.6412213740458017,-2.2900763358778624,-0.466796875,0.0126953125,-0.141357421875,5.3601
0.9007633587786259,2.6259541984732824,-2.2748091603053435,-0.46533203125,0.01220703125,-0.14697265625,5.3618
1.083969465648855,2.3969465648854964,-2.2595419847328246,-0.468017578125,0.009765625,-0.151123046875,5.363499999999999
0.916030534351145,2.5801526717557253,-2.3969465648854964,-0.46826171875,0.015625,-0.146728515625,5.3652
0.9465648854961832,2.6259541984732824,-2.351145038167939,-0.46728515625,0.012451171875,-0.141357421875,5.366899999999999
1.2671755725190839,2.50381679389313,-2.381679389312977,-0.464599609375,0.005126953125,-0.14111328125,5.3686
1.1908396946564885,2.351145038167939,-2.3206106870229006,-0.467041015625,0.0146484375,-0.145751953125,5.370299999999999
1.1603053435114503,2.2748091603053435,-2.366412213740458,-0.46142578125,0.017333984375,-0.14306640625,5.372
1.5267175572519085,2.427480916030534,-2.3053435114503817,-0.466796875,0.008544921875,-0.1494140625,5.3736999999999995
1.450381679389313,2.198473282442748,-2.3053435114503817,-0.464599609375,0.0107421875,-0.150390625,5.3754
1.4351145038167938,2.2442748091603053,-2.1526717557251906,-0.463623046875,0.01513671875,-0.146728515625,5.3770999999999995
1.3129770992366412,2.183206106870229,-2.4885496183206106,-0.46435546875,0.015625,-0.146240234375,5.3788
1.3740458015267176,2.1374045801526718,-2.2900763358778624,-0.4619140625,0.010498046875,-0.14111328125,5.3805
1.5267175572519085,2.1374045801526718,-2.4732824427480917,-0.467041015625,0.007568359375,-0.154541015625,5.3822
1.5877862595419847,2.2748091603053435,-2.366412213740458,-0.466064453125,0.00927734375,-0.140625,5.3839
1.5572519083969465,2.213740458015267,-2.549618320610687,-0.462646484375,0.010009765625,-0.152099609375,5.385599999999999
1.5419847328244274,2.0916030534351147,-2.5343511450381677,-0.465576171875,0.009521484375,-0.14697265625,5.3873
1.6488549618320612,2.16793893129771,-2.5801526717557253,-0.4638671875,0.010986328125,-0.14697265625,5.388999999999999
1.6946564885496183,2.198473282442748,-2.4885496183206106,-0.46240234375,0.01025390625,-0.152587890625,5.3907
1.6641221374045803,2.366412213740458,-2.717557251908397,-0.460205078125,0.010009765625,-0.152099609375,5.392399999999999
1.7557251908396947,2.2290076335877864,-2.427480916030534,-0.462158203125,0.00927734375,-0.139892578125,5.3941
1.8625954198473282,2.0610687022900764,-2.6564885496183206,-0.460205078125,0.008544921875,-0.146484375,5.3957999999999995
1.786259541984733,2.045801526717557,-2.381679389312977,-0.461181640625,0.0166015625,-0.14306640625,5.3975
1.6030534351145038,1.8931297709923665,-2.717557251908397,-0.46728515625,0.009765625,-0.1474609375,5.3991999999999996
1.9389312977099236,1.816793893129771,-2.7022900763358777,-0.4638671875,0.01123046875,-0.141845703125,5.4009
1.9694656488549618,1.83206106870229,-2.885496183206107,-0.460693359375,0.009521484375,-0.1484375,5.4026
1.984732824427481,1.9236641221374047,-2.6412213740458017,-0.463623046875,0.00927734375,-0.14892578125,5.4043
1.9236641221374047,1.8778625954198473,-2.8091603053435112,-0.46240234375,0.007080078125,-0.143310546875,5.406
2.015267175572519,2.0,-2.7938931297709924,-0.467529296875,0.010986328125,-0.14111328125,5.407699999999999
1.8931297709923665,1.9389312977099236,-3.0076335877862594,-0.463134765625,0.005126953125,-0.143798828125,5.4094
2.16793893129771,2.015267175572519,-2.7938931297709924,-0.460693359375,0.00927734375,-0.146728515625,5.411099999999999
2.1068702290076335,2.0,-2.885496183206107,-0.46240234375,0.00537109375,-0.1484375,5.4128
2.122137404580153,1.786259541984733,-2.9618320610687023,-0.46484375,0.00244140625,-0.1455078125,5.414499999999999
2.0,1.8625954198473282,-2.9160305343511452,-0.457275390625,0.0048828125,-0.149658203125,5.4162
2.045801526717557,1.9083969465648856,-2.9160305343511452,-0.4619140625,0.000244140625,-0.14892578125,5.4178999999999995
2.1374045801526718,1.7251908396946565,-3.1603053435114505,-0.462158203125,0.009033203125,-0.1484375,5.4196
2.183206106870229,1.6946564885496183,-2.9923664122137406,-0.456787109375,0.005859375,-0.145263671875,5.4213
1.984732824427481,1.6793893129770991,-2.9923664122137406,-0.458251953125,0.00146484375,-0.149169921875,5.423
2.030534351145038,1.3740458015267176,-2.9618320610687023,-0.45849609375,0.007568359375,-0.145751953125,5.4247
1.9389312977099236,1.3435114503816794,-3.0076335877862594,-0.456787109375,0.00634765625,-0.14208984375,5.4264
1.9694656488549618,1.4351145038167938,-3.0076335877862594,-0.4560546875,0.0107421875,-0.1455078125,5.4281
2.0763358778625953,1.4045801526717556,-2.931297709923664,-0.464599609375,0.010009765625,-0.15185546875,5.429799999999999
2.0763358778625953,1.3282442748091603,-2.900763358778626,-0.461669921875,0.008056640625,-0.1474609375,5.4315
2.0,1.3893129770992367,-3.114503816793893,-0.458984375,0.010009765625,-0.138671875,5.433199999999999
2.015267175572519,1.282442748091603,-2.931297709923664,-0.466796875,0.0068359375,-0.1435546875,5.4349
2.122137404580153,1.3435114503816794,-2.931297709923664,-0.46435546875,0.003662109375,-0.148193359375,5.436599999999999
2.030534351145038,1.3587786259541985,-2.8091603053435112,-0.468017578125,0.002197265625,-0.155029296875,5.4383
1.8015267175572518,1.3282442748091603,-3.1297709923664123,-0.463134765625,0.0087890625,-0.149169921875,5.4399999999999995
1.786259541984733,1.3129770992366412,-2.900763358778626,-0.465576171875,0.010009765625,-0.142333984375,5.4417
2.0,1.297709923664122,-2.9160305343511452,-0.461181640625,0.00146484375,-0.1455078125,5.4434
1.9389312977099236,1.3282442748091603,-2.8702290076335877,-0.462646484375,0.005126953125,-0.140380859375,5.4451
1.8015267175572518,1.2061068702290076,-2.8091603053435112,-0.454833984375,0.0107421875,-0.145263671875,5.4468
1.7709923664122138,1.1297709923664123,-2.8396946564885495,-0.460693359375,0.009765625,-0.150146484375,5.4485
1.9694656488549618,1.3282442748091603,-2.8702290076335877,-0.46435546875,0.004150390625,-0.151123046875,5.4502
1.9541984732824427,1.1603053435114503,-2.8702290076335877,-0.46484375,0.010986328125,-0.1455078125,5.451899999999999
1.8778625954198473,1.1450381679389312,-2.8702290076335877,-0.4599609375,0.007568359375,-0.150390625,5.4536
1.633587786259542,1.1603053435114503,-2.854961832061069,-0.46630859375,0.000732421875,-0.151123046875,5.455299999999999
1.8625954198473282,1.1450381679389312,-2.7786259541984735,-0.46630859375,0.0068359375,-0.15185546875,5.457
1.8625954198473282,1.2061068702290076,-2.6412213740458017,-0.462158203125,0.006103515625,-0.153564453125,5.458699999999999
1.816793893129771,1.251908396946565,-2.9923664122137406,-0.45751953125,-0.0009765625,-0.151611328125,5.4604
1.8625954198473282,1.2671755725190839,-2.7480916030534353,-0.461181640625,0.001220703125,-0.147216796875,5.4620999999999995
1.7709923664122138,1.2366412213740459,-2.717557251908397,-0.46923828125,0.00341796875,-0.146728515625,5.4638
1.786259541984733,1.3282442748091603,-2.7938931297709924,-0.465576171875,-0.000244140625,-0.1474609375,5.4655
1.5725190839694656,1.1908396946564885,-2.7786259541984735,-0.46240234375,0.00048828125,-0.149658203125,5.4672
1.7404580152671756,1.0687022900763359,-2.687022900763359,-0.462158203125,0.00146484375,-0.15185546875,5.4689
1.5419847328244274,1.099236641221374,-2.6717557251908395,-0.465576171875,0.00341796875,-0.1484375,5.4706
1.5572519083969465,1.2213740458015268,-2.5343511450381677,-0.46533203125,0.005615234375,-0.14794921875,5.4723
1.4809160305343512,1.1755725190839694,-2.6564885496183206,-0.46630859375,0.001708984375,-0.143798828125,5.473999999999999
1.633587786259542,1.1450381679389312,-2.5343511450381677,-0.464111328125,0.004150390625,-0.139892578125,5.4757
1.2671755725190839,0.9465648854961832,-2.6259541984732824,-0.46044921875,0.005615234375,-0.15234375,5.477399999999999
1.3129770992366412,1.0687022900763359,-2.549618320610687,-0.4599609375,0.002197265625,-0.148193359375,5.4791
1.3893129770992367,1.282442748091603,-2.427480916030534,-0.462158203125,0.006103515625,-0.150634765625,5.4807999999999995
1.2366412213740459,1.0534351145038168,-2.5343511450381677,-0.464599609375,0.005859375,-0.150634765625,5.4825
1.3435114503816794,1.1297709923664123,-2.4122137404580153,-0.461669921875,0.006591796875,-0.149169921875,5.4841999999999995
1.4198473282442747,1.282442748091603,-2.2748091603053435,-0.4638671875,0.00244140625,-0.16162109375,5.4859
1.3435114503816794,1.099236641221374,-2.2748091603053435,-0.469482421875,0.010009765625,-0.147216796875,5.4876
1.1450381679389312,1.297709923664122,-2.366412213740458,-0.463623046875,0.006103515625,-0.15185546875,5.4893
1.3282442748091603,1.3129770992366412,-2.381679389312977,-0.4658203125,0.006591796875,-0.151123046875,5.491
1.2366412213740459,1.2671755725190839,-2.2748091603053435,-0.4619140625,0.005615234375,-0.143798828125,5.4927
1.0687022900763359,1.3893129770992367,-2.3053435114503817,-0.463134765625,0.002685546875,-0.148193359375,5.4944
1.3129770992366412,1.4351145038167938,-2.3969465648854964,-0.46337890625,-0.000244140625,-0.15185546875,5.496099999999999
0.9618320610687023,1.2671755725190839,-2.2442748091603053,-0.465576171875,-0.000732421875,-0.1484375,5.4978
1.0076335877862594,1.2671755725190839,-2.122137404580153,-0.462646484375,0.00537109375,-0.15380859375,5.499499999999999
1.0534351145038168,1.450381679389313,-2.3053435114503817,-0.46044921875,0.00341796875,-0.151611328125,5.5012
0.9007633587786259,1.3282442748091603,-2.1526717557251906,-0.464111328125,0.005126953125,-0.14990234375,5.5028999999999995
1.0229007633587786,1.3587786259541985,-2.1526717557251906,-0.46337890625,0.001220703125,-0.14892578125,5.5046
1.0687022900763359,1.4351145038167938,-2.2290076335877864,-0.464599609375,0.002685546875,-0.150634765625,5.5062999999999995
0.9770992366412213,1.4809160305343512,-2.183206106870229,-0.46435546875,0.007080078125,-0.142578125,5.508
0.9312977099236641,1.3893129770992367,-2.3206106870229006,-0.468505859375,-0.002685546875,-0.14013671875,5.5097
0.7938931297709924,1.2671755725190839,-2.16793893129771,-0.466552734375,0.00244140625,-0.146484375,5.5114
0.8091603053435115,1.2213740458015268,-2.351145038167939,-0.467041015625,0.00146484375,-0.1455078125,5.5131
0.7786259541984732,1.4351145038167938,-2.030534351145038,-0.4619140625,0.005615234375,-0.150390625,5.514799999999999
0.6412213740458015,1.2671755725190839,-2.1374045801526718,-0.460205078125,0.00439453125,-0.14794921875,5.5165
0.6870229007633588,1.3587786259541985,-1.9083969465648856,-0.465087890625,0.002197265625,-0.14599609375,5.518199999999999
0.7786259541984732,1.450381679389313,-1.984732824427481,-0.46484375,0.005126953125,-0.1416015625,5.5199
0.7633587786259542,1.3587786259541985,-1.9236641221374047,-0.46142578125,0.003662109375,-0.147216796875,5.521599999999999
0.7480916030534351,1.450381679389313,-2.045801526717557,-0.46630859375,0.010498046875,-0.14404296875,5.5233
0.5648854961832062,1.3282442748091603,-1.9541984732824427,-0.464599609375,0.004638671875,-0.16650390625,5.5249999999999995
0.48854961832061067,1.3129770992366412,-2.0610687022900764,-0.462890625,0.000732421875,-0.152099609375,5.5267
0.6870229007633588,1.4961832061068703,-1.9236641221374047,-0.46484375,0.010009765625,-0.153076171875,5.5283999999999995
0.3053435114503817,1.3282442748091603,-2.1068702290076335,-0.461669921875,0.00830078125,-0.134033203125,5.5301
0.4580152671755725,1.3129770992366412,-1.8778625954198473,-0.4677734375,0.005859375,-0.14990234375,5.5318
0.5801526717557252,1.2671755725190839,-1.816793893129771,-0.465087890625,-0.00048828125,-0.147216796875,5.5335
0.3969465648854962,1.3740458015267176,-1.8778625954198473,-0.457275390625,0.0,-0.146240234375,5.5352
0.4580152671755725,1.4351145038167938,-1.8473282442748091,-0.463623046875,0.004638671875,-0.15673828125,5.536899999999999
0.3511450381679389,1.282442748091603,-1.786259541984733,-0.463623046875,0.003173828125,-0.145751953125,5.5386
0.3053435114503817,1.251908396946565,-1.8015267175572518,-0.469482421875,0.0029296875,-0.14794921875,5.540299999999999
0.1984732824427481,1.282442748091603,-1.7099236641221374,-0.463623046875,0.00439453125,-0.14697265625,5.542
0.15267175572519084,1.3587786259541985,-2.0,-0.46044921875,0.00634765625,-0.150390625,5.543699999999999
0.22900763358778625,1.1908396946564885,-1.7404580152671756,-0.46337890625,0.00341796875,-0.145751953125,5.5454
0.4580152671755725,1.2213740458015268,-1.7709923664122138,-0.46435546875,0.0048828125,-0.145263671875,5.5470999999999995
0.2900763358778626,1.3740458015267176,-1.618320610687023,-0.467529296875,0.0068359375,-0.14599609375,5.5488
-0.04580152671755725,1.2366412213740459,-1.83206106870229,-0.466552734375,0.002685546875,-0.15185546875,5.5504999999999995
0.0,1.3129770992366412,-1.7099236641221374,-0.465576171875,0.00341796875,-0.1494140625,5.5522
0.2900763358778626,1.282442748091603,-1.8473282442748091,-0.460205078125,0.004150390625,-0.15087890625,5.5539
0.13740458015267176,1.282442748091603,-1.5572519083969465,-0.463623046875,0.005126953125,-0.14697265625,5.5556
0.015267175572519083,1.3435114503816794,-1.786259541984733,-0.46435546875,0.0048828125,-0.148681640625,5.5573
0.061068702290076333,1.465648854961832,-1.7099236641221374,-0.46826171875,0.008056640625,-0.14892578125,5.558999999999999
-0.015267175572519083,1.5267175572519085,-1.8625954198473282,-0.469970703125,0.003662109375,-0.1484375,5.5607
-0.16793893129770993,1.5267175572519085,-1.8015267175572518,-0.461669921875,0.00390625,-0.14794921875,5.562399999999999
-0.030534351145038167,1.4961832061068703,-1.9541984732824427,-0.459716796875,0.007568359375,-0.15185546875,5.5641
0.07633587786259542,1.5114503816793894,-1.5877862595419847,-0.46533203125,0.010498046875,-0.1474609375,5.565799999999999
0.030534351145038167,1.2671755725190839,-1.8015267175572518,-0.462890625,0.005615234375,-0.1494140625,5.5675
-0.07633587786259542,1.282442748091603,-1.7099236641221374,-0.463623046875,0.00439453125,-0.14697265625,5.5691999999999995
0.0916030534351145,1.4198473282442747,-1.8473282442748091,-0.46142578125,0.008544921875,-0.143310546875,5.5709
-0.22900763358778625,1.3435114503816794,-1.83206106870229,-0.46630859375,0.00439453125,-0.16064453125,5.5725999999999996
-0.13740458015267176,1.251908396946565,-2.045801526717557,-0.465087890625,0.006591796875,-0.157958984375,5.5743
0.12213740458015267,1.2671755725190839,-1.7404580152671756,-0.46484375,0.007568359375,-0.149658203125,5.576
-0.015267175572519083,0.9770992366412213,-2.0,-0.463623046875,0.008544921875,-0.14794921875,5.5777
0.07633587786259542,1.2366412213740459,-1.8473282442748091,-0.46142578125,0.005859375,-0.148193359375,5.5794
0.061068702290076333,1.2061068702290076,-1.8931297709923665,-0.46728515625,0.00634765625,-0.154296875,5.581099999999999
0.12213740458015267,1.251908396946565,-1.7557251908396947,-0.461181640625,0.010986328125,-0.14013671875,5.5828
-0.061068702290076333,1.3740458015267176,-2.0610687022900764,-0.462158203125,0.009765625,-0.14208984375,5.584499999999999
0.061068702290076333,1.3893129770992367,-1.9389312977099236,-0.46240234375,0.009033203125,-0.15234375,5.5862
-0.061068702290076333,1.4198473282442747,-1.8778625954198473,-0.465087890625,0.009521484375,-0.150146484375,5.587899999999999
0.183206106870229,1.297709923664122,-1.9541984732824427,-0.462890625,0.010498046875,-0.14453125,5.5896
0.183206106870229,1.3587786259541985,-2.045801526717557,-0.464599609375,0.010498046875,-0.14990234375,5.5912999999999995
-0.21374045801526717,1.1755725190839694,-1.7557251908396947,-0.45947265625,0.00830078125,-0.154541015625,5.593
-0.0916030534351145,1.2213740458015268,-1.984732824427481,-0.463134765625,0.010009765625,-0.152587890625,5.5947
0.0916030534351145,1.2671755725190839,-1.8473282442748091,-0.462890625,0.0087890625,-0.15966796875,5.5964
-0.015267175572519083,1.083969465648855,-1.9541984732824427,-0.457275390625,0.01025390625,-0.155029296875,5.5981
-0.030534351145038167,1.083969465648855,-1.8473282442748091,-0.467529296875,0.008056640625,-0.14990234375,5.5998
0.04580152671755725,1.1603053435114503,-1.9236641221374047,-0.465576171875,0.00830078125,-0.153076171875,5.6015
-0.015267175572519083,1.0381679389312977,-1.8931297709923665,-0.465576171875,0.01416015625,-0.14306640625,5.603199999999999
0.13740458015267176,1.0534351145038168,-1.9694656488549618,-0.458984375,0.009033203125,-0.154052734375,5.6049
0.13740458015267176,1.099236641221374,-2.030534351145038,-0.466552734375,0.009765625,-0.150390625,5.606599999999999
-0.015267175572519083,1.1908396946564885,-2.030534351145038,-0.4677734375,0.008544921875,-0.147705078125,5.6083
0.24427480916030533,1.2061068702290076,-1.8625954198473282,-0.46240234375,0.01123046875,-0.149169921875,5.609999999999999
0.12213740458015267,1.2213740458015268,-2.015267175572519,-0.468017578125,0.008056640625,-0.14892578125,5.6117
0.22900763358778625,1.2671755725190839,-1.9389312977099236,-0.466796875,0.010009765625,-0.146484375,5.6133999999999995
0.2595419847328244,1.1603053435114503,-2.0610687022900764,-0.468017578125,0.010009765625,-0.154296875,5.6151
0.13740458015267176,1.0687022900763359,-1.9694656488549618,-0.4638671875,0.00927734375,-0.15185546875,5.6168
0.183206106870229,1.0076335877862594,-1.9541984732824427,-0.460205078125,0.00927734375,-0.1494140625,5.6185
0.12213740458015267,1.083969465648855,-1.9541984732824427,-0.46337890625,0.00830078125,-0.148193359375,5.6202
0.44274809160305345,1.0534351145038168,-2.122137404580153,-0.46142578125,0.009521484375,-0.150146484375,5.6219
0.21374045801526717,1.083969465648855,-1.83206106870229,-0.460693359375,0.011474609375,-0.14404296875,5.6236
0.22900763358778625,0.9007633587786259,-1.9694656488549618,-0.463134765625,0.0166015625,-0.149169921875,5.625299999999999
0.4732824427480916,1.0229007633587786,-1.9236641221374047,-0.464599609375,0.0078125,-0.14892578125,5.627
0.183206106870229,1.0381679389312977,-2.0,-0.46484375,0.005126953125,-0.15185546875,5.628699999999999
0.42748091603053434,0.9923664122137404,-1.9083969465648856,-0.465087890625,0.009521484375,-0.145751953125,5.6304
0.5343511450381679,0.9007633587786259,-2.030534351145038,-0.463134765625,0.005126953125,-0.144287109375,5.632099999999999
0.3816793893129771,1.0076335877862594,-2.0763358778625953,-0.465087890625,0.01123046875,-0.14697265625,5.6338
0.6106870229007634,0.8702290076335878,-2.183206106870229,-0.463134765625,0.010498046875,-0.148681640625,5.6354999999999995
0.5648854961832062,1.0687022900763359,-2.0,-0.46630859375,0.00732421875,-0.1474609375,5.6372
0.5801526717557252,0.9618320610687023,-2.045801526717557,-0.466064453125,0.013916015625,-0.149658203125,5.6389
0.48854961832061067,0.9770992366412213,-2.0763358778625953,-0.4580078125,0.010498046875,-0.1484375,5.6406
0.732824427480916,1.0076335877862594,-2.1068702290076335,-0.461669921875,0.014404296875,-0.156005859375,5.6423
0.732824427480916,1.083969465648855,-2.015267175572519,-0.4609375,0.0087890625,-0.151611328125,5.644
0.8396946564885496,1.0229007633587786,-2.122137404580153,-0.461181640625,0.00927734375,-0.14404296875,5.6457
0.8244274809160306,1.0534351145038168,-2.045801526717557,-0.46533203125,0.010498046875,-0.148193359375,5.647399999999999
0.9618320610687023,1.0534351145038168,-2.1374045801526718,-0.4677734375,0.014404296875,-0.14599609375,5.6491
1.0381679389312977,1.0229007633587786,-2.0763358778625953,-0.46044921875,0.011962890625,-0.148193359375,5.650799999999999
1.0229007633587786,1.0229007633587786,-1.984732824427481,-0.46435546875,0.0107421875,-0.146240234375,5.6525
1.1450381679389312,0.9618320610687023,-2.0,-0.464111328125,0.008544921875,-0.145263671875,5.6541999999999994
1.1145038167938932,0.9923664122137404,-2.2748091603053435,-0.4658203125,0.01025390625,-0.14892578125,5.6559
1.1755725190839694,0.9007633587786259,-2.16793893129771,-0.462158203125,0.00732421875,-0.139892578125,5.6575999999999995
1.3587786259541985,1.2671755725190839,-2.2290076335877864,-0.465576171875,0.008056640625,-0.1494140625,5.6593
1.465648854961832,1.1450381679389312,-2.1374045801526718,-0.460205078125,0.0107421875,-0.149169921875,5.661
1.282442748091603,1.1603053435114503,-2.4122137404580153,-0.46533203125,0.0078125,-0.154296875,5.6627
1.5267175572519085,0.9465648854961832,-2.2748091603053435,-0.462646484375,0.010498046875,-0.144287109375,5.6644
1.3282442748091603,1.1145038167938932,-2.1526717557251906,-0.463623046875,0.009765625,-0.156005859375,5.666099999999999
1.5725190839694656,1.0687022900763359,-2.2290076335877864,-0.462646484375,0.00927734375,-0.143310546875,5.6678
1.5114503816793894,0.9923664122137404,-2.366412213740458,-0.46240234375,0.010009765625,-0.150146484375,5.669499999999999
1.618320610687023,1.1603053435114503,-2.1068702290076335,-0.462646484375,0.00830078125,-0.153076171875,5.6712
1.5725190839694656,1.1145038167938932,-2.2595419847328246,-0.463623046875,0.01318359375,-0.14794921875,5.672899999999999
1.5419847328244274,1.1603053435114503,-2.198473282442748,-0.46875,0.015625,-0.1494140625,5.6746
1.7404580152671756,1.0534351145038168,-2.015267175572519,-0.4677734375,0.0078125,-0.147216796875,5.6762999999999995
1.6030534351145038,1.282442748091603,-2.183206106870229,-0.46337890625,0.01123046875,-0.1435546875,5.678
1.6488549618320612,1.251908396946565,-2.1068702290076335,-0.466552734375,0.01513671875,-0.145751953125,5.6796999999999995
1.8015267175572518,1.0534351145038168,-2.4732824427480917,-0.464111328125,0.013671875,-0.15380859375,5.6814
1.816793893129771,1.0381679389312977,-2.3969465648854964,-0.46728515625,0.003662109375,-0.151123046875,5.6831
1.8625954198473282,1.1145038167938932,-2.33587786259542,-0.46630859375,0.015380859375,-0.145263671875,5.6848
1.7557251908396947,1.3893129770992367,-2.16793893129771,-0.4609375,0.012939453125,-0.14453125,5.6865
1.9541984732824427,1.1755725190839694,-2.2900763358778624,-0.468505859375,0.008056640625,-0.150390625,5.688199999999999
2.030534351145038,1.083969465648855,-2.351145038167939,-0.46728515625,0.008056640625,-0.148193359375,5.6899
2.0610687022900764,1.2671755725190839,-2.2748091603053435,-0.466796875,0.007568359375,-0.145263671875,5.691599999999999
2.0610687022900764,1.3282442748091603,-2.213740458015267,-0.458984375,0.00732421875,-0.141357421875,5.6933
1.984732824427481,1.2366412213740459,-2.3206106870229006,-0.46435546875,0.007080078125,-0.14501953125,5.694999999999999
1.984732824427481,1.4351145038167938,-2.351145038167939,-0.463623046875,0.01171875,-0.1435546875,5.6967
1.9694656488549618,1.251908396946565,-2.3053435114503817,-0.466064453125,0.0087890625,-0.152099609375,5.6983999999999995
2.0,1.2061068702290076,-2.4122137404580153,-0.464111328125,0.009033203125,-0.147216796875,5.7001
1.984732824427481,1.2366412213740459,-2.5343511450381677,-0.458984375,0.010498046875,-0.14208984375,5.7017999999999995
2.122137404580153,1.2366412213740459,-2.2595419847328246,-0.4638671875,0.009033203125,-0.14306640625,5.7035
2.1526717557251906,1.3129770992366412,-2.4885496183206106,-0.46826171875,0.0068359375,-0.1435546875,5.7052
1.786259541984733,1.2671755725190839,-2.4580152671755724,-0.464599609375,0.008056640625,-0.149169921875,5.7069
1.9694656488549618,1.3587786259541985,-2.351145038167939,-0.46533203125,0.0078125,-0.147705078125,5.7086
2.198473282442748,1.3893129770992367,-2.198473282442748,-0.4697265625,0.00830078125,-0.14794921875,5.710299999999999
2.2748091603053435,1.3740458015267176,-2.4427480916030535,-0.464111328125,0.001220703125,-0.14794921875,5.712
2.0,1.3435114503816794,-2.3053435114503817,-0.468505859375,0.007080078125,-0.154052734375,5.713699999999999
1.984732824427481,1.1603053435114503,-2.3053435114503817,-0.466796875,0.009033203125,-0.14697265625,5.7154
2.0763358778625953,1.3587786259541985,-2.2900763358778624,-0.46435546875,0.002197265625,-0.14306640625,5.717099999999999
2.015267175572519,1.3740458015267176,-2.33587786259542,-0.464599609375,0.003173828125,-0.150634765625,5.7188
1.8931297709923665,1.5572519083969465,-2.351145038167939,-0.46435546875,0.003173828125,-0.14453125,5.7204999999999995
2.015267175572519,1.5114503816793894,-2.4122137404580153,-0.466064453125,0.011474609375,-0.153564453125,5.7222
2.1526717557251906,1.465648854961832,-2.2442748091603053,-0.463134765625,0.005859375,-0.14697265625,5.7238999999999995
1.9236641221374047,1.4198473282442747,-2.33587786259542,-0.466064453125,0.00244140625,-0.142578125,5.7256
1.8778625954198473,1.450381679389313,-2.3969465648854964,-0.46875,0.00390625,-0.139892578125,5.7273
1.8625954198473282,1.5267175572519085,-2.2442748091603053,-0.463134765625,0.002685546875,-0.151611328125,5.729
1.7099236641221374,1.3893129770992367,-2.2900763358778624,-0.46630859375,0.001708984375,-0.149169921875,5.7307
1.7709923664122138,1.4198473282442747,-2.33587786259542,-0.46435546875,0.0029296875,-0.14404296875,5.732399999999999
1.633587786259542,1.5419847328244274,-2.2900763358778624,-0.46533203125,0.00830078125,-0.145263671875,5.7341
1.6030534351145038,1.5114503816793894,-2.122137404580153,-0.463134765625,0.009033203125,-0.146240234375,5.735799999999999
1.8473282442748091,1.4198473282442747,-1.83206106870229,-0.463134765625,0.00927734375,-0.1533203125,5.7375
1.5572519083969465,1.633587786259542,-2.366412213740458,-0.462890625,0.011474609375,-0.154052734375,5.739199999999999
1.6030534351145038,1.6793893129770991,-2.183206106870229,-0.466552734375,0.010986328125,-0.150390625,5.7409
1.7099236641221374,1.633587786259542,-2.183206106870229,-0.4609375,0.00390625,-0.149658203125,5.7425999999999995
1.7404580152671756,1.4351145038167938,-2.16793893129771,-0.46630859375,0.004150390625,-0.151123046875,5.7443
1.7251908396946565,1.450381679389313,-2.213740458015267,-0.46533203125,-0.002685546875,-0.1474609375,5.7459999999999996
1.7709923664122138,1.5877862595419847,-2.030534351145038,-0.46435546875,0.00732421875,-0.1435546875,5.7477
1.465648854961832,1.4198473282442747,-2.1068702290076335,-0.46337890625,0.00341796875,-0.14208984375,5.7494
1.465648854961832,1.4198473282442747,-2.122137404580153,-0.460205078125,0.004150390625,-0.13720703125,5.7511
1.6488549618320612,1.5267175572519085,-2.2748091603053435,-0.45947265625,0.0048828125,-0.1494140625,5.7528
1.6488549618320612,1.3893129770992367,-1.9541984732824427,-0.464599609375,0.00341796875,-0.147216796875,5.754499999999999
1.450381679389313,1.4351145038167938,-2.0916030534351147,-0.461181640625,0.00634765625,-0.147216796875,5.7562
1.3740458015267176,1.450381679389313,-2.2900763358778624,-0.462158203125,0.0068359375,-0.142333984375,5.757899999999999
1.3893129770992367,1.4809160305343512,-2.3206106870229006,-0.46484375,0.009033203125,-0.142822265625,5.7596
1.465648854961832,1.3282442748091603,-2.1374045801526718,-0.466796875,0.00537109375,-0.15087890625,5.761299999999999
1.450381679389313,1.3740458015267176,-2.2442748091603053,-0.463623046875,0.005126953125,-0.145751953125,5.763
1.4961832061068703,1.3893129770992367,-2.16793893129771,-0.46044921875,0.003662109375,-0.150390625,5.7646999999999995
1.3587786259541985,1.297709923664122,-2.2442748091603053,-0.4609375,0.004150390625,-0.14892578125,5.7664
1.3282442748091603,1.2671755725190839,-2.0763358778625953,-0.46240234375,0.00634765625,-0.15625,5.7681
1.3740458015267176,1.251908396946565,-2.2442748091603053,-0.458984375,0.00146484375,-0.15283203125,5.7698
1.2671755725190839,1.2671755725190839,-2.1068702290076335,-0.460205078125,0.006103515625,-0.149658203125,5.7715
1.282442748091603,1.282442748091603,-2.3053435114503817,-0.46533203125,0.0068359375,-0.1474609375,5.7732
1.1755725190839694,1.2213740458015268,-2.1374045801526718,-0.466796875,0.0078125,-0.14453125,5.7749
1.4045801526717556,1.282442748091603,-2.16793893129771,-0.465576171875,0.005859375,-0.149169921875,5.776599999999999
1.1755725190839694,1.2671755725190839,-2.0610687022900764,-0.464599609375,0.006103515625,-0.14599609375,5.7783
1.0229007633587786,1.2366412213740459,-2.2748091603053435,-0.46337890625,0.009033203125,-0.148681640625,5.779999999999999
1.0534351145038168,1.2366412213740459,-2.1068702290076335,-0.46630859375,0.006103515625,-0.1484375,5.7817
1.2061068702290076,1.2213740458015268,-2.2290076335877864,-0.46240234375,0.000732421875,-0.1455078125,5.783399999999999
1.2671755725190839,1.2061068702290076,-2.0763358778625953,-0.46533203125,0.0029296875,-0.140625,5.7851
1.1603053435114503,1.0687022900763359,-2.198473282442748,-0.4619140625,0.00634765625,-0.153076171875,5.7867999999999995
1.3282442748091603,1.0229007633587786,-2.045801526717557,-0.46240234375,0.006103515625,-0.153564453125,5.7885
1.2366412213740459,1.1450381679389312,-2.183206106870229,-0.470458984375,0.007080078125,-0.143798828125,5.7902
1.1908396946564885,1.083969465648855,-2.0916030534351147,-0.462158203125,0.010498046875,-0.146728515625,5.7919
1.1603053435114503,1.083969465648855,-2.122137404580153,-0.460693359375,0.004638671875,-0.145263671875,5.7936
1.0381679389312977,1.1297709923664123,-2.2290076335877864,-0.46533203125,0.005126953125,-0.142822265625,5.7953
1.099236641221374,1.0381679389312977,-2.2748091603053435,-0.46533203125,0.0087890625,-0.152587890625,5.797
1.0687022900763359,0.9618320610687023,-2.030534351145038,-0.458740234375,0.003662109375,-0.150634765625,5.798699999999999
1.099236641221374,0.8702290076335878,-2.2748091603053435,-0.461181640625,0.00732421875,-0.14453125,5.8004
0.9312977099236641,1.0687022900763359,-2.16793893129771,-0.462158203125,0.00732421875,-0.144287109375,5.802099999999999
1.0076335877862594,1.083969465648855,-2.1526717557251906,-0.466796875,0.00537109375,-0.1416015625,5.8038
0.6564885496183206,0.9007633587786259,-2.2595419847328246,-0.463134765625,0.0078125,-0.156494140625,5.805499999999999
0.8549618320610687,1.0229007633587786,-2.213740458015267,-0.4609375,0.006103515625,-0.14453125,5.8072
0.8854961832061069,1.0076335877862594,-2.2595419847328246,-0.459228515625,0.0087890625,-0.153564453125,5.8088999999999995
0.8854961832061069,0.8549618320610687,-2.015267175572519,-0.4619140625,0.0009765625,-0.14306640625,5.8106
0.732824427480916,0.9007633587786259,-2.213740458015267,-0.45703125,0.005615234375,-0.149658203125,5.8123
0.7938931297709924,0.9312977099236641,-2.198473282442748,-0.459716796875,0.005615234375,-0.1552734375,5.814
0.6564885496183206,0.7480916030534351,-2.0916030534351147,-0.461669921875,0.00830078125,-0.144287109375,5.8157
0.8244274809160306,0.6564885496183206,-2.2442748091603053,-0.45947265625,0.0087890625,-0.149169921875,5.817399999999999
0.8702290076335878,0.7938931297709924,-2.2442748091603053,-0.462890625,0.004150390625,-0.156494140625,5.8191
0.9465648854961832,0.9007633587786259,-2.0763358778625953,-0.462158203125,0.005859375,-0.153076171875,5.820799999999999
0.7022900763358778,0.7633587786259542,-2.030534351145038,-0.4638671875,0.00732421875,-0.1484375,5.8225
0.44274809160305345,0.7633587786259542,-2.0916030534351147,-0.46435546875,0.0068359375,-0.14404296875,5.824199999999999
0.48854961832061067,0.7633587786259542,-2.16793893129771,-0.467041015625,0.005615234375,-0.150146484375,5.8259
0.7480916030534351,0.8091603053435115,-2.045801526717557,-0.46875,0.0078125,-0.150390625,5.8275999999999994
0.7022900763358778,0.8549618320610687,-1.8931297709923665,-0.467529296875,0.005615234375,-0.140380859375,5.8293
0.6870229007633588,0.8549618320610687,-2.1374045801526718,-0.46484375,0.009765625,-0.151123046875,5.8309999999999995
0.732824427480916,0.7633587786259542,-1.9694656488549618,-0.465576171875,0.00537109375,-0.150146484375,5.8327
0.3969465648854962,0.732824427480916,-2.015267175572519,-0.46240234375,0.00390625,-0.14794921875,5.8344
0.6412213740458015,0.732824427480916,-1.8015267175572518,-0.46484375,0.004638671875,-0.1484375,5.8361
0.5801526717557252,1.1145038167938932,-1.9541984732824427,-0.463134765625,0.009033203125,-0.156494140625,5.8378
0.42748091603053434,0.6870229007633588,-1.8778625954198473,-0.464599609375,0.00048828125,-0.149658203125,5.839499999999999
0.5648854961832062,0.8549618320610687,-1.8931297709923665,-0.465576171875,0.007568359375,-0.1484375,5.8412
0.366412213740458,0.916030534351145,-1.7251908396946565,-0.463623046875,0.010986328125,-0.1494140625,5.842899999999999
